Month	n_days	Rg_f	Ta_f	Tmax	Tmin	VPD_f	Ts_f	Precip	SWC	LAI	ET	Litterfall
1	1	2.14637	-1.11292	1.38	-4.33	1.71847	1.17021	0.14	45.0387	-9999	-9999	-9999
1	2	2.04138	3.09479	4.92	0.34	0.871671	1.23271	0.58	45.5867	-9999	-9999	-9999
1	3	1.22731	3.72792	4.88	1.98	0.958552	1.21729	1.56	46.6748	-9999	-9999	-9999
1	4	2.1078	3.4	5.64	1.04	1.38086	1.23646	0	46.5729	-9999	-9999	-9999
1	5	0.510948	5.13521	8.31	3.36	1.11104	1.77542	6.58	47.2119	-9999	-9999	-9999
1	6	0.976518	6.27354	8.91	4.26	1.42367	3.56021	3.44	46.514	-9999	-9999	-9999
1	7	1.91216	3.67667	4.84	2.65	0.942688	3.14667	0	45.6419	-9999	-9999	-9999
1	8	3.30496	1.49604	2.95	-1.06	0.76412	2.525	0	45.2767	-9999	-9999	-9999
1	9	0.667818	0.187292	1.53	-1.4	0.338449	1.70708	0	45.0752	-9999	-9999	-9999
1	10	1.94362	-0.697917	0.01	-1.55	0.533118	1.33896	4.01	44.9775	-9999	-9999	-9999
1	11	0.819828	-1.83938	-1.08	-3.8	0.125697	1.4075	1.71	44.9969	-9999	-9999	-9999
1	12	1.77824	-3.19292	-1.33	-4.23	0.189665	1.28896	0	45.0377	-9999	-9999	-9999
1	13	2.13119	-5.26937	-4.09	-6.5	0.25604	1.10396	0	44.9025	-9999	-9999	-9999
1	14	1.40319	-6.73521	-5.03	-7.82	0.213608	0.698542	0	44.6633	-9999	-9999	-9999
1	15	1.8841	-5.10521	-3.37	-6.58	0.226181	0.578542	0	44.4315	-9999	-9999	-9999
1	16	2.0838	-7.18146	-4.27	-8.74	0.322692	0.352292	0	44.1015	-9999	-9999	-9999
1	17	2.60453	-5.98937	-2.18	-9.49	0.575561	0.1825	0	43.6679	-9999	-9999	-9999
1	18	2.08359	-3.12708	-2.03	-4.89	1.05757	0.125	0	43.3192	-9999	-9999	-9999
1	19	3.10128	-3.26417	-0.29	-6.11	0.897405	0.0472917	0	43.0542	-9999	-9999	-9999
1	20	3.56261	-1.46438	-0.44	-2.84	0.907564	0.0739583	0	42.8406	-9999	-9999	-9999
1	21	1.01266	-2.18	-0.7	-3.93	0.446381	0.128125	0.14	42.9783	-9999	-9999	-9999
1	22	1.15571	-0.229167	2.87	-3.29	0.311245	0.163125	11.3	43.08	-9999	-9999	-9999
1	23	1.44693	2.87646	4.79	1.46	0.675964	0.224375	1.85	43.7556	-9999	-9999	-9999
1	24	1.50811	5.89604	7.32	4.8	1.03804	0.324167	1.56	47.0567	-9999	-9999	-9999
1	25	6.41837	4.29542	8.27	1.93	1.31015	0.708333	0	46.6867	-9999	-9999	-9999
1	26	3.21327	2.96646	4.21	1.92	1.18256	1.36208	0	46.1969	-9999	-9999	-9999
1	27	0.920664	0.596875	2.27	-0.94	0.591711	0.812083	0	45.8183	-9999	-9999	-9999
1	28	5.10826	0.961875	2.74	-0.35	1.24289	0.814375	0	45.9662	-9999	-9999	-9999
1	29	1.64963	0.451667	1.23	-0.34	0.873685	0.8775	0	45.7825	-9999	-9999	-9999
1	30	5.01336	-0.48625	1.27	-2.42	0.535142	0.78	0	45.6854	-9999	-9999	-9999
1	31	1.71981	-1.07687	-0.51	-2.25	0.279777	0.821458	0	45.4794	-9999	-9999	-9999
2	1	2.77209	-2.42188	-1.38	-3.38	0.361752	0.724167	0.57	45.3606	-9999	-9999	-9999
2	2	4.00205	-4.3625	-3.14	-6.2	0.408816	0.595417	3.85	45.1717	-9999	-9999	-9999
2	3	1.71007	-5.15292	-3.73	-5.83	0.211797	0.651875	9.01	45.0492	-9999	-9999	-9999
2	4	1.19038	0.335833	4.49	-5.35	0.120062	0.696042	12.85	45.4992	-9999	-9999	-9999
2	5	2.43137	5.80333	7.19	4.62	1.25855	0.624167	1.99	47.181	-9999	-9999	-9999
2	6	4.45777	8.94167	11.78	6.88	2.32819	2.26083	4.29	46.8785	-9999	-9999	-9999
2	7	3.01446	9.61583	11.17	7.65	3.09876	4.22833	3.99	46.5602	-9999	-9999	-9999
2	8	5.7064	10.2342	11.95	8.02	5.75104	4.33979	0	45.9706	-9999	-9999	-9999
2	9	1.01232	2.94979	7.82	-0.16	1.3304	3.505	0.14	45.6556	-9999	-9999	-9999
2	10	8.31488	0.795	4.1	-1.4	1.66757	1.60104	0	45.4696	-9999	-9999	-9999
2	11	4.80917	4.67708	7.47	1.53	2.73342	1.86667	0	45.3196	-9999	-9999	-9999
2	12	4.48198	6.81958	8.71	4.83	1.90855	3.42833	2.42	45.204	-9999	-9999	-9999
2	13	7.18612	3.67313	6.76	1.19	0.88799	3.63958	2.01	46.6383	-9999	-9999	-9999
2	14	8.96767	2.89271	5.26	0.99	1.66078	2.69146	0	45.9373	-9999	-9999	-9999
2	15	9.84082	6.51979	10.32	2.43	4.31027	2.21896	0	45.6498	-9999	-9999	-9999
2	16	9.74615	8.12042	11.38	3.54	4.87898	2.48937	0	45.4556	-9999	-9999	-9999
2	17	1.18933	0.489583	3.06	-0.85	0.468913	2.19375	1.99	45.9131	-9999	-9999	-9999
2	18	2.70824	-0.053125	2.56	-2.74	0.516733	1.48042	0	46.3515	-9999	-9999	-9999
2	19	5.71442	1.80187	3.47	-0.01	1.0566	1.78521	0.28	45.9398	-9999	-9999	-9999
2	20	2.29397	1.59042	2.16	0.55	0.827282	1.86458	0.42	46.0527	-9999	-9999	-9999
2	21	0.633312	1.98937	3.08	0.25	0.853942	1.91187	2.3	46.4556	-9999	-9999	-9999
2	22	2.93917	0.955833	2.37	-0.84	0.981057	1.76875	4.55	46.6306	-9999	-9999	-9999
2	23	6.97835	-2.37708	-0.72	-4.42	0.519717	1.34625	4	46.6327	-9999	-9999	-9999
2	24	5.77003	-6.28333	-4.79	-7.42	0.748794	0.809167	0	46.2687	-9999	-9999	-9999
2	25	7.53993	-5.0975	-1.73	-8.25	1.03873	0.396042	0	45.7623	-9999	-9999	-9999
2	26	4.03115	-3.30771	-1.28	-4.96	0.487298	0.304375	1.98	45.3902	-9999	-9999	-9999
2	27	11.8776	-2.32125	1.28	-5.47	1.53716	0.2925	0.14	45.2552	-9999	-9999	-9999
2	28	9.6678	-0.0804167	2.83	-2.78	2.52981	0.250208	0	45.0612	-9999	-9999	-9999
3	1	7.23602	-0.535625	1.39	-1.79	1.37692	0.29375	0.71	44.9967	-9999	-9999	-9999
3	2	6.19708	-0.496458	1.48	-2.85	0.783358	0.400833	0.14	45.0902	-9999	-9999	-9999
3	3	6.28798	-1.69729	1.1	-3.52	0.591086	0.390833	0	45.1802	-9999	-9999	-9999
3	4	1.64309	-1.28	-0.25	-2.11	0.109439	0.529583	11.56	45.2077	-9999	-9999	-9999
3	5	3.6016	-1.84812	-1.07	-2.54	0.136101	0.579583	2.71	45.3744	-9999	-9999	-9999
3	6	10.907	-2.00646	0.9	-4.09	0.546062	0.586458	0	45.6171	-9999	-9999	-9999
3	7	6.78058	0.86125	4.87	-3.46	1.29718	0.575208	2.3	45.7469	-9999	-9999	-9999
3	8	7.74652	4.96333	8.98	2	0.918019	0.558542	0.28	47.2506	-9999	-9999	-9999
3	9	3.95465	7.50292	9.11	6.33	1.64704	1.21521	0	47.68	-9999	-9999	-9999
3	10	3.74492	7.52667	9.01	6.69	1.37641	3.43958	0.43	46.4404	-9999	-9999	-9999
3	11	5.42729	8.74167	10.69	7.12	1.42297	4.82917	4.71	46.7073	-9999	-9999	-9999
3	12	2.94178	8.67729	10.88	5.73	0.851101	5.82833	13.85	47.1948	-9999	-9999	-9999
3	13	7.16211	4.26917	5.97	2.76	1.36029	4.66396	1.72	46.7971	-9999	-9999	-9999
3	14	7.98023	2.95021	5.53	0.57	1.85194	3.48021	2.15	46.8265	-9999	-9999	-9999
3	15	5.69666	3.07708	6.24	1.12	1.20055	3.02896	1.99	46.6767	-9999	-9999	-9999
3	16	3.5962	5.35208	8.16	3.47	0.915971	3.82563	0.14	46.3967	-9999	-9999	-9999
3	17	1.56731	1.24604	3.34	0.7	0.132135	3.27208	12.41	47.2925	-9999	-9999	-9999
3	18	4.48918	4.48708	7.4	0.86	0.823431	3.50104	6.86	47.3671	-9999	-9999	-9999
3	19	3.86627	1.15229	6.79	-2.64	1.01919	3.25521	2.41	47.1723	-9999	-9999	-9999
3	20	14.7752	-1.84125	0.62	-4.3	2.07121	1.50333	0	46.8756	-9999	-9999	-9999
3	21	2.37226	-2.71667	-1.25	-3.95	0.411523	0.92875	12.86	46.5565	-9999	-9999	-9999
3	22	7.09447	2.75208	6.58	-1.27	0.416288	1.02125	7	47.5635	-9999	-9999	-9999
3	23	1.81631	3.84604	8.76	1.53	0.329092	1.23563	10.57	48.3469	-9999	-9999	-9999
3	24	8.54719	7.53625	11.66	1.87	1.60753	3.94188	2.86	47.26	-9999	-9999	-9999
3	25	1.51331	-0.917083	1.83	-2.88	0.0766731	2.47187	19.59	48.2062	-9999	-9999	-9999
3	26	2.43823	-3.41271	-2.82	-3.82	0.161749	1.43813	2.43	47.5558	-9999	-9999	-9999
3	27	4.72138	-4.19771	-2.92	-6.21	0.174821	1.19417	0	47.14	-9999	-9999	-9999
3	28	6.24199	-0.600625	5.02	-4.56	0.401128	1.02125	0.14	47.0477	-9999	-9999	-9999
3	29	9.43087	6.94688	10.19	3.99	2.69969	2.03729	0.14	48.1408	-9999	-9999	-9999
3	30	8.14783	6.19625	8.83	4.03	1.81573	3.62708	3.43	47.4473	-9999	-9999	-9999
3	31	15.798	7.05979	11.12	2.77	3.52783	3.91479	0	47.3381	-9999	-9999	-9999
4	1	16.3828	10.8444	14.49	7.01	5.62222	5.26687	0	46.725	-9999	-9999	-9999
4	2	19.1814	13.97	17.54	10.76	8.90114	6.28167	0	46.351	-9999	-9999	-9999
4	3	7.24835	10.7898	12.81	8.96	4.2361	6.2775	2.86	46.8252	-9999	-9999	-9999
4	4	10.7466	8.74146	14.31	3.58	3.16474	6.19875	3.99	47.2713	-9999	-9999	-9999
4	5	13.4899	5.19667	8.25	2.1	2.84531	5.17875	0.71	47.1956	-9999	-9999	-9999
4	6	5.57428	7.01979	9.64	4.17	1.78901	5.34542	3.14	47.235	-9999	-9999	-9999
4	7	11.5464	8.19312	9.88	6.96	3.15592	6.25667	1.28	47.3952	-9999	-9999	-9999
4	8	14.547	7.62208	11.39	4.11	3.89469	5.88312	0.42	46.8529	-9999	-9999	-9999
4	9	16.4838	5.62563	8.52	1.9	3.11355	5.59958	0	46.5044	-9999	-9999	-9999
4	10	7.17923	6.58896	8.96	5.18	1.26993	5.97083	5.15	47.2658	-9999	-9999	-9999
4	11	5.57392	6.54771	9.41	4.03	1.41596	6.1125	0	47.0269	-9999	-9999	-9999
4	12	19.8567	2.1675	6.07	-1.81	1.85201	5.16333	2.29	46.6958	-9999	-9999	-9999
4	13	16.5916	-0.728542	1.78	-2.51	1.84929	3.52667	0.14	47.0869	-9999	-9999	-9999
4	14	14.2228	-0.290208	2.5	-2.96	2.53722	2.75542	0	46.9827	-9999	-9999	-9999
4	15	4.53391	0.897917	4.05	-1.91	0.169347	2.33167	8.41	47.2723	-9999	-9999	-9999
4	16	8.48803	2.83042	5.04	1.73	0.751226	3.36312	5.01	48.2985	-9999	-9999	-9999
4	17	6.27286	2.54437	4.34	1.27	1.50302	3.60729	0	47.4577	-9999	-9999	-9999
4	18	4.94768	2.02542	3.94	-0.39	1.04868	3.32979	2.28	47.419	-9999	-9999	-9999
4	19	15.4507	0.660625	4.37	-1.02	1.07931	2.83417	2.3	47.856	-9999	-9999	-9999
4	20	11.0769	2.07354	4.88	-0.78	2.10218	2.98958	0	47.4727	-9999	-9999	-9999
4	21	8.88086	3.29	6.24	-0.02	2.45452	3.17021	0.71	47.3898	-9999	-9999	-9999
4	22	8.57655	3.82208	6.45	1.15	2.58546	3.725	0	47.0427	-9999	-9999	-9999
4	23	19.685	7.29063	10.84	2.95	4.91513	4.48104	0	46.6717	-9999	-9999	-9999
4	24	19.7709	10.9571	14.61	6.97	7.15748	5.69	0	46.2221	-9999	-9999	-9999
4	25	5.79757	9.99646	14.95	6.57	3.22103	6.33292	8.71	46.9373	-9999	-9999	-9999
4	26	13.2771	7.12542	9.78	5.18	2.11935	6.36062	0.28	47.4492	-9999	-9999	-9999
4	27	9.68652	7.0275	8.86	5.2	1.44297	6.25479	2.58	47.3915	-9999	-9999	-9999
4	28	6.70507	7.73729	9.19	6.43	1.03982	6.74813	2	47.9779	-9999	-9999	-9999
4	29	12.6024	10.7769	14.18	7.58	3.04605	7.71188	0	47.6688	-9999	-9999	-9999
4	30	19.0986	15.115	19.6	9.87	5.72585	9.36229	0	46.8319	-9999	-9999	-9999
5	1	23.3822	16.9304	21.47	13.35	6.00466	10.5554	0	46.2244	-9999	-9999	-9999
5	2	22.9171	12.4581	17.19	7.74	5.35315	10.3325	0.29	45.739	-9999	-9999	-9999
5	3	22.8717	16.0146	23.98	9.6	7.70663	10.6002	3.86	45.3427	-9999	-9999	-9999
5	4	17.9933	13.0654	16.47	8.46	3.95274	11.0121	0	45.2019	-9999	-9999	-9999
5	5	2.36338	7.02458	8.36	5.25	0.738844	9.19625	5	46.0912	-9999	-9999	-9999
5	6	2.27479	4.76771	5.61	4.02	0.190926	7.42792	15.29	48.5752	-9999	-9999	-9999
5	7	4.91053	5.19625	7.16	3.76	0.605473	7.03917	0.7	47.8679	-9999	-9999	-9999
5	8	22.2465	11.0785	15.32	6.45	2.79258	8.4725	0.14	47.2233	-9999	-9999	-9999
5	9	18.9013	13.0698	17	8.94	3.68683	9.64708	0	46.9706	-9999	-9999	-9999
5	10	27.4179	14.6794	18.47	10.05	6.94338	9.91042	0	46.4575	-9999	-9999	-9999
5	11	25.8346	16.416	20.22	11.39	9.36269	10.5165	0	45.8237	-9999	-9999	-9999
5	12	28.1975	12.5746	16.15	8.14	6.43718	10.1563	0	45.2548	-9999	-9999	-9999
5	13	25.7035	15.3565	19.16	10.39	9.43134	10.2977	0	44.6717	-9999	-9999	-9999
5	14	22.2569	17.3181	21.81	13.79	11.0433	10.9765	0.57	43.7569	-9999	-9999	-9999
5	15	20.3492	14.1396	17.29	11.2	4.8665	11.1942	0.43	43.0594	-9999	-9999	-9999
5	16	19.2896	12.8256	18.47	9.73	4.02227	10.8969	2.28	42.534	-9999	-9999	-9999
5	17	15.4002	12.6987	17.11	10.61	3.45824	10.744	5.42	44.4356	-9999	-9999	-9999
5	18	10.4748	8.90958	10.61	7.33	2.37069	9.81771	3.57	45.1044	-9999	-9999	-9999
5	19	17.0391	9.71688	12.41	6.65	3.74687	9.34188	0	45.3815	-9999	-9999	-9999
5	20	20.1547	11.5788	16.02	7.91	4.79526	9.41313	0	44.8192	-9999	-9999	-9999
5	21	26.2681	11.1327	14.64	7.63	4.44679	9.64271	0	44.1721	-9999	-9999	-9999
5	22	17.3666	10.2604	13.7	6.19	4.43388	9.36104	0	43.4729	-9999	-9999	-9999
5	23	29.6476	13.5425	17.83	8.03	7.86925	9.66229	0	42.8704	-9999	-9999	-9999
5	24	29.5045	16.7052	20.98	12.1	11.0647	10.5073	0	42.0329	-9999	-9999	-9999
5	25	29.4312	15.3063	19.2	11.01	9.06787	10.9658	0	41.1838	-9999	-9999	-9999
5	26	26.5204	18.0929	22.32	13.81	12.9076	11.1781	0	40.24	-9999	-9999	-9999
5	27	15.3312	17.1206	20.05	14.46	7.32847	11.8521	0	39.2535	-9999	-9999	-9999
5	28	10.6975	16.9327	19.99	14.48	4.77059	12.1058	0.85	38.6025	-9999	-9999	-9999
5	29	22.7802	17.4544	21.13	12.38	8.30711	12.6096	0	37.8329	-9999	-9999	-9999
5	30	24.1898	14.4538	18.34	9.72	7.36958	11.764	0	36.7313	-9999	-9999	-9999
5	31	17.5835	12.6571	16.84	8.12	3.8803	11.4588	0	36.1415	-9999	-9999	-9999
6	1	16.5998	9.28521	12.58	6.45	2.46848	10.1665	0	39.9804	-9999	-9999	-9999
6	2	4.69669	8.92104	10.57	5.48	0.922728	9.76667	0	43.7429	-9999	-9999	-9999
6	3	15.3215	5.84542	8.72	4.21	1.32822	8.51604	0	46.3606	-9999	-9999	-9999
6	4	10.8228	6.79104	9.11	4.32	1.6087	7.90729	0	46.2083	-9999	-9999	-9999
6	5	14.4787	10.8581	13.89	7.31	3.83806	8.74813	0	45.1342	-9999	-9999	-9999
6	6	17.0294	12.8548	15.92	10.32	4.38568	9.58687	0	44.091	-9999	-9999	-9999
6	7	16.8391	12.6748	16.11	10.54	3.98854	10.1083	0	43.2248	-9999	-9999	-9999
6	8	10.7928	8.82604	11.41	6.36	1.55839	9.49417	6.57	45.8881	-9999	-9999	-9999
6	9	17.3825	10.431	13.63	6.65	3.52387	9.38167	0.14	45.3325	-9999	-9999	-9999
6	10	8.38064	9.81479	13.24	7.87	1.38178	9.50458	6.59	45.7792	-9999	-9999	-9999
6	11	18.4672	8.99813	13.22	5.92	2.43138	9.16458	0.71	46.2148	-9999	-9999	-9999
6	12	19.723	10.8481	14.46	6.9	4.32551	9.23021	0.28	45.1998	-9999	-9999	-9999
6	13	25.605	14.2656	17.92	10.34	7.60834	9.90542	0	44.1146	-9999	-9999	-9999
6	14	19.4477	15.7998	19.79	11.58	6.56865	10.7304	0.14	43.05	-9999	-9999	-9999
6	15	23.5273	16.5167	21.68	11.33	6.67249	11.4379	0	42.2502	-9999	-9999	-9999
6	16	17.3708	14.5996	17.64	12.15	3.32539	11.8521	0	44.6121	-9999	-9999	-9999
6	17	18.0897	13.7542	16.13	11.68	3.08804	11.725	0	45.0206	-9999	-9999	-9999
6	18	5.5962	11.2206	12.54	10.22	0.759911	11.2483	0	46.7569	-9999	-9999	-9999
6	19	10.1014	9.37375	11.15	7.83	2.03668	10.2658	0	46.2169	-9999	-9999	-9999
6	20	29.5807	13.1183	18.52	7.55	6.1131	10.2417	0	45.1598	-9999	-9999	-9999
6	21	18.3044	15.5167	19.02	12.35	7.06847	11.2583	0	43.9983	-9999	-9999	-9999
6	22	11.5477	10.3292	12.18	9.07	2.41948	10.6371	1	43.274	-9999	-9999	-9999
6	23	14.829	11.7127	14.64	8.98	3.35785	10.365	0.14	43.1865	-9999	-9999	-9999
6	24	29.6346	15.3902	20.17	10.06	6.7737	11.0662	0	42.4321	-9999	-9999	-9999
6	25	25.4366	17.7225	22.02	14.05	8.26555	12.1035	0	41.4338	-9999	-9999	-9999
6	26	29.3353	17.2548	22.45	11.14	7.94464	12.5002	0	40.3902	-9999	-9999	-9999
6	27	24.677	21.4779	26.46	15.18	11.9704	13.4292	0	39.1277	-9999	-9999	-9999
6	28	15.635	17.4323	20.58	15.25	3.62969	13.8971	2.86	38.2583	-9999	-9999	-9999
6	29	18.5569	17.8883	20.83	14.05	6.0656	13.7377	0	38.1085	-9999	-9999	-9999
6	30	22.5659	18.5321	23.65	13.13	6.82086	14.0831	0.28	37.4925	-9999	-9999	-9999
7	1	20.9004	15.639	18.54	12.66	4.53054	13.5852	0.14	38.7294	-9999	-9999	-9999
7	2	23.2163	14.839	18.13	11.29	5.39303	13.1012	0	37.6673	-9999	-9999	-9999
7	3	26.8073	15.5521	18.79	12.5	6.59263	12.9004	0	36.596	-9999	-9999	-9999
7	4	25.544	17.5421	22.53	11.37	6.94952	13.21	0	35.6975	-9999	-9999	-9999
7	5	28.8305	20.154	24.39	14.92	8.83484	14.311	0	34.6619	-9999	-9999	-9999
7	6	26.5968	20.7779	25.51	16.37	10.8779	14.829	0	33.0281	-9999	-9999	-9999
7	7	20.4146	19.159	22.7	15.65	6.66465	15.1475	2.29	31.8581	-9999	-9999	-9999
7	8	6.92186	15.06	16.68	13.82	1.90096	14.1721	15.43	40.1815	-9999	-9999	-9999
7	9	3.93197	13.3585	14.59	12.61	1.42303	13.2902	18.43	44.6294	-9999	-9999	-9999
7	10	22.7545	17.5888	22.32	12.48	7.50518	13.5025	0	42.791	-9999	-9999	-9999
7	11	22.4494	15.1502	18.09	12.03	5.49648	13.6719	2.14	41.5308	-9999	-9999	-9999
7	12	24.8742	14.4772	18.27	11.02	6.52684	12.9394	0.142979	39.8717	-9999	-9999	-9999
7	13	21.1562	14.0335	17.51	10.68	4.96647	12.821	0.42	38.3473	-9999	-9999	-9999
7	14	11.0987	15.7671	20.23	11.15	2.28529	13.0867	19.84	44.464	-9999	-9999	-9999
7	15	7.5685	12.754	16.44	10.5	1.65676	13.1275	11.44	45.6435	-9999	-9999	-9999
7	16	7.67153	10.7731	12.05	9.63	1.00059	11.7983	29.44	46.8513	-9999	-9999	-9999
7	17	23.4617	13.2306	16.46	10.02	4.43423	11.8194	0	44.766	-9999	-9999	-9999
7	18	16.3979	13.8744	18.16	10.42	3.80747	12.1496	0.87	43.3573	-9999	-9999	-9999
7	19	20.1938	14.1815	17.16	11.67	3.3971	12.3998	6.14	43.9946	-9999	-9999	-9999
7	20	20.6605	14.5108	17.74	11.79	4.00613	12.5327	0	44.4935	-9999	-9999	-9999
7	21	26.1568	15.3815	19.36	11.15	6.38143	12.7706	0	42.7137	-9999	-9999	-9999
7	22	24.2776	19.4042	23.75	14.7	9.68497	13.4977	0.14	40.9715	-9999	-9999	-9999
7	23	23.463	21.0623	24.63	17.14	10.5453	14.6512	0	39.2256	-9999	-9999	-9999
7	24	21.8827	21.7696	25.15	18.5	11.1397	15.1715	0	37.3546	-9999	-9999	-9999
7	25	24.8962	21.0356	24.84	18.4	9.55659	15.5675	0	35.6338	-9999	-9999	-9999
7	26	26.6514	21.3871	25.14	17.19	12.8618	15.4535	0	33.8456	-9999	-9999	-9999
7	27	26.8016	22.5196	26.72	18.33	14.317	15.779	0	32.1383	-9999	-9999	-9999
7	28	24.3186	23.3106	27.72	19.67	14.8835	16.216	0	30.5196	-9999	-9999	-9999
7	29	21.8118	20.3425	23.25	17.55	8.52027	16.3183	0	29.2381	-9999	-9999	-9999
7	30	26.0866	21.6919	26.02	16.73	12.6586	15.9627	0	28.0852	-9999	-9999	-9999
7	31	20.2958	22.6467	27.23	19.24	11.0431	16.7388	0	27.0419	-9999	-9999	-9999
8	1	22.627	17.4954	20.89	14.58	7.43632	15.7831	0	26.1908	-9999	-9999	-9999
8	2	19.8215	17.9467	23.8	11.88	7.80191	14.9529	0	25.5523	-9999	-9999	-9999
8	3	11.7742	19.9508	23.69	15.46	6.3053	15.9129	0	25.1544	-9999	-9999	-9999
8	4	9.47176	15.1062	17.91	13.08	1.61305	14.9204	0	26.9673	-9999	-9999	-9999
8	5	16.8418	14.1054	17.47	11.67	3.69201	13.9404	0	27.3263	-9999	-9999	-9999
8	6	8.9837	13.834	15.54	11.43	1.52799	13.5513	0	26.0535	-9999	-9999	-9999
8	7	15.6194	15.6517	17.82	14.29	3.56073	14.1185	1.14	26.0763	-9999	-9999	-9999
8	8	14.2676	16.2175	19.12	13.26	4.63756	14.229	1.14	25.5173	-9999	-9999	-9999
8	9	12.4984	14.8483	17.78	12.75	3.75998	13.6687	8.57	26.3735	-9999	-9999	-9999
8	10	13.1207	12.6202	14.97	9.93	2.68928	13.121	2.72	26.19	-9999	-9999	-9999
8	11	19.4132	12.3063	16.22	8.19	4.73671	12.1033	0.14	25.4748	-9999	-9999	-9999
8	12	17.7198	15.5267	19.93	10.74	7.48989	12.5819	0	24.9415	-9999	-9999	-9999
8	13	16.9878	18.0021	21.53	14.7	6.52517	13.9142	0.14	24.5146	-9999	-9999	-9999
8	14	23.2811	23.2906	28.09	17.75	12.675	15.4267	0	24.0648	-9999	-9999	-9999
8	15	23.5232	26.7298	30.81	21.93	20.2744	16.8731	0	23.4413	-9999	-9999	-9999
8	16	18.7397	24.0185	28.35	18.74	14.6533	17.3235	0	22.7937	-9999	-9999	-9999
8	17	17.1631	18.4919	22.05	15.34	6.99137	16.2104	0	22.2846	-9999	-9999	-9999
8	18	8.18746	17.3508	20.59	14.29	2.82161	15.6173	3.29	22.3337	-9999	-9999	-9999
8	19	17.5371	19.7207	23.05	16.96	6.71451	16.1715	0	22.0919	-9999	-9999	-9999
8	20	6.1486	17.0031	20.1	14.67	3.92742	15.4306	10.99	24.4702	-9999	-9999	-9999
8	21	15.8522	17.5154	19.53	15.49	4.73125	15.2592	0	23.6181	-9999	-9999	-9999
8	22	18.563	18.9675	22.04	16.08	6.86331	15.4833	0	22.3783	-9999	-9999	-9999
8	23	18.5657	20.6133	25.13	15.89	7.8367	15.939	0	21.9142	-9999	-9999	-9999
8	24	18.0808	23.534	27.76	19.62	13.0567	16.896	0	21.5833	-9999	-9999	-9999
8	25	19.6221	24.7817	29.34	21.44	15.524	17.541	0	21.1938	-9999	-9999	-9999
8	26	20.2827	25.025	30.09	19	17.3914	17.8854	0	20.8227	-9999	-9999	-9999
8	27	7.72567	17.3619	24.41	11.89	7.03814	16.4321	3.14	20.595	-9999	-9999	-9999
8	28	19.8686	12.336	16.24	7.93	5.03506	13.5077	0	20.2625	-9999	-9999	-9999
8	29	21.7654	13.2188	17.99	8.69	5.70706	13.0008	0	20.041	-9999	-9999	-9999
8	30	19.5903	15.5617	21.18	9.11	8.26108	13.1481	0.29	19.871	-9999	-9999	-9999
8	31	13.4697	15.019	18.07	11.96	4.28179	13.7254	4.84	20.5263	-9999	-9999	-9999
9	1	5.02065	13.421	15.38	12.04	2.57954	13.2519	0.28	20.0015	-9999	-9999	-9999
9	2	14.1609	13.9917	16.41	11.12	4.6039	13.1263	0.14	19.8877	-9999	-9999	-9999
9	3	5.40427	13.7931	16.15	12.46	1.5173	13.3512	10.85	20.6394	-9999	-9999	-9999
9	4	7.99344	11.739	13.88	9.37	1.78226	12.6856	4.56	24.3442	-9999	-9999	-9999
9	5	10.1431	10.7154	14.09	8.96	1.23358	11.7662	11.43	24.4046	-9999	-9999	-9999
9	6	11.434	10.3656	13.42	8.4	1.62216	11.4917	2.12	25.5475	-9999	-9999	-9999
9	7	3.68717	10.3183	11.41	9.18	0.654306	11.2625	17.7	27.4406	-9999	-9999	-9999
9	8	10.1816	9.80292	12.56	6.16	1.5644	10.9231	11.01	30.57	-9999	-9999	-9999
9	9	4.46234	7.35938	9.83	5.59	1.33763	9.2675	10.57	32.6581	-9999	-9999	-9999
9	10	2.73854	8.61771	9.81	7.54	1.0349	9.38875	18.29	34.2544	-9999	-9999	-9999
9	11	7.27146	8.56938	10.29	7.26	1.67369	9.51229	1.3	32.6679	-9999	-9999	-9999
9	12	7.62889	9.92125	11.87	8.47	1.49923	9.85396	5.72	34.8494	-9999	-9999	-9999
9	13	2.47459	10.6817	11.22	9.59	0.813408	10.459	7.99	35.6615	-9999	-9999	-9999
9	14	5.57404	9.08292	10.05	8.1	0.864303	10.0335	6.99	37.996	-9999	-9999	-9999
9	15	6.75025	9.33208	11.91	7.77	1.20768	9.99896	0.71	36.6112	-9999	-9999	-9999
9	16	6.19722	7.84104	9.53	6.74	0.954092	9.45521	8.01	39.171	-9999	-9999	-9999
9	17	8.04537	8.48312	11.39	6.51	1.44811	9.21479	0.14	38.2404	-9999	-9999	-9999
9	18	11.8243	7.88812	11.69	5.13	1.64724	8.90625	0.29	37.14	-9999	-9999	-9999
9	19	14.9006	10.7925	14.81	7.11	4.29802	9.32271	0.14	35.355	-9999	-9999	-9999
9	20	3.97044	10.1979	12.25	8.43	1.32975	9.78438	7.42	36.0215	-9999	-9999	-9999
9	21	2.65847	9.33417	9.98	7.8	0.810309	9.80188	2.84	40.3779	-9999	-9999	-9999
9	22	7.10143	8.34396	11.06	6.25	1.50759	9.22271	0.43	40.3662	-9999	-9999	-9999
9	23	13.2315	9.46688	13.22	6.68	2.8681	9.09646	0	38.7119	-9999	-9999	-9999
9	24	3.10988	8.85833	10.75	7.52	1.09202	9.18854	0	37.0887	-9999	-9999	-9999
9	25	8.29188	10.3817	13.12	8.19	2.41695	9.54458	0	36.144	-9999	-9999	-9999
9	26	11.9556	9.61271	12.77	6.77	1.52821	9.48771	0	35.1104	-9999	-9999	-9999
9	27	1.83877	11.0856	13.03	8.7	0.816424	9.85646	8.71	38.949	-9999	-9999	-9999
9	28	7.8786	12.8081	15.05	10.18	2.22435	10.7858	0	40.0142	-9999	-9999	-9999
9	29	12.3523	13.7569	16.58	10.28	3.42618	10.7979	0	37.8381	-9999	-9999	-9999
9	30	3.92315	13.3112	15.53	11.88	1.70049	11.35	4.72	39.4425	-9999	-9999	-9999
10	1	2.00043	13.3765	15.14	11.99	1.56392	11.4733	8.7	40.8829	-9999	-9999	-9999
10	2	10.2273	17.2444	21.88	12.34	4.59654	12.6035	0.14	40.7648	-9999	-9999	-9999
10	3	4.97356	15.2306	18.66	12.52	2.69799	13.2554	1.87	38.6538	-9999	-9999	-9999
10	4	8.1002	11.8865	14.36	9.38	2.71123	11.9404	2.15	38.8035	-9999	-9999	-9999
10	5	8.05883	11.4885	14.06	9.18	2.66839	11.0137	0	37.8883	-9999	-9999	-9999
10	6	8.63545	12.9871	15.71	10.12	2.39811	11.1958	0	36.8315	-9999	-9999	-9999
10	7	2.90423	13.5977	15.04	11.94	1.736	11.8325	0.57	36.2754	-9999	-9999	-9999
10	8	4.02232	11.525	14.74	8.86	2.02681	11.4177	0.85	35.8165	-9999	-9999	-9999
10	9	9.51669	11.0288	14.21	8.47	2.9556	10.6673	0	35.2444	-9999	-9999	-9999
10	10	8.67031	11.2252	14.14	8.51	2.53992	10.6454	0.57	34.2298	-9999	-9999	-9999
10	11	7.92664	11.9569	14.87	9.72	2.63807	10.8717	0	33.3435	-9999	-9999	-9999
10	12	12.5029	13.4362	17.23	9.93	4.23435	11.0425	0	32.5781	-9999	-9999	-9999
10	13	10.3887	16.3869	20.01	12.25	7.01912	11.8052	0	31.861	-9999	-9999	-9999
10	14	9.42037	17.7196	21.31	14.83	8.39074	12.6077	0	30.436	-9999	-9999	-9999
10	15	8.40058	16.4779	19.09	14.26	4.00524	12.8673	0	29.4623	-9999	-9999	-9999
10	16	9.66535	14.0927	16.7	11.73	2.82612	12.6625	0	28.9785	-9999	-9999	-9999
10	17	4.68596	11.2994	12.97	9.85	0.733512	11.7637	0	28.6977	-9999	-9999	-9999
10	18	5.44356	8.86292	10.54	7.09	0.560054	10.831	0	28.6933	-9999	-9999	-9999
10	19	9.40631	8.78479	11.42	6.05	0.742914	9.96125	0	28.5035	-9999	-9999	-9999
10	20	7.32427	8.18271	11.56	5.82	0.721855	9.52583	0	28.3158	-9999	-9999	-9999
10	21	2.97979	9.36979	10.46	6.42	0.977126	9.47	1.27	28.0969	-9999	-9999	-9999
10	22	3.76088	10.8812	12.71	9.69	1.58559	10.2246	2.13	28.6652	-9999	-9999	-9999
10	23	5.97357	9.57125	10.78	7.68	0.852547	10.0004	0	28.9347	-9999	-9999	-9999
10	24	3.41275	9.53063	11.81	7.75	0.673756	9.98708	1.7	31.0481	-9999	-9999	-9999
10	25	2.83846	9.80646	11.27	9.04	0.951241	10.0298	0.14	33.0969	-9999	-9999	-9999
10	26	8.19302	9.09729	11.69	7.96	1.43961	9.67437	0	33.0515	-9999	-9999	-9999
10	27	2.91175	9.77229	11.16	8.56	1.07495	9.65417	0	32.7906	-9999	-9999	-9999
10	28	1.72778	9.18146	9.92	7.34	0.624662	9.77021	0.28	32.715	-9999	-9999	-9999
10	29	2.76435	8.12521	9.89	6.11	1.13192	9.17437	0	32.9975	-9999	-9999	-9999
10	30	6.95795	11.8808	14.37	8.9	3.2211	9.65146	0	32.6665	-9999	-9999	-9999
10	31	3.53417	11.211	14.82	5.95	4.05188	10.05	1.28	32.4858	-9999	-9999	-9999
11	1	4.90511	5.87396	7.28	4.69	1.73207	8.24896	2.2	32.5204	-9999	-9999	-9999
11	2	3.65243	6.66125	9.26	5.4	1.10056	8.0775	0.1	32.5119	-9999	-9999	-9999
11	3	6.50293	6.06937	8.69	3.78	1.47504	7.63521	0	32.4425	-9999	-9999	-9999
11	4	6.71047	5.33146	6.91	3.38	1.05989	7.195	0	32.331	-9999	-9999	-9999
11	5	6.49102	4.90208	7.07	1.76	2.24147	6.85604	2.2	32.4762	-9999	-9999	-9999
11	6	0.814608	3.7975	5.85	1.2	0.902235	6.03292	0.6	32.9298	-9999	-9999	-9999
11	7	1.45796	5.44854	6.74	4.68	0.602142	6.57229	15.6	34.4006	-9999	-9999	-9999
11	8	0.763614	3.83229	6.51	-0.67	0.419788	6.20396	36.2	41.8958	-9999	-9999	-9999
11	9	1.71981	-1.03396	-0.11	-2	0.730885	4.36958	0	42.296	-9999	-9999	-9999
11	10	4.0674	-1.37021	1.82	-3.8	1.09501	3.36958	0	41.8248	-9999	-9999	-9999
11	11	5.5872	-0.13625	2.22	-3	1.63346	3.02604	1.6	41.4544	-9999	-9999	-9999
11	12	2.77031	2.98125	4.49	0.72	0.396982	4.19	2.4	41.1369	-9999	-9999	-9999
11	13	5.70631	1.25042	4.3	-0.58	0.878372	4.41104	5	42.624	-9999	-9999	-9999
11	14	2.31545	0.0191667	1.36	-0.96	0.500541	3.64792	0.4	42.0765	-9999	-9999	-9999
11	15	5.01059	-0.321875	1.89	-2.5	1.18163	3.10146	0.3	42.3683	-9999	-9999	-9999
11	16	4.14675	2.55208	4.93	-0.37	0.575756	3.45333	1.7	42.221	-9999	-9999	-9999
11	17	1.24598	3.56417	4.21	2.99	0.956807	4.42063	0	42.0517	-9999	-9999	-9999
11	18	3.17461	3.79979	5.77	2.56	1.23882	4.73396	0	41.9102	-9999	-9999	-9999
11	19	1.38881	3.70875	4.86	2.53	0.405794	4.91646	1	41.7106	-9999	-9999	-9999
11	20	4.55688	4.44187	5.68	3.32	1.17028	5.02167	0	41.8365	-9999	-9999	-9999
11	21	2.04881	4.22792	5.19	3.73	1.249	5.00854	0	41.8727	-9999	-9999	-9999
11	22	0.308142	1.98792	4.17	-1.03	0.654745	4.3075	13.9	43.4304	-9999	-9999	-9999
11	23	4.8427	-0.400208	0.67	-1.63	0.878328	3.02896	0	43.2021	-9999	-9999	-9999
11	24	0.652068	0.58875	1.47	-0.06	0.163199	3.0225	4.4	43.5223	-9999	-9999	-9999
11	25	0.984474	2.09792	3.64	0.61	0.144517	3.53208	2.7	43.5869	-9999	-9999	-9999
11	26	0.64062	4.53667	5.69	3.31	0.205234	4.49979	6	44.1535	-9999	-9999	-9999
11	27	0.763038	2.415	3.2	1.12	0.141703	4.39792	2.3	43.9085	-9999	-9999	-9999
11	28	1.07879	1.98146	3.49	1.01	0.355111	3.72458	11.1	44.4569	-9999	-9999	-9999
11	29	0.707742	2.42896	3.76	1.69	0.269729	3.59271	9.6	44.4567	-9999	-9999	-9999
11	30	2.40271	4.65062	5.86	3.82	0.674071	4.3875	1	44.1681	-9999	-9999	-9999
12	1	1.36618	5.45812	6.47	4.99	0.578667	5.07083	1.8	43.781	-9999	-9999	-9999
12	2	0.633492	5.53958	6.75	4.67	0.299091	5.37958	1.3	44.6077	-9999	-9999	-9999
12	3	0.837252	2.39208	4.75	-1.2	0.159099	5.04563	0	43.9404	-9999	-9999	-9999
12	4	0.658314	2.51688	5.65	-1.39	0.319549	4.14937	1.2	43.9804	-9999	-9999	-9999
12	5	1.58756	4.29083	5.75	3.36	0.684887	4.52854	2	44.3081	-9999	-9999	-9999
12	6	0.3564	4	6.77	0.65	0.682032	4.78813	5.1	45.1921	-9999	-9999	-9999
12	7	1.82135	-0.127708	0.6	-1.33	0.570611	3.46042	0.1	43.8873	-9999	-9999	-9999
12	8	0.608814	-0.876875	0.61	-3.3	0.215705	3.09104	0	43.4517	-9999	-9999	-9999
12	9	1.05705	-4.30104	-3.25	-5.15	0.226044	1.78333	0	43.2463	-9999	-9999	-9999
12	10	1.45454	-0.598958	1.53	-5.54	2.42468	1.21625	0	43.1083	-9999	-9999	-9999
12	11	1.74654	0.321875	1.03	-0.43	0.149378	2.02792	0	43.2279	-9999	-9999	-9999
12	12	0.885996	0.535208	1.31	-0.54	0.105442	2.45333	0.3	44.1727	-9999	-9999	-9999
12	13	3.10534	-5.95333	-0.75	-12.23	0.758879	1.34417	0.1	44.0746	-9999	-9999	-9999
12	14	2.87724	-11.9475	-10.8	-13.24	0.256761	-0.0883333	0	43.0823	-9999	-9999	-9999
12	15	0.749466	-5.91083	-3.37	-10.79	0.484678	-0.2775	0	42.1771	-9999	-9999	-9999
12	16	1.35494	-3.14812	-1.81	-4.34	0.5131	-0.196042	0	43.2	-9999	-9999	-9999
12	17	0.641241	-2.91562	-1.92	-4.24	0.421282	-0.235208	0	46.6833	-9999	-9999	-9999
12	18	0.889499	-2.0775	-1.51	-2.6	0.350568	-0.10625	0.3	47.3519	-9999	-9999	-9999
12	19	1.01719	-0.298333	0.36	-1.49	0.258478	0.0197917	2.4	45.0285	-9999	-9999	-9999
12	20	4.58708	-4.60557	-0.05	-7.93	0.658068	0.0947396	3.57447	43.0174	-9999	-9999	-9999
12	21	0.499626	-3.64792	-1.3	-7.81	0.434914	0.085	6.5	42.9583	-9999	-9999	-9999
12	22	0.735516	-1.91875	-1.25	-2.84	0.15108	0.206042	5.8	42.9448	-9999	-9999	-9999
12	23	3.49899	-7.9075	-3.36	-10.22	0.239064	0.4	1.6	43.0963	-9999	-9999	-9999
12	24	1.38526	-7.85333	-3.16	-11.17	0.393529	0.598542	0.9	43.15	-9999	-9999	-9999
12	25	0.2862	-0.529583	0.34	-2.85	0.230215	0.762292	0.2	43.1381	-9999	-9999	-9999
12	26	1.21826	-1.17062	-0.48	-1.98	0.181587	0.865625	0.1	43.6473	-9999	-9999	-9999
12	27	2.59465	-2.43271	-0.99	-3.32	0.346288	0.858333	0	44.5029	-9999	-9999	-9999
12	28	2.38358	1.02646	2.38	-0.84	0.246081	0.814167	15	44.9798	-9999	-9999	-9999
12	29	0.812818	-0.900833	1.53	-1.82	0.24807	0.774792	0.1	45.4512	-9999	-9999	-9999
12	30	3.96989	-2.90833	-1.51	-4.77	0.313673	0.78875	0.1	45.3981	-9999	-9999	-9999
12	31	3.09979	-6.39562	-4.8	-7.92	0.284797	0.783542	0	45.316	-9999	-9999	-9999
