Month	n_days	Rg_f	Ta_f	Tmax	Tmin	VPD_f	Ts_f	Precip	SWC	LAI	ET	LITTERFALL
1	1	2.183069	-9.207010	-7.022860	-10.804500	0.395885	-9999	3.748180	-9999	-9999	-9999	-9999
1	2	3.488374	-10.060400	-6.364720	-14.064200	0.618102	-9999	0.030340	-9999	-9999	-9999	-9999
1	3	2.796276	-2.786290	1.107790	-10.205800	0.596935	-9999	0.307502	-9999	-9999	-9999	-9999
1	4	3.230323	-2.234380	1.874660	-4.883830	0.828852	-9999	0.000000	-9999	-9999	-9999	-9999
1	5	3.384271	-1.614690	2.267120	-6.602300	1.588435	-9999	0.000000	-9999	-9999	-9999	-9999
1	6	2.664308	1.019040	3.966060	-1.994790	0.966438	-9999	0.086666	-9999	-9999	-9999	-9999
1	7	2.004584	-2.678410	1.713070	-7.266850	0.399228	-9999	2.208410	-9999	-9999	-9999	-9999
1	8	3.639626	-4.544590	-1.152190	-10.469400	0.855435	-9999	0.000619	-9999	-9999	-9999	-9999
1	9	3.514182	0.831111	4.056730	-3.082100	1.126577	-9999	0.000000	-9999	-9999	-9999	-9999
1	10	2.780456	2.216300	4.547150	-0.431221	0.834665	-9999	7.838090	-9999	-9999	-9999	-9999
1	11	2.275966	2.374570	5.131470	0.247032	0.815928	-9999	4.808150	-9999	-9999	-9999	-9999
1	12	2.951649	4.632440	6.294560	3.183070	0.950031	-9999	0.257445	-9999	-9999	-9999	-9999
1	13	1.753747	3.059020	5.641140	0.561699	0.399732	-9999	9.349630	-9999	-9999	-9999	-9999
1	14	3.307496	1.133270	4.141970	-0.879219	0.446435	-9999	2.299300	-9999	-9999	-9999	-9999
1	15	1.600595	-2.569010	1.343200	-6.652050	0.549989	-9999	4.455160	-9999	-9999	-9999	-9999
1	16	3.835849	-2.200200	3.335480	-7.029430	0.927541	-9999	0.000000	-9999	-9999	-9999	-9999
1	17	4.185916	-3.526130	2.188720	-7.678900	0.713482	-9999	0.000001	-9999	-9999	-9999	-9999
1	18	3.126557	-0.715886	3.880190	-7.994330	0.881762	-9999	0.067825	-9999	-9999	-9999	-9999
1	19	3.557460	3.395690	5.502010	-0.078590	0.828428	-9999	0.000390	-9999	-9999	-9999	-9999
1	20	4.102764	3.095030	4.991640	1.163050	0.462574	-9999	0.681842	-9999	-9999	-9999	-9999
1	21	3.152762	1.359370	4.292660	-1.706760	0.669031	-9999	4.121160	-9999	-9999	-9999	-9999
1	22	4.496800	1.031150	4.967900	-1.743600	0.911170	-9999	0.053792	-9999	-9999	-9999	-9999
1	23	3.106745	2.349540	4.971800	0.775109	0.372735	-9999	2.784120	-9999	-9999	-9999	-9999
1	24	4.084439	3.013180	5.617430	0.199028	0.830155	-9999	1.491310	-9999	-9999	-9999	-9999
1	25	3.322892	1.457910	4.985960	-1.178750	0.498519	-9999	1.706740	-9999	-9999	-9999	-9999
1	26	4.612922	-1.626680	2.639470	-4.880290	0.654396	-9999	1.616290	-9999	-9999	-9999	-9999
1	27	3.902316	1.764190	4.523380	-3.163150	0.747635	-9999	1.496980	-9999	-9999	-9999	-9999
1	28	4.449401	3.486290	5.545260	1.261860	1.016571	-9999	0.666436	-9999	-9999	-9999	-9999
1	29	4.230144	3.573390	5.611910	2.556050	0.500494	-9999	0.000657	-9999	-9999	-9999	-9999
1	30	4.454170	3.113550	7.062320	-0.258949	0.545813	-9999	6.594110	-9999	-9999	-9999	-9999
1	31	3.323739	-1.460030	1.746060	-4.768650	0.827658	-9999	2.331550	-9999	-9999	-9999	-9999
2	1	4.987103	2.284360	6.031180	-5.272800	2.096188	-9999	0.000000	-9999	-9999	-9999	-9999
2	2	4.939030	2.058560	5.936730	-0.149688	0.772895	-9999	0.604027	-9999	-9999	-9999	-9999
2	3	2.173202	0.933373	3.301570	-1.021270	0.362628	-9999	6.539690	-9999	-9999	-9999	-9999
2	4	2.000929	0.925743	3.016840	-1.054690	0.221589	-9999	5.123210	-9999	-9999	-9999	-9999
2	5	5.859112	2.628110	5.373990	-1.940090	1.849605	-9999	0.000000	-9999	-9999	-9999	-9999
2	6	2.991064	0.658959	4.863340	-2.061830	0.562675	-9999	3.085470	-9999	-9999	-9999	-9999
2	7	2.202276	-1.887820	0.930444	-5.607700	0.491950	-9999	6.100650	-9999	-9999	-9999	-9999
2	8	3.403400	0.713494	3.354850	-5.546020	0.413989	-9999	3.230700	-9999	-9999	-9999	-9999
2	9	2.466115	-0.553932	2.124630	-2.838740	0.228353	-9999	3.760180	-9999	-9999	-9999	-9999
2	10	5.032299	-2.024910	2.024380	-5.360380	0.909960	-9999	0.764493	-9999	-9999	-9999	-9999
2	11	6.774909	-0.521919	3.796560	-5.059570	1.352792	-9999	0.077324	-9999	-9999	-9999	-9999
2	12	5.130199	1.051020	3.358090	-2.400360	0.255105	-9999	2.617370	-9999	-9999	-9999	-9999
2	13	5.694547	0.861199	3.460780	-1.441220	0.500303	-9999	1.221590	-9999	-9999	-9999	-9999
2	14	3.002599	-0.630256	2.128140	-2.399020	0.422969	-9999	7.801590	-9999	-9999	-9999	-9999
2	15	2.441413	1.586510	3.787410	-1.866670	0.432669	-9999	15.105700	-9999	-9999	-9999	-9999
2	16	3.914603	1.721730	3.771360	-0.044524	0.610281	-9999	2.840530	-9999	-9999	-9999	-9999
2	17	2.821815	-0.998756	3.058530	-4.807590	0.549566	-9999	1.432730	-9999	-9999	-9999	-9999
2	18	6.439911	0.477959	3.669000	-4.884280	0.381752	-9999	4.033270	-9999	-9999	-9999	-9999
2	19	3.991438	-3.063270	1.886500	-5.416560	0.441478	-9999	6.636890	-9999	-9999	-9999	-9999
2	20	5.174444	-1.681590	2.151330	-6.409240	0.493294	-9999	5.167160	-9999	-9999	-9999	-9999
2	21	4.320924	-1.698370	2.830350	-5.398680	0.309973	-9999	7.316860	-9999	-9999	-9999	-9999
2	22	3.815286	-7.482860	-3.080390	-12.002700	0.480277	-9999	4.339740	-9999	-9999	-9999	-9999
2	23	6.898781	-7.345740	-3.192050	-12.206900	0.492169	-9999	1.625670	-9999	-9999	-9999	-9999
2	24	6.578773	-7.348370	-2.389500	-11.743800	0.745132	-9999	0.995332	-9999	-9999	-9999	-9999
2	25	8.580082	-6.014290	0.710168	-12.842800	0.864540	-9999	0.000000	-9999	-9999	-9999	-9999
2	26	9.027504	-2.273540	3.427850	-8.441410	1.055652	-9999	0.000000	-9999	-9999	-9999	-9999
2	27	9.328522	0.956047	4.619010	-3.102810	1.536301	-9999	0.000000	-9999	-9999	-9999	-9999
2	28	9.103449	1.420430	4.346980	-1.215150	1.310061	-9999	0.000000	-9999	-9999	-9999	-9999
3	1	9.029318	3.362400	6.405880	0.429758	1.075012	-9999	0.000000	-9999	-9999	-9999	-9999
3	2	7.585254	4.212280	6.621360	1.650310	0.722114	-9999	5.978390	-9999	-9999	-9999	-9999
3	3	3.980120	2.777160	5.067130	-1.479180	0.407524	-9999	3.597350	-9999	-9999	-9999	-9999
3	4	10.374134	3.163210	6.284110	-3.735340	2.136069	-9999	0.000230	-9999	-9999	-9999	-9999
3	5	10.139645	8.359470	12.639700	3.247720	4.674636	-9999	0.048534	-9999	-9999	-9999	-9999
3	6	8.785584	10.678300	14.910100	6.886300	4.105213	-9999	0.000000	-9999	-9999	-9999	-9999
3	7	10.339229	10.598800	15.966800	6.637700	3.283029	-9999	0.000000	-9999	-9999	-9999	-9999
3	8	5.384292	6.759340	12.657900	2.394420	0.777731	-9999	9.214210	-9999	-9999	-9999	-9999
3	9	8.449643	3.151460	7.529440	0.395884	1.128210	-9999	1.179190	-9999	-9999	-9999	-9999
3	10	10.482393	5.498630	10.430500	-0.104574	1.327512	-9999	0.000480	-9999	-9999	-9999	-9999
3	11	10.755418	7.064610	13.537300	3.491950	1.297597	-9999	0.000000	-9999	-9999	-9999	-9999
3	12	11.729145	6.318700	12.917400	2.690680	0.945753	-9999	3.219080	-9999	-9999	-9999	-9999
3	13	8.965901	4.717500	8.923000	2.154120	1.259799	-9999	5.284660	-9999	-9999	-9999	-9999
3	14	5.162806	3.809360	6.386530	1.810500	0.756534	-9999	8.614970	-9999	-9999	-9999	-9999
3	15	5.704776	2.328830	5.096640	0.067240	1.008250	-9999	3.472030	-9999	-9999	-9999	-9999
3	16	7.716678	2.240020	5.340140	-0.176412	1.076034	-9999	4.840500	-9999	-9999	-9999	-9999
3	17	12.872217	3.444000	8.455770	-1.508230	1.548430	-9999	0.444968	-9999	-9999	-9999	-9999
3	18	5.146494	1.384490	4.258050	-1.915460	0.375623	-9999	22.253600	-9999	-9999	-9999	-9999
3	19	6.996473	-3.465150	1.528070	-9.558680	0.510915	-9999	2.948450	-9999	-9999	-9999	-9999
3	20	12.654403	-2.490080	3.999630	-9.529470	0.734068	-9999	0.053964	-9999	-9999	-9999	-9999
3	21	8.252599	1.850740	4.745170	-2.750970	0.396940	-9999	11.459500	-9999	-9999	-9999	-9999
3	22	6.736945	-0.639767	3.238270	-4.951130	0.491480	-9999	7.230800	-9999	-9999	-9999	-9999
3	23	13.470797	0.171085	5.681450	-5.297900	1.028873	-9999	0.000071	-9999	-9999	-9999	-9999
3	24	13.248230	2.643010	8.854030	-2.376490	0.967315	-9999	0.000000	-9999	-9999	-9999	-9999
3	25	4.729164	4.360630	8.074700	0.950266	0.519782	-9999	3.645450	-9999	-9999	-9999	-9999
3	26	11.052029	9.379310	15.556200	3.451940	2.937173	-9999	0.177619	-9999	-9999	-9999	-9999
3	27	13.475981	11.719300	18.864800	7.335400	3.653583	-9999	0.000000	-9999	-9999	-9999	-9999
3	28	11.870064	11.161700	18.690000	6.255290	2.924953	-9999	2.076780	-9999	-9999	-9999	-9999
3	29	5.562847	5.830390	9.166920	2.759410	0.731391	-9999	13.122400	-9999	-9999	-9999	-9999
3	30	7.903795	5.028570	10.132700	2.055220	1.310878	-9999	4.438060	-9999	-9999	-9999	-9999
3	31	12.246509	5.368020	9.297170	2.010290	1.505163	-9999	1.799540	-9999	-9999	-9999	-9999
4	1	10.583568	6.900520	12.245300	1.747400	1.187692	-9999	7.124780	-9999	-9999	-9999	-9999
4	2	5.327735	5.857000	9.383880	2.854060	1.045266	-9999	2.738260	-9999	-9999	-9999	-9999
4	3	8.106929	3.972330	6.917540	1.579550	1.384789	-9999	2.080800	-9999	-9999	-9999	-9999
4	4	11.301033	5.007970	10.087600	1.197350	1.159009	-9999	0.012528	-9999	-9999	-9999	-9999
4	5	16.143841	8.808970	15.491300	2.139330	1.484839	-9999	0.000000	-9999	-9999	-9999	-9999
4	6	16.175894	11.856500	17.066100	6.187700	3.175981	-9999	2.974000	-9999	-9999	-9999	-9999
4	7	10.493366	7.837260	14.233300	3.181230	2.540430	-9999	3.097370	-9999	-9999	-9999	-9999
4	8	15.977175	9.836040	17.569400	3.134240	2.635508	-9999	0.000000	-9999	-9999	-9999	-9999
4	9	15.770592	11.393000	19.604600	4.673020	3.011434	-9999	0.000000	-9999	-9999	-9999	-9999
4	10	10.856592	8.567940	13.899400	4.444390	1.934371	-9999	8.059820	-9999	-9999	-9999	-9999
4	11	8.533452	4.918990	8.722840	1.702600	1.258970	-9999	3.551270	-9999	-9999	-9999	-9999
4	12	9.744624	7.949080	11.809500	1.959340	1.457384	-9999	6.967510	-9999	-9999	-9999	-9999
4	13	12.529901	9.892250	16.451400	4.501820	1.481982	-9999	0.799641	-9999	-9999	-9999	-9999
4	14	8.990179	6.311200	9.875220	1.782340	1.614561	-9999	5.409720	-9999	-9999	-9999	-9999
4	15	15.875395	5.430000	11.792900	1.328630	1.661258	-9999	3.375050	-9999	-9999	-9999	-9999
4	16	14.524359	2.874340	6.774630	-0.459452	1.673409	-9999	6.005460	-9999	-9999	-9999	-9999
4	17	7.137184	0.030344	2.710050	-2.664070	1.047920	-9999	1.980730	-9999	-9999	-9999	-9999
4	18	7.639911	1.816020	4.599310	-2.048840	1.015799	-9999	3.872930	-9999	-9999	-9999	-9999
4	19	15.237677	0.990183	5.015990	-3.229930	1.785214	-9999	0.423592	-9999	-9999	-9999	-9999
4	20	16.290202	6.333780	11.905400	-3.454110	2.291191	-9999	0.000003	-9999	-9999	-9999	-9999
4	21	18.526406	9.358410	16.944300	2.853350	2.281836	-9999	0.000000	-9999	-9999	-9999	-9999
4	22	19.244044	7.562300	14.768900	2.092950	2.227840	-9999	0.000000	-9999	-9999	-9999	-9999
4	23	16.693085	8.646770	15.976400	1.067100	3.057376	-9999	0.210636	-9999	-9999	-9999	-9999
4	24	17.493408	11.960900	18.906400	6.111680	2.442838	-9999	0.000000	-9999	-9999	-9999	-9999
4	25	18.752775	13.755700	20.047800	7.623130	2.439729	-9999	0.000000	-9999	-9999	-9999	-9999
4	26	5.579539	13.240200	17.066300	10.009200	1.410127	-9999	4.638400	-9999	-9999	-9999	-9999
4	27	12.422592	11.396100	18.479700	6.736780	2.174872	-9999	1.531050	-9999	-9999	-9999	-9999
4	28	14.351559	10.946300	16.880100	5.651600	2.992105	-9999	4.024190	-9999	-9999	-9999	-9999
4	29	12.470630	8.593150	12.539300	5.512900	1.933949	-9999	6.482920	-9999	-9999	-9999	-9999
4	30	9.032774	7.141460	10.774900	4.765920	1.316443	-9999	8.194500	-9999	-9999	-9999	-9999
5	1	15.132096	10.568200	15.980800	4.769810	1.894065	-9999	0.524413	-9999	-9999	-9999	-9999
5	2	17.428176	14.572300	22.849300	7.181400	3.158851	-9999	0.000000	-9999	-9999	-9999	-9999
5	3	5.731863	9.005980	12.312500	6.705970	1.430433	-9999	10.557700	-9999	-9999	-9999	-9999
5	4	8.024668	8.821930	13.103000	5.609990	1.564866	-9999	10.013800	-9999	-9999	-9999	-9999
5	5	9.965722	5.329340	8.289410	3.080210	1.308999	-9999	7.732890	-9999	-9999	-9999	-9999
5	6	9.854093	6.076230	9.863530	2.925450	1.425184	-9999	1.591210	-9999	-9999	-9999	-9999
5	7	7.319367	4.443930	7.348460	1.284190	0.699277	-9999	12.894000	-9999	-9999	-9999	-9999
5	8	14.233277	6.263420	10.627200	1.714360	1.260255	-9999	3.045860	-9999	-9999	-9999	-9999
5	9	12.077079	5.933470	10.379000	2.097970	1.326761	-9999	0.717216	-9999	-9999	-9999	-9999
5	10	17.994874	9.184290	14.666000	1.961040	2.381102	-9999	0.000000	-9999	-9999	-9999	-9999
5	11	21.782649	13.012400	20.972700	3.920230	3.242406	-9999	0.000000	-9999	-9999	-9999	-9999
5	12	18.358013	16.435400	23.988200	8.886420	4.537783	-9999	0.086632	-9999	-9999	-9999	-9999
5	13	16.713907	16.388500	23.463200	11.275500	3.861593	-9999	0.420196	-9999	-9999	-9999	-9999
5	14	6.048423	12.888100	17.478300	8.895820	1.834237	-9999	2.149600	-9999	-9999	-9999	-9999
5	15	11.561529	8.418540	14.353100	1.560310	2.147721	-9999	3.336440	-9999	-9999	-9999	-9999
5	16	16.535836	6.628690	12.512800	0.998207	2.060141	-9999	0.278205	-9999	-9999	-9999	-9999
5	17	14.526087	12.234300	17.316600	4.307530	2.110833	-9999	2.995920	-9999	-9999	-9999	-9999
5	18	21.608986	18.267500	24.349300	9.315280	5.964682	-9999	0.172695	-9999	-9999	-9999	-9999
5	19	21.685882	20.802800	28.654900	15.332600	9.070089	-9999	0.000000	-9999	-9999	-9999	-9999
5	20	21.515328	19.976500	29.019700	13.484200	9.935578	-9999	0.000000	-9999	-9999	-9999	-9999
5	21	2.302370	10.421000	15.986400	6.763560	1.353098	-9999	10.627500	-9999	-9999	-9999	-9999
5	22	9.308390	8.332000	13.041500	5.355230	1.577913	-9999	9.293500	-9999	-9999	-9999	-9999
5	23	10.766909	7.870720	11.985800	4.275730	1.845334	-9999	2.878810	-9999	-9999	-9999	-9999
5	24	15.995751	10.190600	15.046700	5.106850	2.628863	-9999	0.756002	-9999	-9999	-9999	-9999
5	25	19.353427	13.197100	20.576600	5.871920	3.723203	-9999	0.027531	-9999	-9999	-9999	-9999
5	26	13.859165	11.706200	20.887800	5.574260	3.201716	-9999	1.952450	-9999	-9999	-9999	-9999
5	27	11.891491	10.454900	15.324500	4.199440	2.494048	-9999	0.339396	-9999	-9999	-9999	-9999
5	28	19.176049	11.097100	20.302300	5.041880	3.479845	-9999	4.294650	-9999	-9999	-9999	-9999
5	29	16.061414	7.609070	11.833500	4.115390	1.881857	-9999	1.239020	-9999	-9999	-9999	-9999
5	30	13.017542	7.028130	10.624500	3.070080	1.751990	-9999	10.003200	-9999	-9999	-9999	-9999
5	31	13.088564	9.640990	14.898700	5.133860	1.838075	-9999	2.084770	-9999	-9999	-9999	-9999
6	1	9.160992	9.536660	12.503600	6.540190	1.710608	-9999	3.328430	-9999	-9999	-9999	-9999
6	2	7.083348	7.865210	10.198400	4.881350	1.183161	-9999	3.456390	-9999	-9999	-9999	-9999
6	3	14.987376	7.965950	12.011400	3.253420	1.782886	-9999	1.311530	-9999	-9999	-9999	-9999
6	4	14.774487	9.549080	13.296600	4.125800	1.847778	-9999	7.454640	-9999	-9999	-9999	-9999
6	5	12.790224	9.477180	13.064400	6.288330	1.935549	-9999	10.405400	-9999	-9999	-9999	-9999
6	6	15.465168	11.336500	15.669500	7.059730	2.483385	-9999	0.099340	-9999	-9999	-9999	-9999
6	7	18.870624	12.807300	17.805700	7.999090	2.494153	-9999	0.000000	-9999	-9999	-9999	-9999
6	8	17.326915	15.755700	20.635900	7.753080	3.429371	-9999	2.169460	-9999	-9999	-9999	-9999
6	9	20.624630	16.161000	20.409000	12.718600	4.003119	-9999	1.004840	-9999	-9999	-9999	-9999
6	10	18.538416	12.616900	17.844800	7.966980	3.393478	-9999	1.483410	-9999	-9999	-9999	-9999
6	11	18.916329	12.151000	17.732600	6.901030	3.146015	-9999	0.163937	-9999	-9999	-9999	-9999
6	12	14.898729	12.143700	16.656600	5.908390	2.249538	-9999	5.690080	-9999	-9999	-9999	-9999
6	13	19.996071	14.584300	19.850800	7.936430	2.603696	-9999	1.477030	-9999	-9999	-9999	-9999
6	14	1.902813	12.879300	15.199600	9.875060	0.536512	-9999	49.743700	-9999	-9999	-9999	-9999
6	15	3.548318	9.067110	11.602500	6.572760	1.145409	-9999	30.314200	-9999	-9999	-9999	-9999
6	16	5.036351	7.887980	10.376100	6.064000	1.039300	-9999	10.104700	-9999	-9999	-9999	-9999
6	17	3.401300	8.680850	10.903000	6.439360	0.427981	-9999	17.604200	-9999	-9999	-9999	-9999
6	18	6.352699	12.037400	16.123000	7.850680	0.913687	-9999	0.218777	-9999	-9999	-9999	-9999
6	19	10.033373	13.007900	17.431100	9.649450	1.554693	-9999	4.040840	-9999	-9999	-9999	-9999
6	20	22.077706	14.221400	18.992000	8.981880	2.561791	-9999	0.492814	-9999	-9999	-9999	-9999
6	21	17.485978	15.081900	19.647000	10.434800	1.899392	-9999	5.825520	-9999	-9999	-9999	-9999
6	22	18.446660	16.124400	21.341800	11.040800	2.376778	-9999	4.313030	-9999	-9999	-9999	-9999
6	23	16.049836	17.153900	22.956900	11.152000	3.589086	-9999	0.377340	-9999	-9999	-9999	-9999
6	24	4.831652	15.637600	18.594000	13.090700	0.935557	-9999	2.568330	-9999	-9999	-9999	-9999
6	25	7.719624	16.555500	19.976000	13.838000	1.545882	-9999	3.125190	-9999	-9999	-9999	-9999
6	26	11.478154	16.983000	20.378900	13.798100	2.149053	-9999	1.655650	-9999	-9999	-9999	-9999
6	27	9.939283	16.277400	20.127600	13.315800	1.697348	-9999	7.041810	-9999	-9999	-9999	-9999
6	28	6.961429	13.763400	16.839300	11.697800	1.245770	-9999	8.212430	-9999	-9999	-9999	-9999
6	29	11.544249	14.737900	17.766500	10.791400	2.154783	-9999	2.637200	-9999	-9999	-9999	-9999
6	30	13.085971	17.365200	21.836800	12.435000	2.594372	-9999	4.081410	-9999	-9999	-9999	-9999
7	1	18.119030	19.320100	26.879300	14.370400	3.797399	-9999	0.879876	-9999	-9999	-9999	-9999
7	2	20.109513	14.397400	19.927500	9.869450	3.579681	-9999	0.874062	-9999	-9999	-9999	-9999
7	3	5.713770	12.877900	17.404200	10.079100	1.560851	-9999	18.841900	-9999	-9999	-9999	-9999
7	4	10.386576	12.959400	16.499500	9.920660	2.255923	-9999	4.263990	-9999	-9999	-9999	-9999
7	5	5.624441	11.313400	13.080100	9.457400	1.293968	-9999	10.982500	-9999	-9999	-9999	-9999
7	6	17.917373	14.525900	19.284900	9.731900	2.602441	-9999	3.129070	-9999	-9999	-9999	-9999
7	7	4.056843	13.975800	16.546700	11.536700	1.277919	-9999	22.169600	-9999	-9999	-9999	-9999
7	8	3.862322	13.041200	16.980500	10.551000	0.921599	-9999	6.890320	-9999	-9999	-9999	-9999
7	9	11.430633	13.673700	17.554600	10.640700	2.270718	-9999	0.103573	-9999	-9999	-9999	-9999
7	10	21.830083	16.278500	22.254500	8.803990	3.228894	-9999	0.000000	-9999	-9999	-9999	-9999
7	11	16.977255	15.966400	22.733500	10.734300	2.972983	-9999	7.462990	-9999	-9999	-9999	-9999
7	12	18.215712	13.426900	17.671600	9.009640	2.965703	-9999	4.226930	-9999	-9999	-9999	-9999
7	13	7.612099	14.130000	18.289000	11.033400	1.848030	-9999	11.886300	-9999	-9999	-9999	-9999
7	14	6.071941	13.595300	16.682000	11.094900	1.728488	-9999	4.884530	-9999	-9999	-9999	-9999
7	15	12.975551	12.535000	16.525700	9.205510	2.811514	-9999	5.773010	-9999	-9999	-9999	-9999
7	16	8.848224	13.269600	18.939500	8.922060	1.919148	-9999	16.236900	-9999	-9999	-9999	-9999
7	17	20.830868	12.093300	16.438300	8.025330	2.574823	-9999	0.686257	-9999	-9999	-9999	-9999
7	18	18.938880	12.860000	18.343900	6.541500	2.349293	-9999	2.872710	-9999	-9999	-9999	-9999
7	19	11.160720	11.986400	15.751800	8.741910	1.801483	-9999	1.398260	-9999	-9999	-9999	-9999
7	20	9.686995	12.795100	16.917300	9.255340	1.920017	-9999	2.392220	-9999	-9999	-9999	-9999
7	21	3.600634	11.926300	14.611800	9.269780	1.458518	-9999	5.593640	-9999	-9999	-9999	-9999
7	22	8.551207	12.949300	16.600300	9.574740	1.950114	-9999	6.032110	-9999	-9999	-9999	-9999
7	23	2.288148	12.687300	14.663900	10.390100	0.671892	-9999	5.381810	-9999	-9999	-9999	-9999
7	24	13.442717	14.680000	19.227300	11.447700	1.993813	-9999	0.526624	-9999	-9999	-9999	-9999
7	25	14.598748	15.268100	20.668100	11.006800	2.161457	-9999	1.811040	-9999	-9999	-9999	-9999
7	26	5.083612	14.508700	17.868500	12.657900	1.311809	-9999	11.113600	-9999	-9999	-9999	-9999
7	27	9.307354	12.590700	15.952200	10.170100	2.245899	-9999	0.222523	-9999	-9999	-9999	-9999
7	28	19.793463	14.110200	19.861100	9.536010	2.943177	-9999	0.000000	-9999	-9999	-9999	-9999
7	29	19.888589	18.284700	26.310500	10.100800	3.381357	-9999	12.531900	-9999	-9999	-9999	-9999
7	30	4.595253	10.647200	16.714900	6.947240	1.820834	-9999	36.864100	-9999	-9999	-9999	-9999
7	31	8.183463	8.043350	10.453600	6.178350	1.571396	-9999	3.887950	-9999	-9999	-9999	-9999
8	1	15.736983	10.635100	15.502000	5.953420	2.224018	-9999	0.528219	-9999	-9999	-9999	-9999
8	2	13.382841	12.382700	16.099000	7.068560	2.653771	-9999	0.056231	-9999	-9999	-9999	-9999
8	3	16.654896	13.882200	18.524100	8.708020	2.948364	-9999	0.027618	-9999	-9999	-9999	-9999
8	4	3.347136	12.840400	15.316100	10.208200	0.969442	-9999	8.626860	-9999	-9999	-9999	-9999
8	5	5.420183	11.239500	14.081200	8.937300	1.108978	-9999	8.434230	-9999	-9999	-9999	-9999
8	6	3.377264	11.008100	13.046500	8.527730	0.871346	-9999	7.131890	-9999	-9999	-9999	-9999
8	7	7.590595	12.787600	15.625100	10.222800	1.506468	-9999	3.144060	-9999	-9999	-9999	-9999
8	8	5.789240	13.279900	15.785100	10.748800	1.191773	-9999	6.782700	-9999	-9999	-9999	-9999
8	9	14.386378	14.450700	18.567100	10.724000	1.973911	-9999	0.000000	-9999	-9999	-9999	-9999
8	10	19.145635	15.619100	21.509000	10.292900	2.774070	-9999	0.167911	-9999	-9999	-9999	-9999
8	11	9.974966	15.137900	19.246400	11.532500	1.737843	-9999	4.607350	-9999	-9999	-9999	-9999
8	12	12.179894	14.450600	18.184000	11.779300	2.528895	-9999	0.063926	-9999	-9999	-9999	-9999
8	13	16.783978	14.790400	19.360800	9.794450	3.349785	-9999	0.000000	-9999	-9999	-9999	-9999
8	14	14.466211	15.958700	20.268200	11.735100	4.576494	-9999	0.000000	-9999	-9999	-9999	-9999
8	15	19.539014	16.990600	22.640200	11.603900	4.799148	-9999	0.000000	-9999	-9999	-9999	-9999
8	16	18.750959	18.205400	24.567800	13.282400	4.603743	-9999	0.000000	-9999	-9999	-9999	-9999
8	17	18.601142	18.053600	23.987300	13.029800	3.132660	-9999	0.000000	-9999	-9999	-9999	-9999
8	18	19.221408	20.011300	27.509400	13.754400	4.907531	-9999	0.000000	-9999	-9999	-9999	-9999
8	19	16.885498	20.959400	27.410500	15.772700	4.832653	-9999	0.049400	-9999	-9999	-9999	-9999
8	20	15.076282	20.641600	27.831900	15.732900	3.998226	-9999	0.838464	-9999	-9999	-9999	-9999
8	21	18.232041	20.390800	28.072500	14.916700	4.966247	-9999	0.053379	-9999	-9999	-9999	-9999
8	22	18.231956	21.051700	28.389200	14.301400	6.166372	-9999	0.057818	-9999	-9999	-9999	-9999
8	23	7.028147	17.445700	22.437000	14.877500	1.433814	-9999	12.424600	-9999	-9999	-9999	-9999
8	24	6.677856	15.134400	18.157600	11.846400	2.202765	-9999	0.096790	-9999	-9999	-9999	-9999
8	25	13.765162	15.869500	22.115100	11.666900	3.784942	-9999	0.000000	-9999	-9999	-9999	-9999
8	26	14.924390	18.774300	26.647100	12.828900	4.268213	-9999	13.633500	-9999	-9999	-9999	-9999
8	27	15.509145	10.480700	14.758000	7.260150	3.022377	-9999	0.403385	-9999	-9999	-9999	-9999
8	28	4.260297	9.433390	10.834000	7.494250	1.100465	-9999	15.983200	-9999	-9999	-9999	-9999
8	29	2.380320	10.042600	12.942000	6.518750	1.483385	-9999	26.310000	-9999	-9999	-9999	-9999
8	30	7.173343	8.018350	10.616800	5.191120	1.736021	-9999	5.136010	-9999	-9999	-9999	-9999
8	31	14.984438	13.332800	18.925700	6.742110	2.520503	-9999	2.169510	-9999	-9999	-9999	-9999
9	1	12.335241	13.992400	18.899000	4.403570	2.862158	-9999	22.601700	-9999	-9999	-9999	-9999
9	2	2.112929	7.783740	9.309630	6.231580	0.692514	-9999	11.790400	-9999	-9999	-9999	-9999
9	3	4.491029	7.805620	10.452200	5.407110	1.308183	-9999	6.068410	-9999	-9999	-9999	-9999
9	4	8.587927	6.285260	9.066320	3.640210	1.299188	-9999	5.593740	-9999	-9999	-9999	-9999
9	5	7.036909	5.163230	8.118380	1.250410	0.898121	-9999	15.579600	-9999	-9999	-9999	-9999
9	6	12.384058	9.850420	15.558800	3.658210	2.650840	-9999	3.015610	-9999	-9999	-9999	-9999
9	7	4.686897	8.689840	10.721600	6.685460	1.076270	-9999	10.646300	-9999	-9999	-9999	-9999
9	8	10.372838	12.553400	17.190800	7.265570	2.418790	-9999	0.502931	-9999	-9999	-9999	-9999
9	9	15.568329	15.476400	21.748800	9.322090	4.195547	-9999	0.000000	-9999	-9999	-9999	-9999
9	10	14.073783	16.908300	22.647800	11.804800	3.766075	-9999	0.000000	-9999	-9999	-9999	-9999
9	11	14.934154	17.186100	22.740600	12.913100	4.082282	-9999	0.000000	-9999	-9999	-9999	-9999
9	12	4.130404	8.470900	16.599400	3.858350	1.394543	-9999	21.848400	-9999	-9999	-9999	-9999
9	13	14.620781	10.669500	15.750700	3.190200	2.473060	-9999	0.000000	-9999	-9999	-9999	-9999
9	14	14.126832	13.774100	20.942400	9.678750	2.933539	-9999	0.000000	-9999	-9999	-9999	-9999
9	15	13.084416	13.052500	20.453200	8.898170	2.517444	-9999	1.147040	-9999	-9999	-9999	-9999
9	16	7.000439	6.580860	10.706900	4.265600	1.591496	-9999	5.389240	-9999	-9999	-9999	-9999
9	17	6.024992	8.981430	10.886200	4.176030	1.268378	-9999	8.972320	-9999	-9999	-9999	-9999
9	18	4.159019	13.071800	16.466200	8.959240	1.505320	-9999	1.366060	-9999	-9999	-9999	-9999
9	19	9.485856	15.421200	21.592700	10.640500	2.524362	-9999	9.490770	-9999	-9999	-9999	-9999
9	20	10.715760	14.529300	20.100100	10.826100	2.817505	-9999	0.010726	-9999	-9999	-9999	-9999
9	21	13.473044	16.463600	22.171400	11.406500	3.528931	-9999	0.000000	-9999	-9999	-9999	-9999
9	22	12.396931	14.042300	22.399900	7.363110	2.805884	-9999	4.172880	-9999	-9999	-9999	-9999
9	23	6.105672	10.805100	14.236100	6.710310	1.607775	-9999	0.129254	-9999	-9999	-9999	-9999
9	24	11.352096	15.623300	20.477500	9.187850	4.115850	-9999	0.052022	-9999	-9999	-9999	-9999
9	25	7.932392	15.349600	19.131300	11.915700	2.241561	-9999	0.760487	-9999	-9999	-9999	-9999
9	26	12.623472	17.551300	23.541300	11.212700	4.601989	-9999	0.000000	-9999	-9999	-9999	-9999
9	27	10.530951	18.197300	22.988900	14.609300	5.030283	-9999	0.907694	-9999	-9999	-9999	-9999
9	28	10.813737	17.939100	23.974800	14.307800	3.939547	-9999	0.018572	-9999	-9999	-9999	-9999
9	29	11.053152	16.093500	20.816700	12.365200	4.874322	-9999	0.000000	-9999	-9999	-9999	-9999
9	30	6.046902	12.687000	16.947700	10.127700	1.371238	-9999	6.106770	-9999	-9999	-9999	-9999
10	1	1.895227	12.220100	16.463100	9.135470	0.724449	-9999	5.349920	-9999	-9999	-9999	-9999
10	2	2.576508	10.066300	12.997400	7.651700	0.889072	-9999	8.422940	-9999	-9999	-9999	-9999
10	3	9.891590	13.198600	18.568500	7.564540	2.310742	-9999	1.170580	-9999	-9999	-9999	-9999
10	4	2.121431	9.888470	13.532500	5.860750	1.042416	-9999	10.299400	-9999	-9999	-9999	-9999
10	5	6.176096	5.494550	9.440510	2.307010	1.183734	-9999	2.182790	-9999	-9999	-9999	-9999
10	6	11.146032	6.306650	12.341600	1.804200	1.270270	-9999	0.000005	-9999	-9999	-9999	-9999
10	7	10.989216	8.453750	14.224700	2.094790	2.318987	-9999	0.000000	-9999	-9999	-9999	-9999
10	8	10.327392	10.616100	16.174700	6.620880	1.850226	-9999	0.000000	-9999	-9999	-9999	-9999
10	9	10.163923	10.969900	16.723600	6.319030	1.538925	-9999	0.000000	-9999	-9999	-9999	-9999
10	10	9.448704	10.561200	16.243100	6.538630	1.708376	-9999	0.110722	-9999	-9999	-9999	-9999
10	11	6.213620	6.536330	10.128000	1.923830	1.354987	-9999	0.968482	-9999	-9999	-9999	-9999
10	12	4.212683	1.749280	4.811200	-1.061830	1.177831	-9999	5.006050	-9999	-9999	-9999	-9999
10	13	10.218269	4.146100	9.688460	-3.102480	2.733419	-9999	0.020647	-9999	-9999	-9999	-9999
10	14	7.623996	3.497510	7.269330	-0.887544	1.346305	-9999	5.379260	-9999	-9999	-9999	-9999
10	15	5.630801	-0.188738	3.343670	-3.468350	1.190982	-9999	1.706850	-9999	-9999	-9999	-9999
10	16	8.758109	2.362590	7.353130	-3.456300	1.907817	-9999	0.000000	-9999	-9999	-9999	-9999
10	17	9.437299	4.284130	10.133100	-0.929384	1.566484	-9999	0.000000	-9999	-9999	-9999	-9999
10	18	6.516219	6.732770	11.045600	1.468810	0.860619	-9999	2.714920	-9999	-9999	-9999	-9999
10	19	3.684269	8.949140	13.878500	4.894770	0.887291	-9999	7.541710	-9999	-9999	-9999	-9999
10	20	3.393412	7.211130	11.559600	3.851590	1.058061	-9999	3.185750	-9999	-9999	-9999	-9999
10	21	7.696711	10.011600	15.284800	4.214930	3.745958	-9999	0.000000	-9999	-9999	-9999	-9999
10	22	7.780173	11.874800	19.051600	5.646850	2.489962	-9999	0.019994	-9999	-9999	-9999	-9999
10	23	6.439124	12.170100	17.244000	8.446140	3.178424	-9999	4.680620	-9999	-9999	-9999	-9999
10	24	7.002953	10.208000	15.483200	6.378420	1.767150	-9999	0.069641	-9999	-9999	-9999	-9999
10	25	5.177926	3.944230	9.455090	1.150730	1.148559	-9999	7.337030	-9999	-9999	-9999	-9999
10	26	7.207039	4.069140	8.907180	0.079558	1.319828	-9999	0.326832	-9999	-9999	-9999	-9999
10	27	7.919355	5.774000	11.853700	1.457490	1.503613	-9999	0.000000	-9999	-9999	-9999	-9999
10	28	5.535242	11.376700	15.434000	3.051270	2.230742	-9999	5.890970	-9999	-9999	-9999	-9999
10	29	2.348983	4.857100	14.224600	2.074980	0.397356	-9999	13.555500	-9999	-9999	-9999	-9999
10	30	5.977238	4.884600	8.943500	1.319460	1.562346	-9999	0.212605	-9999	-9999	-9999	-9999
10	31	3.131706	2.696910	5.999800	-0.828035	0.940154	-9999	8.354030	-9999	-9999	-9999	-9999
11	1	3.356856	4.119690	9.372790	-0.721459	0.692279	-9999	15.028200	-9999	-9999	-9999	-9999
11	2	4.696151	6.359250	11.423700	2.194130	1.639345	-9999	4.906580	-9999	-9999	-9999	-9999
11	3	2.141424	3.606080	10.915800	0.032203	1.101068	-9999	10.970100	-9999	-9999	-9999	-9999
11	4	4.193571	0.706207	2.850910	-1.447170	1.115555	-9999	1.723860	-9999	-9999	-9999	-9999
11	5	6.140889	3.374790	5.911090	-0.994133	1.338369	-9999	6.225950	-9999	-9999	-9999	-9999
11	6	3.138316	3.532470	6.442920	1.416540	1.017494	-9999	3.643990	-9999	-9999	-9999	-9999
11	7	3.366170	1.609160	3.913810	-0.711937	0.650646	-9999	3.711580	-9999	-9999	-9999	-9999
11	8	3.105769	-0.072174	2.621180	-2.081080	0.421391	-9999	8.372100	-9999	-9999	-9999	-9999
11	9	2.414344	-1.767400	1.332690	-3.474910	0.376810	-9999	4.902730	-9999	-9999	-9999	-9999
11	10	4.159564	-2.487060	1.511620	-5.841480	0.394071	-9999	0.616235	-9999	-9999	-9999	-9999
11	11	4.481464	1.196870	4.397910	-4.794950	0.561641	-9999	0.746463	-9999	-9999	-9999	-9999
11	12	4.724119	2.657350	4.780450	0.593330	0.629703	-9999	0.033091	-9999	-9999	-9999	-9999
11	13	4.543465	3.508090	5.413750	1.417790	1.985425	-9999	0.012948	-9999	-9999	-9999	-9999
11	14	4.440805	2.702760	5.149040	0.280861	2.044703	-9999	0.008997	-9999	-9999	-9999	-9999
11	15	5.468394	4.694610	7.451990	1.213170	3.849382	-9999	0.000000	-9999	-9999	-9999	-9999
11	16	5.413245	6.039670	9.379510	3.356700	7.134975	-9999	0.000000	-9999	-9999	-9999	-9999
11	17	5.221930	4.115600	7.421440	1.407450	3.954069	-9999	0.000000	-9999	-9999	-9999	-9999
11	18	4.889964	1.190700	4.939690	-1.736870	1.122583	-9999	0.771145	-9999	-9999	-9999	-9999
11	19	4.561307	-2.215760	1.468280	-4.801990	1.170244	-9999	0.043623	-9999	-9999	-9999	-9999
11	20	4.887233	2.355130	5.669700	-4.155790	2.334008	-9999	0.000000	-9999	-9999	-9999	-9999
11	21	4.306833	3.661010	6.782220	1.649240	1.842222	-9999	0.091498	-9999	-9999	-9999	-9999
11	22	1.539734	0.200897	3.880330	-2.064420	0.647716	-9999	10.752100	-9999	-9999	-9999	-9999
11	23	3.354800	-0.600037	3.033960	-2.670160	0.556773	-9999	1.754340	-9999	-9999	-9999	-9999
11	24	4.130421	2.598080	4.907190	-2.191920	1.299537	-9999	0.005416	-9999	-9999	-9999	-9999
11	25	3.914620	6.886780	10.455800	2.883030	3.820461	-9999	0.000017	-9999	-9999	-9999	-9999
11	26	4.218636	6.748470	10.093100	2.872840	2.617110	-9999	0.000000	-9999	-9999	-9999	-9999
11	27	2.534803	3.696260	8.221270	0.653663	0.921164	-9999	6.090990	-9999	-9999	-9999	-9999
11	28	3.508065	2.419250	4.698170	-1.455440	0.894035	-9999	3.488750	-9999	-9999	-9999	-9999
11	29	1.196804	7.067320	9.499170	2.763250	0.853541	-9999	15.493200	-9999	-9999	-9999	-9999
11	30	3.846960	7.656830	12.028100	4.203590	2.062474	-9999	0.000000	-9999	-9999	-9999	-9999
12	1	2.683523	5.429840	9.931550	1.788080	1.450140	-9999	3.543270	-9999	-9999	-9999	-9999
12	2	2.292702	-2.705390	3.466580	-5.230990	1.172589	-9999	2.231110	-9999	-9999	-9999	-9999
12	3	3.532352	-4.865540	-2.093810	-6.765720	1.218803	-9999	0.009514	-9999	-9999	-9999	-9999
12	4	4.018438	-2.717840	1.037750	-6.817810	1.919382	-9999	0.000000	-9999	-9999	-9999	-9999
12	5	3.957302	3.506530	6.897920	-3.003210	3.885671	-9999	0.000000	-9999	-9999	-9999	-9999
12	6	3.631453	3.915030	8.140870	1.436270	2.810661	-9999	0.000012	-9999	-9999	-9999	-9999
12	7	2.298663	2.131010	3.957580	1.162650	0.743399	-9999	3.312330	-9999	-9999	-9999	-9999
12	8	0.937647	7.591090	11.048000	1.603820	1.424575	-9999	1.901810	-9999	-9999	-9999	-9999
12	9	2.052285	4.288260	11.044400	-0.244268	1.350483	-9999	5.758530	-9999	-9999	-9999	-9999
12	10	0.503322	-0.826238	1.122590	-1.952980	0.607790	-9999	5.595920	-9999	-9999	-9999	-9999
12	11	2.196115	-1.389840	1.668210	-3.044220	0.316255	-9999	8.513670	-9999	-9999	-9999	-9999
12	12	2.374065	-3.047550	0.351013	-4.996190	0.372944	-9999	0.327803	-9999	-9999	-9999	-9999
12	13	2.599024	-0.510015	3.080410	-7.572940	0.503910	-9999	5.288390	-9999	-9999	-9999	-9999
12	14	2.369166	0.881648	3.342800	-0.998693	0.444796	-9999	2.928900	-9999	-9999	-9999	-9999
12	15	2.127505	1.395170	4.320590	0.006770	0.783694	-9999	4.098200	-9999	-9999	-9999	-9999
12	16	2.069341	-1.500070	1.568150	-3.465760	0.364884	-9999	3.812850	-9999	-9999	-9999	-9999
12	17	2.845256	-2.075720	0.419830	-3.737070	0.558997	-9999	1.490610	-9999	-9999	-9999	-9999
12	18	1.911557	1.389800	3.885220	-2.863350	0.332489	-9999	12.615000	-9999	-9999	-9999	-9999
12	19	3.139197	1.855460	4.429960	-0.374303	1.042682	-9999	0.138077	-9999	-9999	-9999	-9999
12	20	2.363818	2.816310	5.286990	-1.137460	0.925053	-9999	0.049521	-9999	-9999	-9999	-9999
12	21	2.749559	3.775750	5.547550	1.509430	0.872994	-9999	2.332920	-9999	-9999	-9999	-9999
12	22	3.369928	0.992732	6.791690	-1.759650	1.024540	-9999	0.577205	-9999	-9999	-9999	-9999
12	23	3.507685	0.092860	3.312440	-2.111580	1.151799	-9999	0.035852	-9999	-9999	-9999	-9999
12	24	0.746991	3.180900	5.664920	-0.229833	0.590568	-9999	3.871690	-9999	-9999	-9999	-9999
12	25	3.287036	3.895200	6.230410	1.893950	1.429628	-9999	0.000000	-9999	-9999	-9999	-9999
12	26	2.801347	4.076200	7.164860	2.470880	1.029397	-9999	0.000057	-9999	-9999	-9999	-9999
12	27	3.074699	3.345450	5.371830	1.511040	1.003436	-9999	0.000000	-9999	-9999	-9999	-9999
12	28	3.359690	3.984400	6.639040	1.667540	0.768023	-9999	0.002105	-9999	-9999	-9999	-9999
12	29	1.708534	2.070310	7.228730	-1.071420	0.598762	-9999	4.942720	-9999	-9999	-9999	-9999
12	30	3.364718	0.491633	3.221530	-2.830600	1.212461	-9999	0.367001	-9999	-9999	-9999	-9999
12	31	3.599070	1.094690	4.178070	-1.251200	1.494317	-9999	0.014463	-9999	-9999	-9999	-9999
