Month	n_days	Rg_f	Ta_f	Tmax	Tmin	VPD_f	Ts_f	Precip	SWC	LAI	ET	LITTERFALL
1	1	3.315514	0.259578	4.188200	-3.502540	2.177197	-9999	0.000000	-9999	-9999	-9999	-9999
1	2	3.373937	-0.718541	4.754210	-3.991160	2.204829	-9999	0.000000	-9999	-9999	-9999	-9999
1	3	3.197301	-1.527900	3.043670	-3.722210	0.987925	-9999	0.000000	-9999	-9999	-9999	-9999
1	4	3.429233	-1.204780	4.557370	-6.005470	1.303911	-9999	0.000000	-9999	-9999	-9999	-9999
1	5	3.489013	-0.132573	4.076540	-2.588390	0.835133	-9999	0.000000	-9999	-9999	-9999	-9999
1	6	3.498094	0.820582	4.593990	-2.316720	0.831063	-9999	0.000000	-9999	-9999	-9999	-9999
1	7	2.126408	-0.396947	2.334050	-2.005780	0.412289	-9999	2.689500	-9999	-9999	-9999	-9999
1	8	2.311606	-0.318853	2.294980	-1.996710	0.328627	-9999	5.510110	-9999	-9999	-9999	-9999
1	9	3.429492	-1.742500	2.776120	-5.020210	0.800464	-9999	0.801760	-9999	-9999	-9999	-9999
1	10	3.274197	-0.384862	3.439790	-5.036050	0.616853	-9999	0.053009	-9999	-9999	-9999	-9999
1	11	3.099583	1.269250	4.349490	-1.103430	0.547939	-9999	0.821918	-9999	-9999	-9999	-9999
1	12	3.029123	-0.841771	3.441770	-4.067630	0.516272	-9999	3.533940	-9999	-9999	-9999	-9999
1	13	3.319514	-0.886357	3.711730	-4.122200	0.607837	-9999	0.179206	-9999	-9999	-9999	-9999
1	14	2.900310	-1.992500	1.791350	-5.158450	0.536448	-9999	0.867742	-9999	-9999	-9999	-9999
1	15	2.757689	-6.387150	-1.978940	-10.809500	0.414892	-9999	0.618759	-9999	-9999	-9999	-9999
1	16	4.090020	-7.829380	-4.057560	-11.086800	0.522587	-9999	0.120662	-9999	-9999	-9999	-9999
1	17	3.243387	-6.497380	-3.131870	-10.058500	0.412645	-9999	1.918560	-9999	-9999	-9999	-9999
1	18	3.829870	-10.333300	-6.005430	-14.470000	0.812558	-9999	0.522574	-9999	-9999	-9999	-9999
1	19	4.402512	-4.284790	0.123688	-13.447300	1.084299	-9999	0.000000	-9999	-9999	-9999	-9999
1	20	3.941188	-3.216860	0.518707	-5.808080	0.998311	-9999	0.000046	-9999	-9999	-9999	-9999
1	21	3.226176	-5.589240	-1.063320	-9.695380	0.578304	-9999	0.990939	-9999	-9999	-9999	-9999
1	22	4.566456	-7.046330	-1.755950	-11.409800	0.733168	-9999	0.009496	-9999	-9999	-9999	-9999
1	23	4.726676	-6.587770	-2.225340	-9.513040	1.027164	-9999	0.000000	-9999	-9999	-9999	-9999
1	24	4.710580	-6.329870	-0.743897	-10.520500	0.982878	-9999	0.000000	-9999	-9999	-9999	-9999
1	25	4.861357	-5.327700	-1.384310	-9.668980	0.749922	-9999	0.000000	-9999	-9999	-9999	-9999
1	26	4.682915	3.061670	6.661930	-5.857460	2.016272	-9999	0.000000	-9999	-9999	-9999	-9999
1	27	4.770714	3.160790	8.749330	-0.215614	1.608782	-9999	0.000000	-9999	-9999	-9999	-9999
1	28	4.596333	2.035210	5.662600	-2.084330	0.886291	-9999	0.017309	-9999	-9999	-9999	-9999
1	29	2.993941	3.231320	6.076900	-0.329475	0.779610	-9999	2.142420	-9999	-9999	-9999	-9999
1	30	4.976208	2.272180	4.367220	0.031426	1.109646	-9999	0.801359	-9999	-9999	-9999	-9999
1	31	4.471442	3.760550	6.271640	2.176720	0.808155	-9999	1.329340	-9999	-9999	-9999	-9999
2	1	5.443805	0.360192	4.427270	-2.208530	1.379416	-9999	0.168288	-9999	-9999	-9999	-9999
2	2	4.966868	0.981926	4.443480	-2.757200	0.600274	-9999	4.640320	-9999	-9999	-9999	-9999
2	3	3.699311	-2.357190	0.392297	-4.751490	0.460329	-9999	5.319800	-9999	-9999	-9999	-9999
2	4	4.031389	-0.168464	3.276610	-4.748010	0.649279	-9999	0.980241	-9999	-9999	-9999	-9999
2	5	3.836160	1.191860	4.682060	-4.259640	0.659552	-9999	2.002580	-9999	-9999	-9999	-9999
2	6	5.447036	1.552450	4.826010	-1.857360	0.995915	-9999	0.000000	-9999	-9999	-9999	-9999
2	7	4.099619	2.584890	5.099420	-0.931517	0.903746	-9999	0.370262	-9999	-9999	-9999	-9999
2	8	3.022713	0.588249	3.720300	-0.908599	0.196729	-9999	4.369940	-9999	-9999	-9999	-9999
2	9	2.615138	-0.527717	2.453330	-3.109890	0.312004	-9999	1.241670	-9999	-9999	-9999	-9999
2	10	2.770010	-1.082340	2.245870	-3.879480	0.237664	-9999	4.728740	-9999	-9999	-9999	-9999
2	11	2.884922	-1.845830	0.982629	-4.287050	0.288249	-9999	5.395560	-9999	-9999	-9999	-9999
2	12	6.515545	-3.814890	2.546110	-7.440580	0.540593	-9999	0.071260	-9999	-9999	-9999	-9999
2	13	6.751089	-0.435432	4.367210	-7.761080	1.749626	-9999	0.000000	-9999	-9999	-9999	-9999
2	14	5.303413	0.915123	3.402310	-1.456910	0.533276	-9999	2.941190	-9999	-9999	-9999	-9999
2	15	3.245218	-1.378850	2.743460	-5.442630	0.502638	-9999	1.065370	-9999	-9999	-9999	-9999
2	16	5.432884	1.148520	4.191830	-3.366150	0.797351	-9999	0.338348	-9999	-9999	-9999	-9999
2	17	5.451728	1.340110	3.521720	-1.132290	0.393302	-9999	2.752660	-9999	-9999	-9999	-9999
2	18	5.073123	2.363910	5.663350	0.643525	0.625117	-9999	0.735135	-9999	-9999	-9999	-9999
2	19	3.933766	0.839592	4.283780	-2.473110	0.799400	-9999	4.063110	-9999	-9999	-9999	-9999
2	20	4.361256	-0.566047	2.475550	-4.312100	0.597740	-9999	6.119300	-9999	-9999	-9999	-9999
2	21	4.303618	0.910637	3.435140	-2.027190	0.569816	-9999	5.338460	-9999	-9999	-9999	-9999
2	22	8.519878	2.462180	5.527920	-1.493250	1.606545	-9999	0.000000	-9999	-9999	-9999	-9999
2	23	4.204457	1.425990	5.150780	-1.417450	0.643290	-9999	4.213870	-9999	-9999	-9999	-9999
2	24	3.432551	-1.771460	1.157500	-3.696010	0.525903	-9999	3.096030	-9999	-9999	-9999	-9999
2	25	4.204431	-1.202400	1.831020	-4.198030	0.384009	-9999	0.983958	-9999	-9999	-9999	-9999
2	26	6.983176	0.670769	3.040700	-2.110410	0.269789	-9999	1.326520	-9999	-9999	-9999	-9999
2	27	3.114608	1.640040	3.215880	-0.047789	0.078512	-9999	9.463600	-9999	-9999	-9999	-9999
2	28	7.124881	0.939080	3.394310	-1.664820	0.434902	-9999	0.009426	-9999	-9999	-9999	-9999
3	1	3.116724	2.858280	4.952110	-0.370504	0.368752	-9999	1.093250	-9999	-9999	-9999	-9999
3	2	5.474891	3.372100	5.742640	1.800790	0.358892	-9999	7.448650	-9999	-9999	-9999	-9999
3	3	5.605684	0.629734	4.189440	-1.225450	0.381874	-9999	14.339100	-9999	-9999	-9999	-9999
3	4	5.793440	-0.170407	4.598530	-4.416460	0.857234	-9999	0.930217	-9999	-9999	-9999	-9999
3	5	10.124179	3.706150	6.883630	-4.324910	2.202642	-9999	0.000000	-9999	-9999	-9999	-9999
3	6	10.924070	6.635650	12.471800	2.854780	2.791273	-9999	0.000000	-9999	-9999	-9999	-9999
3	7	8.801568	6.711890	12.691200	3.076270	2.445643	-9999	0.000000	-9999	-9999	-9999	-9999
3	8	11.049610	6.145600	11.094900	2.993660	1.544357	-9999	0.000000	-9999	-9999	-9999	-9999
3	9	11.334556	8.606970	14.213100	2.959820	2.341585	-9999	0.000000	-9999	-9999	-9999	-9999
3	10	7.672830	8.762120	14.472300	5.043250	1.735118	-9999	0.036481	-9999	-9999	-9999	-9999
3	11	11.556518	6.513980	12.356100	3.534160	1.016700	-9999	0.000004	-9999	-9999	-9999	-9999
3	12	8.332416	8.321080	13.430400	3.506940	1.381023	-9999	3.525480	-9999	-9999	-9999	-9999
3	13	9.341914	7.061070	11.460100	4.563360	1.028848	-9999	2.442830	-9999	-9999	-9999	-9999
3	14	8.553903	5.407410	9.389270	3.242110	1.444981	-9999	0.193693	-9999	-9999	-9999	-9999
3	15	9.384941	6.433630	11.938300	3.215830	1.750804	-9999	0.176528	-9999	-9999	-9999	-9999
3	16	4.584850	1.802520	5.855890	-3.362020	0.681975	-9999	23.356000	-9999	-9999	-9999	-9999
3	17	7.233831	-1.442560	4.996600	-5.123650	0.597411	-9999	18.334300	-9999	-9999	-9999	-9999
3	18	8.653219	-0.966061	3.812370	-4.597040	0.893840	-9999	5.674750	-9999	-9999	-9999	-9999
3	19	12.313123	5.538850	9.960930	-3.162280	1.290060	-9999	9.983700	-9999	-9999	-9999	-9999
3	20	13.301194	8.666840	13.002200	6.001170	2.406054	-9999	0.042433	-9999	-9999	-9999	-9999
3	21	10.997511	7.014260	12.083200	3.283880	1.166614	-9999	0.206516	-9999	-9999	-9999	-9999
3	22	13.711334	7.160830	12.679500	2.729440	2.069588	-9999	1.822370	-9999	-9999	-9999	-9999
3	23	10.506413	8.005770	12.796300	4.584120	1.440864	-9999	4.012570	-9999	-9999	-9999	-9999
3	24	11.294554	7.078920	11.108100	4.216070	1.423755	-9999	22.895200	-9999	-9999	-9999	-9999
3	25	12.796704	5.253420	10.252100	1.782760	2.012193	-9999	5.021040	-9999	-9999	-9999	-9999
3	26	12.581913	4.414160	9.860310	0.659311	1.478780	-9999	0.001222	-9999	-9999	-9999	-9999
3	27	9.550829	4.984710	9.365380	2.609260	1.137916	-9999	2.780710	-9999	-9999	-9999	-9999
3	28	4.573653	2.117500	4.914570	-0.777242	0.441599	-9999	14.179300	-9999	-9999	-9999	-9999
3	29	7.480737	-0.166714	2.899220	-2.470600	0.425287	-9999	7.667290	-9999	-9999	-9999	-9999
3	30	7.685245	1.000130	4.270410	-2.801600	0.421956	-9999	4.873180	-9999	-9999	-9999	-9999
3	31	6.046401	1.595980	4.443810	-1.432030	0.353622	-9999	3.844630	-9999	-9999	-9999	-9999
4	1	5.953245	0.786326	3.061250	-1.861150	0.253968	-9999	4.448660	-9999	-9999	-9999	-9999
4	2	13.779159	1.886120	4.687840	-0.753855	0.724572	-9999	0.168872	-9999	-9999	-9999	-9999
4	3	7.919000	2.888130	7.174320	-0.905619	0.726884	-9999	9.439680	-9999	-9999	-9999	-9999
4	4	4.047002	0.075327	3.425420	-4.728800	0.386328	-9999	11.601900	-9999	-9999	-9999	-9999
4	5	9.529574	-5.060930	-2.436310	-6.906780	0.601043	-9999	3.496710	-9999	-9999	-9999	-9999
4	6	8.100976	-2.746820	2.033750	-6.261670	0.702421	-9999	2.074330	-9999	-9999	-9999	-9999
4	7	11.414131	1.509680	4.936130	-5.477300	0.721083	-9999	4.239040	-9999	-9999	-9999	-9999
4	8	10.797322	3.798780	8.473270	-0.251505	1.441353	-9999	2.682650	-9999	-9999	-9999	-9999
4	9	17.138909	4.751410	10.954300	0.575430	1.526685	-9999	0.313180	-9999	-9999	-9999	-9999
4	10	9.738922	5.498940	11.599600	1.251240	1.240737	-9999	9.014830	-9999	-9999	-9999	-9999
4	11	5.716648	4.632850	8.111360	1.166650	0.658947	-9999	8.078730	-9999	-9999	-9999	-9999
4	12	8.963395	6.762640	11.072400	2.595140	1.406997	-9999	1.122750	-9999	-9999	-9999	-9999
4	13	5.766034	4.841380	8.830570	1.233940	0.592175	-9999	5.486860	-9999	-9999	-9999	-9999
4	14	14.913936	5.448160	11.181400	1.330920	1.565097	-9999	3.885530	-9999	-9999	-9999	-9999
4	15	5.479903	2.820660	5.526490	0.989584	0.706231	-9999	11.678800	-9999	-9999	-9999	-9999
4	16	7.754840	3.659800	7.632750	0.664449	1.083942	-9999	3.477350	-9999	-9999	-9999	-9999
4	17	10.246349	3.730300	7.985900	0.993124	1.186913	-9999	3.508680	-9999	-9999	-9999	-9999
4	18	14.184720	5.233410	9.078520	0.985616	1.399745	-9999	1.750280	-9999	-9999	-9999	-9999
4	19	7.771611	3.636790	8.285130	1.214530	0.707225	-9999	9.467740	-9999	-9999	-9999	-9999
4	20	10.862381	3.778390	8.374880	0.658010	1.275537	-9999	1.751280	-9999	-9999	-9999	-9999
4	21	19.253894	5.969000	12.559700	-0.028208	2.096805	-9999	0.000000	-9999	-9999	-9999	-9999
4	22	15.034551	8.215160	13.139900	2.386460	1.770004	-9999	1.372040	-9999	-9999	-9999	-9999
4	23	12.445920	8.637060	13.650900	4.511740	1.723230	-9999	0.082337	-9999	-9999	-9999	-9999
4	24	10.840522	8.836190	13.245100	3.427660	1.548972	-9999	0.009629	-9999	-9999	-9999	-9999
4	25	17.590263	9.119850	15.088700	4.412440	2.204762	-9999	0.000000	-9999	-9999	-9999	-9999
4	26	20.530455	10.024500	18.308400	3.847520	3.070836	-9999	0.000000	-9999	-9999	-9999	-9999
4	27	18.459359	13.709100	21.315900	5.494590	4.237943	-9999	0.000000	-9999	-9999	-9999	-9999
4	28	14.677545	14.470400	20.779000	8.892350	3.554582	-9999	1.672890	-9999	-9999	-9999	-9999
4	29	10.950422	15.466500	20.590700	9.544640	2.318863	-9999	23.565000	-9999	-9999	-9999	-9999
4	30	16.612387	14.917700	20.075000	9.925410	2.603968	-9999	4.428790	-9999	-9999	-9999	-9999
5	1	14.076461	13.704600	19.137900	9.970070	2.704237	-9999	0.010888	-9999	-9999	-9999	-9999
5	2	14.480294	11.767800	16.056300	7.332980	2.675588	-9999	2.279620	-9999	-9999	-9999	-9999
5	3	5.270193	10.197500	13.330300	7.415470	1.096928	-9999	11.992400	-9999	-9999	-9999	-9999
5	4	5.025491	9.639770	12.814500	7.094580	0.978498	-9999	15.332600	-9999	-9999	-9999	-9999
5	5	10.949472	10.708100	15.330600	6.800970	1.968415	-9999	0.500858	-9999	-9999	-9999	-9999
5	6	15.394233	9.580960	13.719900	5.887400	2.231652	-9999	1.222700	-9999	-9999	-9999	-9999
5	7	12.983414	5.133720	8.356850	1.461890	1.203275	-9999	9.289450	-9999	-9999	-9999	-9999
5	8	9.645178	5.036650	9.217840	1.331370	0.950033	-9999	12.481600	-9999	-9999	-9999	-9999
5	9	6.149226	5.154930	9.939710	1.343670	1.005700	-9999	6.293640	-9999	-9999	-9999	-9999
5	10	13.924397	3.698050	7.361120	1.283180	1.360713	-9999	6.986850	-9999	-9999	-9999	-9999
5	11	7.469332	3.760800	7.186350	1.203590	1.221246	-9999	6.609620	-9999	-9999	-9999	-9999
5	12	15.408490	4.773550	9.766640	0.844612	1.704889	-9999	0.264426	-9999	-9999	-9999	-9999
5	13	20.286806	9.699240	16.404300	1.915230	2.969604	-9999	0.000000	-9999	-9999	-9999	-9999
5	14	13.789786	12.388600	17.046600	6.780310	2.716163	-9999	2.747750	-9999	-9999	-9999	-9999
5	15	21.607603	14.575400	20.888400	8.192670	3.040528	-9999	0.061216	-9999	-9999	-9999	-9999
5	16	15.085613	15.454600	21.547000	9.652080	2.751678	-9999	0.689034	-9999	-9999	-9999	-9999
5	17	18.405792	14.508400	19.839900	9.867290	2.975260	-9999	0.450147	-9999	-9999	-9999	-9999
5	18	10.359360	12.062900	15.993100	7.802040	1.425158	-9999	15.953200	-9999	-9999	-9999	-9999
5	19	3.666272	7.520630	11.376500	5.208630	0.859220	-9999	7.238000	-9999	-9999	-9999	-9999
5	20	5.847716	7.332210	9.889140	4.883220	1.161498	-9999	3.680930	-9999	-9999	-9999	-9999
5	21	16.585085	8.902460	14.170100	5.085030	1.981630	-9999	0.314044	-9999	-9999	-9999	-9999
5	22	15.738279	11.803800	16.871000	5.073040	2.620907	-9999	2.587490	-9999	-9999	-9999	-9999
5	23	9.941962	12.404300	17.133200	8.082340	2.359241	-9999	1.947400	-9999	-9999	-9999	-9999
5	24	8.974973	12.910200	16.675100	8.382510	1.593292	-9999	4.493250	-9999	-9999	-9999	-9999
5	25	9.141552	8.559020	12.315200	4.507510	1.623456	-9999	1.506920	-9999	-9999	-9999	-9999
5	26	13.013395	11.186600	16.353500	4.225900	2.239953	-9999	1.048800	-9999	-9999	-9999	-9999
5	27	5.715956	8.512200	11.084300	5.980140	1.334714	-9999	6.195770	-9999	-9999	-9999	-9999
5	28	12.101962	9.982660	13.554100	5.491070	1.622573	-9999	0.133703	-9999	-9999	-9999	-9999
5	29	1.878336	10.582100	13.079100	7.779400	0.328827	-9999	10.271000	-9999	-9999	-9999	-9999
5	30	6.613609	13.170800	16.619700	10.203600	1.239119	-9999	0.174599	-9999	-9999	-9999	-9999
5	31	23.004778	13.350900	19.255800	8.022040	2.942109	-9999	0.000000	-9999	-9999	-9999	-9999
6	1	22.401879	13.259100	19.380700	6.522490	3.496624	-9999	0.000000	-9999	-9999	-9999	-9999
6	2	12.775104	12.351200	18.483100	7.051610	2.638120	-9999	12.119500	-9999	-9999	-9999	-9999
6	3	9.568195	4.852390	8.769890	1.426790	1.123839	-9999	23.270400	-9999	-9999	-9999	-9999
6	4	13.591929	5.907080	10.815100	0.544406	1.204066	-9999	13.267400	-9999	-9999	-9999	-9999
6	5	10.399449	7.725070	11.375500	4.327210	1.322415	-9999	6.429470	-9999	-9999	-9999	-9999
6	6	7.353141	5.987800	9.282890	2.750770	1.450597	-9999	1.826030	-9999	-9999	-9999	-9999
6	7	9.981706	7.092690	9.650530	2.744510	1.185140	-9999	9.269340	-9999	-9999	-9999	-9999
6	8	8.140591	7.027620	10.129400	4.939790	1.431157	-9999	5.646830	-9999	-9999	-9999	-9999
6	9	8.777376	8.151280	11.491000	4.265380	1.051762	-9999	10.801000	-9999	-9999	-9999	-9999
6	10	4.281405	10.063400	14.048400	6.417060	1.073143	-9999	12.924300	-9999	-9999	-9999	-9999
6	11	9.750931	12.468700	16.515200	8.263860	1.176827	-9999	2.494570	-9999	-9999	-9999	-9999
6	12	10.724918	13.811400	17.454600	10.874400	1.067562	-9999	3.005690	-9999	-9999	-9999	-9999
6	13	20.436019	14.339500	18.829200	10.008200	2.712205	-9999	2.266290	-9999	-9999	-9999	-9999
6	14	9.180605	10.458600	16.396900	5.746520	1.528838	-9999	5.450340	-9999	-9999	-9999	-9999
6	15	15.842217	9.398960	13.209000	4.901130	2.393960	-9999	9.187350	-9999	-9999	-9999	-9999
6	16	9.132826	8.087350	12.395300	4.974370	1.537393	-9999	3.809370	-9999	-9999	-9999	-9999
6	17	22.265972	10.561100	16.413700	4.436400	2.630467	-9999	0.000000	-9999	-9999	-9999	-9999
6	18	19.977841	13.341000	19.866500	4.921540	3.126067	-9999	1.018030	-9999	-9999	-9999	-9999
6	19	5.088364	11.813400	15.994300	8.356360	1.097403	-9999	32.763500	-9999	-9999	-9999	-9999
6	20	17.683575	11.030900	15.155900	7.513090	2.093986	-9999	1.760740	-9999	-9999	-9999	-9999
6	21	9.775987	10.308100	13.610100	7.978370	1.717789	-9999	0.695332	-9999	-9999	-9999	-9999
6	22	6.941566	10.882100	14.760700	8.097630	1.132015	-9999	0.625607	-9999	-9999	-9999	-9999
6	23	8.651318	11.440900	14.507400	7.962560	1.496244	-9999	0.555802	-9999	-9999	-9999	-9999
6	24	14.039309	12.180300	15.604500	9.434910	2.211469	-9999	1.040690	-9999	-9999	-9999	-9999
6	25	19.775578	14.018800	19.328900	9.963500	2.880988	-9999	0.007916	-9999	-9999	-9999	-9999
6	26	23.260867	18.452900	25.584200	9.407110	4.794846	-9999	0.000000	-9999	-9999	-9999	-9999
6	27	6.235151	16.038900	18.580300	13.806600	1.849640	-9999	10.597700	-9999	-9999	-9999	-9999
6	28	2.011781	11.339000	15.626200	8.502140	1.033061	-9999	2.828060	-9999	-9999	-9999	-9999
6	29	10.170317	11.329000	14.642400	7.905640	1.739750	-9999	1.909320	-9999	-9999	-9999	-9999
6	30	12.247200	12.872400	17.182100	8.911720	2.813734	-9999	1.461860	-9999	-9999	-9999	-9999
7	1	24.139988	20.221500	27.141600	9.680050	7.138574	-9999	0.000000	-9999	-9999	-9999	-9999
7	2	7.836376	18.279700	22.203800	15.831600	1.778959	-9999	1.754790	-9999	-9999	-9999	-9999
7	3	2.875262	15.066500	21.542900	9.581450	2.169396	-9999	3.173550	-9999	-9999	-9999	-9999
7	4	17.748115	12.943200	18.449600	8.448090	3.043419	-9999	0.001436	-9999	-9999	-9999	-9999
7	5	23.870937	17.423100	24.848300	8.317870	5.475734	-9999	0.000000	-9999	-9999	-9999	-9999
7	6	22.834915	20.982600	30.042700	13.995900	6.158293	-9999	0.403056	-9999	-9999	-9999	-9999
7	7	0.904427	12.801800	18.396200	10.355200	1.089751	-9999	2.222240	-9999	-9999	-9999	-9999
7	8	22.207133	16.197100	23.111000	10.050800	4.456927	-9999	0.000746	-9999	-9999	-9999	-9999
7	9	22.501842	19.236400	29.425000	12.161300	4.812111	-9999	7.284600	-9999	-9999	-9999	-9999
7	10	3.186657	12.768200	15.358500	10.099100	1.867857	-9999	9.962730	-9999	-9999	-9999	-9999
7	11	11.586413	11.190000	14.308300	9.169710	1.895135	-9999	3.103590	-9999	-9999	-9999	-9999
7	12	7.761925	11.838500	14.303800	8.350890	0.939726	-9999	24.058400	-9999	-9999	-9999	-9999
7	13	1.142882	12.953700	14.488000	10.985700	0.642630	-9999	13.709900	-9999	-9999	-9999	-9999
7	14	16.926192	16.398100	20.698500	12.095000	2.484396	-9999	0.878480	-9999	-9999	-9999	-9999
7	15	6.386809	16.614000	20.501600	13.218600	2.143074	-9999	8.119050	-9999	-9999	-9999	-9999
7	16	17.689968	17.591900	24.663400	12.240300	3.018007	-9999	9.516450	-9999	-9999	-9999	-9999
7	17	2.827950	12.751500	15.405700	10.500900	0.809942	-9999	25.554700	-9999	-9999	-9999	-9999
7	18	7.585185	12.702500	15.188900	10.057000	1.694719	-9999	0.149047	-9999	-9999	-9999	-9999
7	19	17.354736	16.612800	21.364900	9.163730	3.198250	-9999	2.451760	-9999	-9999	-9999	-9999
7	20	7.629906	14.924000	20.075500	10.884700	1.924062	-9999	0.000000	-9999	-9999	-9999	-9999
7	21	10.472803	14.110000	18.448000	9.238530	1.880055	-9999	0.000000	-9999	-9999	-9999	-9999
7	22	20.140186	17.191800	23.789500	11.288900	3.288686	-9999	0.000000	-9999	-9999	-9999	-9999
7	23	13.075517	16.905300	21.630000	13.565300	2.256742	-9999	8.433610	-9999	-9999	-9999	-9999
7	24	19.271348	15.600500	20.419300	11.417000	3.120134	-9999	1.584980	-9999	-9999	-9999	-9999
7	25	14.385773	15.684400	19.530800	11.181100	3.010425	-9999	1.583000	-9999	-9999	-9999	-9999
7	26	19.756655	18.212300	24.425700	13.442900	4.100535	-9999	0.068151	-9999	-9999	-9999	-9999
7	27	11.545373	12.997900	18.686200	7.896270	2.378363	-9999	5.185890	-9999	-9999	-9999	-9999
7	28	7.377618	8.831310	11.269800	7.084470	1.674949	-9999	6.825800	-9999	-9999	-9999	-9999
7	29	5.439908	9.904370	12.246900	6.742340	0.980467	-9999	12.968500	-9999	-9999	-9999	-9999
7	30	0.909611	11.885500	14.055000	9.378240	0.649021	-9999	17.225200	-9999	-9999	-9999	-9999
7	31	20.041345	18.314100	24.385300	10.588500	3.781662	-9999	0.000000	-9999	-9999	-9999	-9999
8	1	18.891792	20.331500	26.763000	13.688900	4.145453	-9999	1.196880	-9999	-9999	-9999	-9999
8	2	13.164855	20.024200	23.660100	15.918500	2.679556	-9999	5.551950	-9999	-9999	-9999	-9999
8	3	15.627600	22.583000	28.155600	16.250800	3.877430	-9999	13.774100	-9999	-9999	-9999	-9999
8	4	13.576896	21.111200	25.030200	18.311800	2.750237	-9999	4.714090	-9999	-9999	-9999	-9999
8	5	8.251070	20.354100	22.836100	18.020000	1.511977	-9999	0.000000	-9999	-9999	-9999	-9999
8	6	20.396534	21.377500	26.970700	17.355700	4.481261	-9999	0.000000	-9999	-9999	-9999	-9999
8	7	18.003773	22.124600	29.417200	16.538800	4.885235	-9999	0.729943	-9999	-9999	-9999	-9999
8	8	16.837373	22.377000	28.581600	16.558900	4.548297	-9999	0.775369	-9999	-9999	-9999	-9999
8	9	7.935883	19.037600	21.913800	14.475700	2.630582	-9999	7.090920	-9999	-9999	-9999	-9999
8	10	17.352317	19.562400	25.682800	14.309700	3.185144	-9999	0.000000	-9999	-9999	-9999	-9999
8	11	17.790192	20.694700	26.824200	16.155800	3.746026	-9999	0.202352	-9999	-9999	-9999	-9999
8	12	12.279082	18.822200	23.456700	15.172300	2.600275	-9999	0.000000	-9999	-9999	-9999	-9999
8	13	19.512835	22.628200	30.119400	15.148500	7.539106	-9999	0.048486	-9999	-9999	-9999	-9999
8	14	12.169354	17.390700	21.375300	12.747100	3.657332	-9999	0.000000	-9999	-9999	-9999	-9999
8	15	16.148765	16.916000	22.757700	12.370100	3.986380	-9999	0.000000	-9999	-9999	-9999	-9999
8	16	19.881677	20.183600	28.048600	12.661300	7.969127	-9999	0.000000	-9999	-9999	-9999	-9999
8	17	18.757959	22.757100	32.078700	15.977800	13.126837	-9999	0.000000	-9999	-9999	-9999	-9999
8	18	18.060710	23.934600	32.189000	15.788500	14.676648	-9999	0.000000	-9999	-9999	-9999	-9999
8	19	13.923187	21.263300	26.572400	15.986700	7.446925	-9999	0.000000	-9999	-9999	-9999	-9999
8	20	18.207849	21.942400	29.697600	15.143900	10.304701	-9999	0.000000	-9999	-9999	-9999	-9999
8	21	11.790921	19.878800	25.801900	14.392000	4.310239	-9999	0.616069	-9999	-9999	-9999	-9999
8	22	14.877907	21.677800	28.277000	15.901800	7.495758	-9999	0.179129	-9999	-9999	-9999	-9999
8	23	15.598310	22.349100	28.707800	17.501100	9.374678	-9999	0.000467	-9999	-9999	-9999	-9999
8	24	15.515107	20.448700	25.587800	16.701500	8.953256	-9999	0.015644	-9999	-9999	-9999	-9999
8	25	9.075197	20.034800	25.323500	15.414100	4.427684	-9999	1.820190	-9999	-9999	-9999	-9999
8	26	2.308660	13.206200	18.025200	9.800030	1.021951	-9999	53.660300	-9999	-9999	-9999	-9999
8	27	2.538562	10.121900	11.737600	8.707630	1.120174	-9999	11.399500	-9999	-9999	-9999	-9999
8	28	5.758923	12.643500	15.275600	9.009260	0.858900	-9999	1.876250	-9999	-9999	-9999	-9999
8	29	5.832337	15.341600	19.657600	11.603500	1.767919	-9999	3.718570	-9999	-9999	-9999	-9999
8	30	7.113666	14.326700	17.425200	11.983500	1.407199	-9999	15.958800	-9999	-9999	-9999	-9999
8	31	6.887808	14.495200	17.464200	11.752400	1.373170	-9999	5.237900	-9999	-9999	-9999	-9999
9	1	3.435999	11.535300	13.983100	8.944770	1.038652	-9999	9.239010	-9999	-9999	-9999	-9999
9	2	12.162356	13.461400	18.589200	7.810430	2.804659	-9999	1.298920	-9999	-9999	-9999	-9999
9	3	3.496211	12.631800	15.617900	10.164400	1.022121	-9999	28.368800	-9999	-9999	-9999	-9999
9	4	7.375061	9.794450	13.359700	5.823370	1.431345	-9999	0.766186	-9999	-9999	-9999	-9999
9	5	15.213398	13.047000	19.257400	5.272070	3.812116	-9999	0.000000	-9999	-9999	-9999	-9999
9	6	13.806893	15.845800	21.176000	10.375300	3.100454	-9999	0.231025	-9999	-9999	-9999	-9999
9	7	15.503702	17.570100	22.743900	12.406400	3.864154	-9999	0.000000	-9999	-9999	-9999	-9999
9	8	15.762729	19.190100	25.332900	14.169000	5.705708	-9999	0.000000	-9999	-9999	-9999	-9999
9	9	15.661728	19.530300	26.945100	14.720400	6.277575	-9999	0.000000	-9999	-9999	-9999	-9999
9	10	15.367190	20.209600	26.835800	15.289500	5.524579	-9999	0.000000	-9999	-9999	-9999	-9999
9	11	15.058570	20.756900	26.932000	15.292100	5.731662	-9999	0.085897	-9999	-9999	-9999	-9999
9	12	15.122332	19.535800	26.536600	15.006500	5.147552	-9999	0.000000	-9999	-9999	-9999	-9999
9	13	5.344272	13.273000	20.150100	7.265420	1.878396	-9999	8.747120	-9999	-9999	-9999	-9999
9	14	9.105610	7.339950	11.038000	4.441420	2.017719	-9999	12.964400	-9999	-9999	-9999	-9999
9	15	13.455590	7.737930	12.190400	2.968700	1.700990	-9999	3.488290	-9999	-9999	-9999	-9999
9	16	5.378703	6.753950	9.808630	3.819040	1.349905	-9999	7.103340	-9999	-9999	-9999	-9999
9	17	7.490871	6.879750	9.873840	2.516700	1.061053	-9999	9.619130	-9999	-9999	-9999	-9999
9	18	4.828507	7.502280	9.135560	5.523510	1.171932	-9999	14.754700	-9999	-9999	-9999	-9999
9	19	3.557140	6.824360	10.622000	4.213600	1.337989	-9999	7.253690	-9999	-9999	-9999	-9999
9	20	5.124237	4.104200	6.504400	1.301650	0.972970	-9999	1.008710	-9999	-9999	-9999	-9999
9	21	5.393840	4.536180	7.504090	1.210000	0.960502	-9999	2.873650	-9999	-9999	-9999	-9999
9	22	6.758701	4.450760	8.586280	1.601660	1.048298	-9999	0.226682	-9999	-9999	-9999	-9999
9	23	6.256967	5.599630	8.777380	1.584270	0.927612	-9999	4.219160	-9999	-9999	-9999	-9999
9	24	3.923087	5.481100	7.744540	2.735120	0.871685	-9999	7.571820	-9999	-9999	-9999	-9999
9	25	7.112405	4.617080	7.856870	1.351970	1.051287	-9999	5.263560	-9999	-9999	-9999	-9999
9	26	3.998246	3.203780	5.292420	1.065870	0.920384	-9999	4.626370	-9999	-9999	-9999	-9999
9	27	5.639647	3.125990	6.168920	0.819956	0.518895	-9999	9.784580	-9999	-9999	-9999	-9999
9	28	6.662071	5.928480	9.738560	1.406260	0.982992	-9999	5.006930	-9999	-9999	-9999	-9999
9	29	2.930256	4.266500	6.841560	1.795020	0.608529	-9999	11.938100	-9999	-9999	-9999	-9999
9	30	7.031724	3.233570	7.020210	0.989481	1.572950	-9999	0.557867	-9999	-9999	-9999	-9999
10	1	12.120365	9.943340	16.866100	1.939360	4.693300	-9999	0.000000	-9999	-9999	-9999	-9999
10	2	11.938925	13.997300	19.912000	8.383730	5.581249	-9999	0.000000	-9999	-9999	-9999	-9999
10	3	11.826000	14.476100	20.250700	10.187700	6.026648	-9999	0.000000	-9999	-9999	-9999	-9999
10	4	11.482906	14.045700	20.511900	9.636570	3.519748	-9999	0.000000	-9999	-9999	-9999	-9999
10	5	10.398845	13.705800	19.378000	8.923830	2.588139	-9999	0.000000	-9999	-9999	-9999	-9999
10	6	9.968314	15.806100	21.602800	10.826300	5.316426	-9999	0.000000	-9999	-9999	-9999	-9999
10	7	10.938672	16.999900	23.589200	11.385600	6.253600	-9999	0.000000	-9999	-9999	-9999	-9999
10	8	10.071044	14.270600	19.745300	9.380800	2.679070	-9999	5.595390	-9999	-9999	-9999	-9999
10	9	4.179652	6.174240	12.262500	1.889490	1.488734	-9999	0.702579	-9999	-9999	-9999	-9999
10	10	10.234426	5.424630	11.499600	1.208130	0.959603	-9999	0.000000	-9999	-9999	-9999	-9999
10	11	9.145008	9.274760	15.125200	1.874270	2.473309	-9999	0.000005	-9999	-9999	-9999	-9999
10	12	9.955699	12.047600	19.853000	7.425870	3.985161	-9999	0.000000	-9999	-9999	-9999	-9999
10	13	9.725184	12.072000	18.284700	7.944150	3.437202	-9999	0.000000	-9999	-9999	-9999	-9999
10	14	9.423648	12.415400	18.057200	7.270050	3.606878	-9999	0.000000	-9999	-9999	-9999	-9999
10	15	9.250762	14.230300	20.698200	8.935580	3.103076	-9999	0.000000	-9999	-9999	-9999	-9999
10	16	9.126518	15.718900	22.515400	10.560600	4.208961	-9999	0.000000	-9999	-9999	-9999	-9999
10	17	7.319238	15.717900	20.761300	11.548900	2.600533	-9999	0.000000	-9999	-9999	-9999	-9999
10	18	8.653392	18.894700	24.063000	12.891100	8.169240	-9999	0.000000	-9999	-9999	-9999	-9999
10	19	3.764370	16.791700	21.146200	13.391100	2.370861	-9999	4.652460	-9999	-9999	-9999	-9999
10	20	2.183414	12.133000	16.876900	6.428650	1.779289	-9999	6.611180	-9999	-9999	-9999	-9999
10	21	3.325164	3.983200	9.307660	1.575160	0.842375	-9999	12.423700	-9999	-9999	-9999	-9999
10	22	5.089427	4.122050	7.699170	1.635770	0.472660	-9999	12.527900	-9999	-9999	-9999	-9999
10	23	5.422343	0.950758	5.129440	-1.799710	1.026100	-9999	5.493580	-9999	-9999	-9999	-9999
10	24	5.832440	3.542280	7.724170	-3.109040	0.969517	-9999	3.472490	-9999	-9999	-9999	-9999
10	25	4.415783	8.556070	13.179900	3.570100	1.262283	-9999	2.409160	-9999	-9999	-9999	-9999
10	26	1.457456	7.935620	10.389300	4.465240	1.306202	-9999	3.513210	-9999	-9999	-9999	-9999
10	27	7.018479	8.561930	13.738900	3.527740	1.407625	-9999	1.805810	-9999	-9999	-9999	-9999
10	28	2.856997	6.632310	9.470050	3.155610	1.032525	-9999	9.284200	-9999	-9999	-9999	-9999
10	29	3.189577	2.403700	6.219040	-1.789550	0.869006	-9999	9.488420	-9999	-9999	-9999	-9999
10	30	2.286930	0.454512	3.352550	-2.999150	0.477125	-9999	8.186770	-9999	-9999	-9999	-9999
10	31	4.355519	-0.529284	3.459520	-4.907200	0.362375	-9999	2.079920	-9999	-9999	-9999	-9999
11	1	5.822185	-0.427368	3.713770	-3.405270	0.885733	-9999	0.393524	-9999	-9999	-9999	-9999
11	2	6.331487	3.625790	5.719230	-0.493767	1.384094	-9999	0.000000	-9999	-9999	-9999	-9999
11	3	4.927193	4.500340	9.038500	1.892860	1.187479	-9999	1.549800	-9999	-9999	-9999	-9999
11	4	2.960245	1.177860	3.720600	-0.947045	0.889245	-9999	2.374920	-9999	-9999	-9999	-9999
11	5	6.179941	3.762330	7.925530	-1.307300	1.692828	-9999	0.000000	-9999	-9999	-9999	-9999
11	6	4.443673	4.972530	8.988850	2.324010	1.121061	-9999	0.035438	-9999	-9999	-9999	-9999
11	7	6.106519	6.057890	10.105900	3.374610	0.970622	-9999	0.030967	-9999	-9999	-9999	-9999
11	8	2.562443	6.136780	8.506580	3.328130	1.161772	-9999	2.250920	-9999	-9999	-9999	-9999
11	9	5.164672	9.168520	15.350400	3.855380	3.249460	-9999	0.000000	-9999	-9999	-9999	-9999
11	10	4.734564	9.785830	16.964400	6.515270	1.784428	-9999	0.000000	-9999	-9999	-9999	-9999
11	11	0.686222	5.467350	10.092200	2.055700	0.424077	-9999	7.045610	-9999	-9999	-9999	-9999
11	12	2.699257	7.170780	11.169800	2.374430	0.827389	-9999	1.921110	-9999	-9999	-9999	-9999
11	13	2.496874	5.019500	7.846330	2.793490	0.826049	-9999	8.672330	-9999	-9999	-9999	-9999
11	14	5.114310	4.894740	8.412250	2.369300	1.669485	-9999	2.718020	-9999	-9999	-9999	-9999
11	15	4.251295	5.599150	9.910390	2.223340	0.604437	-9999	6.315930	-9999	-9999	-9999	-9999
11	16	4.133091	4.809750	8.621790	2.235360	1.155862	-9999	2.070300	-9999	-9999	-9999	-9999
11	17	4.665548	4.029910	7.597550	1.421670	1.037630	-9999	1.149290	-9999	-9999	-9999	-9999
11	18	2.843821	7.899350	10.994900	2.180700	1.575223	-9999	9.628400	-9999	-9999	-9999	-9999
11	19	2.451885	4.254180	10.114700	1.486670	0.994496	-9999	3.193510	-9999	-9999	-9999	-9999
11	20	4.880079	3.278380	6.171010	0.131508	1.055184	-9999	0.107012	-9999	-9999	-9999	-9999
11	21	4.325875	4.745000	9.097920	2.079350	0.727785	-9999	7.082930	-9999	-9999	-9999	-9999
11	22	4.046207	2.301790	5.162250	0.723640	0.839985	-9999	2.060280	-9999	-9999	-9999	-9999
11	23	4.544795	2.044650	4.804100	-0.358574	1.200572	-9999	0.000058	-9999	-9999	-9999	-9999
11	24	2.889138	3.027340	5.128440	0.094093	0.724598	-9999	13.755900	-9999	-9999	-9999	-9999
11	25	2.665777	-0.173828	3.220660	-2.889520	0.820565	-9999	3.444150	-9999	-9999	-9999	-9999
11	26	2.911162	0.327637	3.206870	-2.885830	0.652816	-9999	1.512230	-9999	-9999	-9999	-9999
11	27	3.550262	1.711670	4.859030	-3.444880	0.761896	-9999	2.333720	-9999	-9999	-9999	-9999
11	28	2.967624	3.859530	5.168540	2.726750	0.498775	-9999	2.982900	-9999	-9999	-9999	-9999
11	29	1.341654	2.256350	4.962330	-0.199578	0.813980	-9999	8.823510	-9999	-9999	-9999	-9999
11	30	3.571309	3.904210	7.562800	-0.296959	1.754588	-9999	0.507070	-9999	-9999	-9999	-9999
12	1	3.539506	5.334590	8.654850	2.837340	1.529861	-9999	0.002801	-9999	-9999	-9999	-9999
12	2	3.273627	4.261230	7.767150	2.385220	0.794731	-9999	2.239090	-9999	-9999	-9999	-9999
12	3	2.960436	6.672790	9.925020	1.034110	1.563885	-9999	0.275822	-9999	-9999	-9999	-9999
12	4	2.374186	4.397700	9.386110	1.650900	1.339011	-9999	10.070100	-9999	-9999	-9999	-9999
12	5	3.706292	3.011960	5.606630	1.337890	1.276956	-9999	0.111070	-9999	-9999	-9999	-9999
12	6	3.839435	1.677360	4.023500	-0.532689	1.175246	-9999	0.000000	-9999	-9999	-9999	-9999
12	7	3.589851	1.558340	3.622960	-0.033452	1.037106	-9999	0.090233	-9999	-9999	-9999	-9999
12	8	2.895065	2.236380	4.844760	-1.350100	0.990430	-9999	1.976540	-9999	-9999	-9999	-9999
12	9	2.664913	3.189080	6.063080	1.660820	0.503619	-9999	4.897800	-9999	-9999	-9999	-9999
12	10	2.000462	0.780146	3.030430	-1.501650	0.756851	-9999	3.497400	-9999	-9999	-9999	-9999
12	11	3.249141	2.050170	4.508760	-1.484140	0.656972	-9999	0.000106	-9999	-9999	-9999	-9999
12	12	2.992343	8.887930	10.617800	2.603330	2.609012	-9999	0.000000	-9999	-9999	-9999	-9999
12	13	1.358744	6.413170	10.758300	4.257200	0.640149	-9999	1.992550	-9999	-9999	-9999	-9999
12	14	1.158909	1.438040	5.658720	-0.911107	0.135834	-9999	18.763100	-9999	-9999	-9999	-9999
12	15	3.061714	-3.467960	1.178740	-9.209720	0.525775	-9999	0.145418	-9999	-9999	-9999	-9999
12	16	2.324004	-0.792974	3.043000	-6.271760	0.595532	-9999	5.381960	-9999	-9999	-9999	-9999
12	17	2.669734	0.399958	2.966740	-1.574160	0.490288	-9999	6.461280	-9999	-9999	-9999	-9999
12	18	2.081039	-0.060918	1.609530	-1.404700	0.339947	-9999	10.690800	-9999	-9999	-9999	-9999
12	19	1.988608	-2.344150	1.261510	-6.578980	0.387053	-9999	5.987160	-9999	-9999	-9999	-9999
12	20	0.829348	2.146660	3.354100	-3.944310	0.067296	-9999	10.105000	-9999	-9999	-9999	-9999
12	21	1.130587	1.933410	3.429570	0.606990	0.165896	-9999	5.914060	-9999	-9999	-9999	-9999
12	22	2.270514	2.487030	4.450070	-0.021550	0.573536	-9999	0.691485	-9999	-9999	-9999	-9999
12	23	1.148697	2.243160	4.142670	1.099540	0.387649	-9999	4.560800	-9999	-9999	-9999	-9999
12	24	1.986051	1.288200	4.354980	-2.342870	0.442354	-9999	6.755250	-9999	-9999	-9999	-9999
12	25	3.312438	-2.298070	0.788483	-5.495030	0.628645	-9999	0.071406	-9999	-9999	-9999	-9999
12	26	1.911211	1.092740	3.767610	-1.842720	0.595162	-9999	4.122180	-9999	-9999	-9999	-9999
12	27	1.700819	1.620690	3.131740	-1.223120	0.422409	-9999	10.319500	-9999	-9999	-9999	-9999
12	28	3.293697	1.632750	5.144870	-0.423284	0.935312	-9999	0.000081	-9999	-9999	-9999	-9999
12	29	3.238324	3.940610	5.314970	-0.007207	1.737332	-9999	0.000000	-9999	-9999	-9999	-9999
12	30	2.231721	1.432520	4.614110	-0.626134	0.545309	-9999	5.069130	-9999	-9999	-9999	-9999
12	31	0.731799	3.025450	4.768550	-0.417180	0.889456	-9999	2.571910	-9999	-9999	-9999	-9999
