Month	n_days	Rg_f	Ta_f	Tmax	Tmin	VPD_f	Ts_f	Precip	SWC	LAI	ET	LITTERFALL
1	1	3.221303	1.187800	5.432280	-1.000500	0.712356	-9999	0.000021	-9999	-9999	-9999	-9999
1	2	3.391839	1.373530	4.377410	-0.921180	0.493803	-9999	0.001927	-9999	-9999	-9999	-9999
1	3	2.876878	1.970580	4.377780	-0.041816	0.442826	-9999	0.005542	-9999	-9999	-9999	-9999
1	4	3.372460	1.971550	4.230530	-0.107429	0.457024	-9999	0.003973	-9999	-9999	-9999	-9999
1	5	3.126911	2.359550	4.857180	0.551995	0.792293	-9999	0.005807	-9999	-9999	-9999	-9999
1	6	3.506190	1.598510	5.014130	-0.474861	0.964867	-9999	0.000000	-9999	-9999	-9999	-9999
1	7	3.507088	-3.152840	1.744720	-7.132510	0.779943	-9999	0.000000	-9999	-9999	-9999	-9999
1	8	3.523625	-2.531560	1.423130	-7.630870	0.950371	-9999	0.000000	-9999	-9999	-9999	-9999
1	9	3.645985	0.313350	4.781190	-2.380900	1.152759	-9999	0.000000	-9999	-9999	-9999	-9999
1	10	3.736446	0.645198	4.736940	-3.484050	1.318455	-9999	0.000000	-9999	-9999	-9999	-9999
1	11	3.481160	2.667230	5.459630	0.002648	2.241331	-9999	0.150233	-9999	-9999	-9999	-9999
1	12	3.623400	1.292320	4.842930	-1.432660	0.901233	-9999	0.097885	-9999	-9999	-9999	-9999
1	13	2.652065	1.424070	4.087100	-2.451180	0.579283	-9999	5.812500	-9999	-9999	-9999	-9999
1	14	2.133769	0.402125	3.318660	-1.848640	0.284581	-9999	3.026690	-9999	-9999	-9999	-9999
1	15	4.130585	-1.252390	5.146580	-5.514170	1.829373	-9999	0.015122	-9999	-9999	-9999	-9999
1	16	4.256608	-1.045020	4.696040	-3.640630	1.926897	-9999	0.000000	-9999	-9999	-9999	-9999
1	17	4.268618	-0.701055	3.693180	-3.945500	1.125759	-9999	0.071539	-9999	-9999	-9999	-9999
1	18	2.892975	-2.103060	0.876862	-4.934150	0.445729	-9999	4.232320	-9999	-9999	-9999	-9999
1	19	1.538352	-4.242860	-1.993590	-6.281230	0.386530	-9999	6.600110	-9999	-9999	-9999	-9999
1	20	4.320890	-3.906870	1.371250	-9.282780	1.068308	-9999	0.073898	-9999	-9999	-9999	-9999
1	21	3.569927	0.736750	4.381870	-3.970770	0.804142	-9999	0.365557	-9999	-9999	-9999	-9999
1	22	3.025685	1.753170	4.050200	-1.162210	0.528825	-9999	3.923650	-9999	-9999	-9999	-9999
1	23	2.272484	1.890190	4.827090	0.123101	0.582509	-9999	9.361700	-9999	-9999	-9999	-9999
1	24	2.487672	2.382320	4.708310	-0.187141	0.425070	-9999	12.330900	-9999	-9999	-9999	-9999
1	25	4.704437	4.991570	7.470550	2.446800	2.330158	-9999	0.000023	-9999	-9999	-9999	-9999
1	26	2.150427	2.461910	7.528290	1.021930	0.693442	-9999	3.609970	-9999	-9999	-9999	-9999
1	27	1.795003	2.180960	3.839260	1.040890	0.341378	-9999	7.473890	-9999	-9999	-9999	-9999
1	28	4.298046	3.400930	6.278380	1.105190	0.875071	-9999	0.238262	-9999	-9999	-9999	-9999
1	29	3.874694	4.320340	6.982600	2.506310	1.140027	-9999	0.267111	-9999	-9999	-9999	-9999
1	30	2.255463	4.537100	6.970090	2.557120	0.923627	-9999	2.763470	-9999	-9999	-9999	-9999
1	31	3.056193	2.872130	7.079100	1.095120	0.753997	-9999	1.249830	-9999	-9999	-9999	-9999
2	1	4.685066	4.404290	7.896870	0.055116	2.032749	-9999	0.000918	-9999	-9999	-9999	-9999
2	2	3.614052	2.962240	7.388020	-0.575133	0.948393	-9999	3.246890	-9999	-9999	-9999	-9999
2	3	5.125404	2.230580	5.120450	-0.891356	0.876662	-9999	0.149022	-9999	-9999	-9999	-9999
2	4	6.001180	5.669400	10.126800	2.585570	1.285928	-9999	0.000000	-9999	-9999	-9999	-9999
2	5	6.134192	8.315360	15.190100	3.131230	3.616142	-9999	0.000000	-9999	-9999	-9999	-9999
2	6	2.498213	3.032190	7.163020	0.253358	0.496461	-9999	4.662640	-9999	-9999	-9999	-9999
2	7	3.779127	0.379784	2.571340	-1.861630	0.577319	-9999	2.417070	-9999	-9999	-9999	-9999
2	8	4.165992	0.807945	3.026480	-0.881926	0.254585	-9999	5.269320	-9999	-9999	-9999	-9999
2	9	3.004733	0.542229	2.882620	-1.118930	0.182714	-9999	9.412520	-9999	-9999	-9999	-9999
2	10	2.556464	-1.336340	1.811030	-4.567930	0.277415	-9999	8.979860	-9999	-9999	-9999	-9999
2	11	4.076464	-5.648510	-1.478740	-9.917880	0.392566	-9999	1.241270	-9999	-9999	-9999	-9999
2	12	6.936391	-9.542790	-4.643900	-14.159800	0.512275	-9999	0.111368	-9999	-9999	-9999	-9999
2	13	7.132182	-7.812140	-1.399420	-12.555500	0.645367	-9999	0.000000	-9999	-9999	-9999	-9999
2	14	5.902951	-7.770300	-2.441900	-12.083700	0.530458	-9999	0.254380	-9999	-9999	-9999	-9999
2	15	7.554566	-5.311260	2.247160	-12.094900	1.227558	-9999	0.000000	-9999	-9999	-9999	-9999
2	16	7.695259	-5.321020	1.178670	-9.106930	0.977492	-9999	0.000000	-9999	-9999	-9999	-9999
2	17	7.515962	-5.231640	0.458917	-9.667570	0.678623	-9999	0.004037	-9999	-9999	-9999	-9999
2	18	6.785562	-4.925970	0.859003	-8.693450	0.608725	-9999	0.000053	-9999	-9999	-9999	-9999
2	19	6.404754	-4.077740	1.024190	-7.405490	0.654222	-9999	0.018783	-9999	-9999	-9999	-9999
2	20	7.682126	-4.220950	2.122950	-8.068080	1.125519	-9999	0.000000	-9999	-9999	-9999	-9999
2	21	8.101391	-3.891490	2.599760	-7.992370	1.157542	-9999	0.000000	-9999	-9999	-9999	-9999
2	22	8.521563	-2.466650	2.994160	-8.553160	1.215765	-9999	0.000000	-9999	-9999	-9999	-9999
2	23	8.677325	-0.960365	3.048760	-3.540800	0.920205	-9999	1.251990	-9999	-9999	-9999	-9999
2	24	2.529325	-0.566322	2.125360	-2.968500	0.306266	-9999	10.758300	-9999	-9999	-9999	-9999
2	25	3.780250	-0.390815	2.128720	-2.746430	0.339727	-9999	14.656100	-9999	-9999	-9999	-9999
2	26	3.092809	-2.482190	0.504449	-4.536500	0.306670	-9999	10.254300	-9999	-9999	-9999	-9999
2	27	1.599601	-4.225870	-1.409610	-7.220370	0.346682	-9999	10.559600	-9999	-9999	-9999	-9999
2	28	5.527060	-7.449350	-4.527260	-9.656620	0.468807	-9999	2.418760	-9999	-9999	-9999	-9999
3	1	7.238670	1.873690	5.525630	-3.392930	0.971793	-9999	0.285890	-9999	-9999	-9999	-9999
3	2	6.909028	2.620880	5.822290	-0.240408	0.626640	-9999	0.042365	-9999	-9999	-9999	-9999
3	3	4.558706	-0.308804	4.469260	-6.040640	0.457247	-9999	10.076700	-9999	-9999	-9999	-9999
3	4	5.956762	-7.122980	-3.749000	-9.329400	0.473232	-9999	8.456360	-9999	-9999	-9999	-9999
3	5	6.450400	-6.004820	-2.518990	-9.631670	0.459757	-9999	4.342500	-9999	-9999	-9999	-9999
3	6	6.618257	-2.299220	2.649310	-7.779870	0.737289	-9999	1.377610	-9999	-9999	-9999	-9999
3	7	6.127471	-3.384400	0.480704	-6.478230	0.392181	-9999	4.786520	-9999	-9999	-9999	-9999
3	8	8.935229	-2.963310	1.205980	-6.573420	0.728511	-9999	1.017180	-9999	-9999	-9999	-9999
3	9	10.345363	-1.007780	5.195300	-6.124260	0.947461	-9999	0.546645	-9999	-9999	-9999	-9999
3	10	11.061187	1.062110	4.932760	-4.043230	0.957256	-9999	0.000000	-9999	-9999	-9999	-9999
3	11	11.566627	2.089050	5.947960	-1.090050	0.957326	-9999	0.001196	-9999	-9999	-9999	-9999
3	12	11.299652	3.123080	5.902400	-0.254965	0.573363	-9999	0.000009	-9999	-9999	-9999	-9999
3	13	4.584695	3.755220	6.645290	-0.039022	0.336478	-9999	5.021730	-9999	-9999	-9999	-9999
3	14	9.148982	-0.945095	3.036980	-4.080100	0.608444	-9999	5.486660	-9999	-9999	-9999	-9999
3	15	7.373964	0.797275	4.706630	-4.869310	0.423300	-9999	5.024310	-9999	-9999	-9999	-9999
3	16	5.627414	1.561190	4.581200	-1.244650	0.325356	-9999	3.165830	-9999	-9999	-9999	-9999
3	17	8.449773	-3.316010	2.634730	-9.234610	0.551891	-9999	1.384250	-9999	-9999	-9999	-9999
3	18	9.553075	-6.331450	-2.211130	-10.837300	0.515836	-9999	2.640130	-9999	-9999	-9999	-9999
3	19	9.785232	-4.448880	1.124230	-9.546220	0.594715	-9999	1.707870	-9999	-9999	-9999	-9999
3	20	8.870601	-7.664330	-4.117040	-10.198900	0.482363	-9999	5.974730	-9999	-9999	-9999	-9999
3	21	8.686137	-5.760100	-1.712230	-10.309000	0.516823	-9999	1.138920	-9999	-9999	-9999	-9999
3	22	7.438487	-2.090600	1.361380	-6.305690	0.444469	-9999	9.862810	-9999	-9999	-9999	-9999
3	23	12.984624	0.667331	5.522510	-5.583730	0.875971	-9999	1.432060	-9999	-9999	-9999	-9999
3	24	8.415472	3.158180	5.616810	0.333689	0.264458	-9999	7.496050	-9999	-9999	-9999	-9999
3	25	11.875162	0.564609	4.876400	-2.730000	0.703867	-9999	0.917945	-9999	-9999	-9999	-9999
3	26	12.201235	1.808350	6.027920	-3.420980	0.796587	-9999	0.379599	-9999	-9999	-9999	-9999
3	27	8.661600	2.537720	6.583300	-1.590290	1.081069	-9999	3.862450	-9999	-9999	-9999	-9999
3	28	12.539491	1.964450	6.616970	-0.822012	1.356476	-9999	0.828461	-9999	-9999	-9999	-9999
3	29	9.781085	-1.144470	2.192650	-3.569200	1.077520	-9999	0.667135	-9999	-9999	-9999	-9999
3	30	12.630384	-0.715786	3.417780	-4.385820	1.328033	-9999	0.624558	-9999	-9999	-9999	-9999
3	31	16.402348	2.032020	8.517050	-5.056080	1.942869	-9999	0.000007	-9999	-9999	-9999	-9999
4	1	16.570742	2.801220	9.309240	-2.157240	2.840379	-9999	0.000000	-9999	-9999	-9999	-9999
4	2	16.649021	4.060920	10.415900	-0.504160	4.198689	-9999	0.000000	-9999	-9999	-9999	-9999
4	3	16.668548	6.678350	14.271700	1.373620	5.108263	-9999	0.000000	-9999	-9999	-9999	-9999
4	4	14.617671	5.081860	11.402300	-0.258433	1.403080	-9999	0.152758	-9999	-9999	-9999	-9999
4	5	14.136164	5.179210	10.905000	1.286730	1.213853	-9999	1.270170	-9999	-9999	-9999	-9999
4	6	5.262581	3.555980	8.499150	1.120020	0.462790	-9999	5.873890	-9999	-9999	-9999	-9999
4	7	9.499680	-0.524130	3.419250	-5.630290	0.724852	-9999	11.185200	-9999	-9999	-9999	-9999
4	8	9.188899	-3.094410	1.108490	-7.082290	0.404462	-9999	6.693350	-9999	-9999	-9999	-9999
4	9	11.417156	0.838389	4.213720	-5.152690	0.545347	-9999	2.932150	-9999	-9999	-9999	-9999
4	10	9.433756	1.115880	3.332670	-1.215620	1.019279	-9999	0.416938	-9999	-9999	-9999	-9999
4	11	8.404085	1.048620	4.177860	-2.869430	0.881123	-9999	2.613380	-9999	-9999	-9999	-9999
4	12	4.140746	0.936533	3.257450	-1.157600	0.382235	-9999	11.857000	-9999	-9999	-9999	-9999
4	13	7.861458	-0.131277	3.634280	-4.878210	0.742594	-9999	2.413130	-9999	-9999	-9999	-9999
4	14	16.996090	3.754830	9.002050	-2.659800	1.221467	-9999	0.008011	-9999	-9999	-9999	-9999
4	15	16.658525	4.772680	9.875800	1.492060	1.279145	-9999	0.144017	-9999	-9999	-9999	-9999
4	16	14.321664	6.133740	11.505900	2.014000	1.195416	-9999	0.519361	-9999	-9999	-9999	-9999
4	17	9.990951	3.977270	8.321110	0.938040	0.804628	-9999	4.246780	-9999	-9999	-9999	-9999
4	18	9.883815	2.717050	6.508090	-0.378580	1.271020	-9999	0.315834	-9999	-9999	-9999	-9999
4	19	9.177063	2.936380	6.814390	-0.849161	1.172179	-9999	0.190030	-9999	-9999	-9999	-9999
4	20	12.122179	4.198040	8.425080	0.107137	1.557955	-9999	0.016130	-9999	-9999	-9999	-9999
4	21	19.735833	6.552010	13.669100	0.721029	2.456774	-9999	0.000000	-9999	-9999	-9999	-9999
4	22	19.260115	8.328870	14.848200	1.913780	1.693676	-9999	0.000014	-9999	-9999	-9999	-9999
4	23	16.092000	11.396000	16.095200	4.911730	2.395488	-9999	2.719260	-9999	-9999	-9999	-9999
4	24	7.758063	10.936700	14.623800	8.253190	1.754960	-9999	3.529780	-9999	-9999	-9999	-9999
4	25	8.011881	10.957200	14.245000	7.186730	1.389282	-9999	1.620580	-9999	-9999	-9999	-9999
4	26	1.831490	9.180920	11.345900	7.319880	0.378677	-9999	11.489900	-9999	-9999	-9999	-9999
4	27	11.039328	6.842910	10.683400	3.075220	1.733455	-9999	2.491080	-9999	-9999	-9999	-9999
4	28	11.050560	4.176650	8.366330	1.335200	1.581148	-9999	0.098111	-9999	-9999	-9999	-9999
4	29	20.612449	3.876020	9.478820	0.221151	2.356701	-9999	0.000000	-9999	-9999	-9999	-9999
4	30	21.362487	4.106490	10.138800	-0.926646	2.554180	-9999	0.000000	-9999	-9999	-9999	-9999
5	1	21.524573	6.543760	14.223300	-0.284569	2.365529	-9999	0.000000	-9999	-9999	-9999	-9999
5	2	20.735568	6.291740	13.218400	1.305340	2.162733	-9999	0.043084	-9999	-9999	-9999	-9999
5	3	19.099671	6.584530	13.342900	1.244360	2.479449	-9999	0.000002	-9999	-9999	-9999	-9999
5	4	17.193773	8.275510	16.038500	2.078680	2.707441	-9999	1.609470	-9999	-9999	-9999	-9999
5	5	10.829722	7.675070	13.145400	3.583050	1.980472	-9999	0.262836	-9999	-9999	-9999	-9999
5	6	11.970202	9.172180	13.766600	2.823980	1.862061	-9999	4.787870	-9999	-9999	-9999	-9999
5	7	7.088023	7.938410	12.892900	3.416820	1.361803	-9999	13.559900	-9999	-9999	-9999	-9999
5	8	8.530212	7.433890	12.443400	1.430460	1.753084	-9999	4.426940	-9999	-9999	-9999	-9999
5	9	5.460359	5.871210	9.604900	1.581790	1.265345	-9999	9.484580	-9999	-9999	-9999	-9999
5	10	15.550877	6.799190	12.573000	1.622020	1.803224	-9999	0.449482	-9999	-9999	-9999	-9999
5	11	17.903721	9.024410	13.784900	2.865060	1.894863	-9999	0.084875	-9999	-9999	-9999	-9999
5	12	16.095888	9.224270	14.726800	4.063390	1.879989	-9999	0.697679	-9999	-9999	-9999	-9999
5	13	11.181629	8.038020	13.581100	2.795720	1.542918	-9999	12.466200	-9999	-9999	-9999	-9999
5	14	15.111619	7.589050	11.672400	3.206760	2.002006	-9999	0.588298	-9999	-9999	-9999	-9999
5	15	8.533944	7.552490	12.009200	4.088290	1.452481	-9999	3.725350	-9999	-9999	-9999	-9999
5	16	7.184221	7.813350	12.117000	3.713780	1.593370	-9999	15.220000	-9999	-9999	-9999	-9999
5	17	7.009156	7.308130	10.395500	1.439030	0.647392	-9999	26.516000	-9999	-9999	-9999	-9999
5	18	5.699860	8.912710	11.672400	6.549840	1.025738	-9999	8.719470	-9999	-9999	-9999	-9999
5	19	3.558548	8.088500	10.492700	5.738620	0.800813	-9999	10.002000	-9999	-9999	-9999	-9999
5	20	7.805411	8.353850	12.404800	5.233250	1.320656	-9999	1.256500	-9999	-9999	-9999	-9999
5	21	14.622595	10.160900	15.268200	5.314460	1.981419	-9999	1.302750	-9999	-9999	-9999	-9999
5	22	21.815222	12.011600	16.499900	6.517950	2.918012	-9999	0.022191	-9999	-9999	-9999	-9999
5	23	5.709010	12.132800	14.889100	8.803380	2.070502	-9999	2.371160	-9999	-9999	-9999	-9999
5	24	15.002583	12.663300	16.619200	9.179080	2.620686	-9999	3.555540	-9999	-9999	-9999	-9999
5	25	6.382930	10.307500	14.233900	6.583200	1.527334	-9999	5.872810	-9999	-9999	-9999	-9999
5	26	14.324515	9.471190	14.112600	5.970220	1.985558	-9999	2.105520	-9999	-9999	-9999	-9999
5	27	16.943213	11.665500	18.272700	4.862130	2.013404	-9999	7.656560	-9999	-9999	-9999	-9999
5	28	15.401318	10.150700	15.281600	4.851570	2.152145	-9999	7.683150	-9999	-9999	-9999	-9999
5	29	13.337309	8.602560	13.299300	5.455670	1.638289	-9999	5.994420	-9999	-9999	-9999	-9999
5	30	6.870087	8.901520	12.389800	5.218760	1.373846	-9999	8.050670	-9999	-9999	-9999	-9999
5	31	16.395091	10.051300	14.270600	5.713290	2.371037	-9999	0.195698	-9999	-9999	-9999	-9999
6	1	7.911501	9.391240	12.327000	5.854490	1.256675	-9999	18.538100	-9999	-9999	-9999	-9999
6	2	11.331101	7.434360	11.321200	4.274840	1.745431	-9999	1.727030	-9999	-9999	-9999	-9999
6	3	17.756669	10.249500	15.134500	3.154390	2.305501	-9999	2.884780	-9999	-9999	-9999	-9999
6	4	6.142642	7.800210	10.151800	5.560310	1.250698	-9999	15.122200	-9999	-9999	-9999	-9999
6	5	11.459578	8.066530	12.209900	5.542330	2.089057	-9999	0.402315	-9999	-9999	-9999	-9999
6	6	20.113575	11.920400	17.983700	4.106690	2.715514	-9999	0.369779	-9999	-9999	-9999	-9999
6	7	19.833725	13.622500	18.719000	6.824920	2.730085	-9999	0.195093	-9999	-9999	-9999	-9999
6	8	5.041198	11.189100	14.462300	9.034910	0.850782	-9999	6.194320	-9999	-9999	-9999	-9999
6	9	5.032057	11.363200	14.139200	8.957280	0.909067	-9999	4.583520	-9999	-9999	-9999	-9999
6	10	8.058277	10.621700	14.500600	6.790070	1.131405	-9999	1.469010	-9999	-9999	-9999	-9999
6	11	22.703414	12.232500	17.718200	6.407930	2.309707	-9999	0.000000	-9999	-9999	-9999	-9999
6	12	12.723351	12.068000	18.502800	7.260100	2.358144	-9999	1.890070	-9999	-9999	-9999	-9999
6	13	11.687932	11.790400	16.466800	7.122530	2.060851	-9999	0.002287	-9999	-9999	-9999	-9999
6	14	18.660586	14.694300	19.584400	8.152040	2.984328	-9999	0.015545	-9999	-9999	-9999	-9999
6	15	11.851833	11.657300	16.943000	5.874270	1.602513	-9999	4.976590	-9999	-9999	-9999	-9999
6	16	17.828381	10.327900	15.524900	6.246920	2.899266	-9999	4.354500	-9999	-9999	-9999	-9999
6	17	17.286825	11.384100	16.388800	7.425110	2.502286	-9999	2.164630	-9999	-9999	-9999	-9999
6	18	19.737994	13.610100	18.871800	8.689520	3.015582	-9999	1.109510	-9999	-9999	-9999	-9999
6	19	22.501929	15.140300	20.465900	9.713840	5.018030	-9999	0.000000	-9999	-9999	-9999	-9999
6	20	6.429292	9.200110	15.988400	6.274660	1.566213	-9999	7.406260	-9999	-9999	-9999	-9999
6	21	17.242934	10.990000	15.081100	6.497470	2.349985	-9999	1.674400	-9999	-9999	-9999	-9999
6	22	19.382545	13.824200	19.827500	8.369630	3.211152	-9999	0.064568	-9999	-9999	-9999	-9999
6	23	20.834151	16.345800	22.557300	9.394600	4.219183	-9999	0.296031	-9999	-9999	-9999	-9999
6	24	1.975052	10.212300	13.634400	8.226140	1.433341	-9999	5.427940	-9999	-9999	-9999	-9999
6	25	12.722227	12.487600	17.947100	8.102360	2.813550	-9999	0.205868	-9999	-9999	-9999	-9999
6	26	6.272044	10.711300	15.376600	7.799560	1.164449	-9999	6.943860	-9999	-9999	-9999	-9999
6	27	7.537882	10.271800	13.035700	7.486790	1.472516	-9999	0.655259	-9999	-9999	-9999	-9999
6	28	14.732410	10.068200	14.414400	6.320500	2.314109	-9999	0.338007	-9999	-9999	-9999	-9999
6	29	9.288778	8.748750	13.158800	4.342960	1.277468	-9999	6.998100	-9999	-9999	-9999	-9999
6	30	23.678264	12.423900	18.646900	4.249510	3.424220	-9999	0.000000	-9999	-9999	-9999	-9999
7	1	23.976087	17.979000	24.993800	10.359400	4.937626	-9999	0.000000	-9999	-9999	-9999	-9999
7	2	21.374841	20.919000	27.653600	13.469200	5.417991	-9999	2.941810	-9999	-9999	-9999	-9999
7	3	11.240121	18.877200	24.836500	16.027700	1.928224	-9999	3.879870	-9999	-9999	-9999	-9999
7	4	9.479463	17.463100	25.733700	13.049800	1.558027	-9999	9.787420	-9999	-9999	-9999	-9999
7	5	1.214870	12.053400	15.126200	9.992250	0.811464	-9999	6.652730	-9999	-9999	-9999	-9999
7	6	4.910095	11.980500	14.424000	9.821500	1.041670	-9999	0.001946	-9999	-9999	-9999	-9999
7	7	1.407750	10.655500	12.194100	9.313660	0.555934	-9999	6.122620	-9999	-9999	-9999	-9999
7	8	0.761671	11.123600	12.567100	9.317320	0.235365	-9999	11.270200	-9999	-9999	-9999	-9999
7	9	0.613591	12.542400	14.149600	9.922300	0.115033	-9999	13.060900	-9999	-9999	-9999	-9999
7	10	2.138236	14.574700	16.515900	12.070600	0.479270	-9999	0.380367	-9999	-9999	-9999	-9999
7	11	14.216602	15.756000	19.498100	12.499300	2.457836	-9999	0.000009	-9999	-9999	-9999	-9999
7	12	15.345072	15.775600	20.039100	11.723600	2.645191	-9999	0.035464	-9999	-9999	-9999	-9999
7	13	15.172099	16.560000	20.818700	11.057900	2.319656	-9999	3.289180	-9999	-9999	-9999	-9999
7	14	5.051661	16.847500	19.772900	14.185700	1.877612	-9999	0.009274	-9999	-9999	-9999	-9999
7	15	22.196937	21.361900	27.924100	13.681500	4.619689	-9999	0.138219	-9999	-9999	-9999	-9999
7	16	22.392461	23.459900	30.171000	16.581900	7.172002	-9999	0.000000	-9999	-9999	-9999	-9999
7	17	14.329441	23.064700	27.851300	19.494600	4.217221	-9999	0.822209	-9999	-9999	-9999	-9999
7	18	9.235815	18.709000	25.126900	13.514700	1.794450	-9999	15.139300	-9999	-9999	-9999	-9999
7	19	3.603191	11.913700	15.586200	9.489960	1.247470	-9999	7.021620	-9999	-9999	-9999	-9999
7	20	7.545649	8.613020	11.566000	6.066100	1.801299	-9999	11.317900	-9999	-9999	-9999	-9999
7	21	5.080942	8.160990	9.971110	6.004850	1.379037	-9999	7.065880	-9999	-9999	-9999	-9999
7	22	7.628075	8.785080	11.323700	6.712010	1.063727	-9999	18.564200	-9999	-9999	-9999	-9999
7	23	13.289529	13.497800	18.761800	7.159330	2.470919	-9999	0.838376	-9999	-9999	-9999	-9999
7	24	17.204055	17.251400	21.339300	11.562800	2.863341	-9999	2.891590	-9999	-9999	-9999	-9999
7	25	12.940732	18.931000	22.819800	13.944800	3.050805	-9999	5.319810	-9999	-9999	-9999	-9999
7	26	21.220444	19.592800	26.117600	14.798900	3.705387	-9999	0.000000	-9999	-9999	-9999	-9999
7	27	2.876999	13.449200	17.234000	10.955500	1.360841	-9999	30.623400	-9999	-9999	-9999	-9999
7	28	8.521027	13.154200	17.244900	10.590800	2.042750	-9999	0.206653	-9999	-9999	-9999	-9999
7	29	15.947107	13.747500	18.773400	9.182280	2.645547	-9999	0.801517	-9999	-9999	-9999	-9999
7	30	5.072017	9.785690	12.515400	7.492680	1.281284	-9999	2.929380	-9999	-9999	-9999	-9999
7	31	2.450831	10.779700	12.840400	7.794250	0.837964	-9999	3.966750	-9999	-9999	-9999	-9999
8	1	5.049855	13.440900	15.960700	9.626970	1.107927	-9999	8.749280	-9999	-9999	-9999	-9999
8	2	6.982079	13.703800	17.207400	9.991990	1.640496	-9999	4.552920	-9999	-9999	-9999	-9999
8	3	15.896995	15.012700	19.823600	9.513440	2.694966	-9999	0.000000	-9999	-9999	-9999	-9999
8	4	14.501030	16.463600	21.888600	10.994300	2.931163	-9999	0.005957	-9999	-9999	-9999	-9999
8	5	16.633901	18.246400	24.106200	12.254300	2.994450	-9999	0.000000	-9999	-9999	-9999	-9999
8	6	19.192983	20.035900	26.448900	14.142600	4.571151	-9999	0.124285	-9999	-9999	-9999	-9999
8	7	16.066167	20.266000	26.163600	14.848000	4.345071	-9999	0.121444	-9999	-9999	-9999	-9999
8	8	14.846630	20.381100	26.459600	15.415100	3.531071	-9999	1.003500	-9999	-9999	-9999	-9999
8	9	15.913584	20.728900	25.670400	16.845700	3.817407	-9999	0.105637	-9999	-9999	-9999	-9999
8	10	3.570221	17.599900	22.604700	13.992100	0.728657	-9999	39.740300	-9999	-9999	-9999	-9999
8	11	3.083193	12.821200	15.929200	10.062000	1.443654	-9999	4.133560	-9999	-9999	-9999	-9999
8	12	8.045266	11.312400	15.111400	7.577930	1.374381	-9999	1.338420	-9999	-9999	-9999	-9999
8	13	20.392559	15.177000	22.312500	7.499250	6.940135	-9999	0.000000	-9999	-9999	-9999	-9999
8	14	20.137249	19.293800	26.224700	11.275500	8.172453	-9999	0.000000	-9999	-9999	-9999	-9999
8	15	15.994800	20.325500	25.953600	15.478600	4.692146	-9999	0.371636	-9999	-9999	-9999	-9999
8	16	12.343882	18.977800	23.893400	15.462700	1.990570	-9999	8.337580	-9999	-9999	-9999	-9999
8	17	7.864853	15.998800	18.949900	12.577200	2.039481	-9999	0.017854	-9999	-9999	-9999	-9999
8	18	19.313770	17.169000	22.996100	12.600500	3.487003	-9999	0.000000	-9999	-9999	-9999	-9999
8	19	19.103472	21.435000	28.963700	13.545300	7.627714	-9999	0.000000	-9999	-9999	-9999	-9999
8	20	17.567021	22.272300	29.276500	16.081900	6.754254	-9999	0.130465	-9999	-9999	-9999	-9999
8	21	9.829123	21.954700	26.270000	17.626600	5.479117	-9999	0.147951	-9999	-9999	-9999	-9999
8	22	13.675219	22.867300	29.842100	18.288000	5.417228	-9999	8.698920	-9999	-9999	-9999	-9999
8	23	2.235280	15.511300	20.467500	12.135200	1.050497	-9999	6.987620	-9999	-9999	-9999	-9999
8	24	4.233116	10.111100	14.066400	7.840380	1.565514	-9999	13.723600	-9999	-9999	-9999	-9999
8	25	7.574256	10.414900	14.104400	7.562550	1.488948	-9999	9.589440	-9999	-9999	-9999	-9999
8	26	2.326303	11.986900	15.097900	8.644460	1.605642	-9999	19.774300	-9999	-9999	-9999	-9999
8	27	5.902969	11.043600	13.914900	7.575240	1.531633	-9999	0.078970	-9999	-9999	-9999	-9999
8	28	2.085549	11.486100	17.457900	5.572680	1.755877	-9999	13.162700	-9999	-9999	-9999	-9999
8	29	4.883794	6.284100	8.184430	4.482740	1.202897	-9999	13.309000	-9999	-9999	-9999	-9999
8	30	6.307943	6.430280	9.293930	2.138930	0.708226	-9999	17.677800	-9999	-9999	-9999	-9999
8	31	2.352076	10.223800	13.037500	5.870220	0.949856	-9999	7.394480	-9999	-9999	-9999	-9999
9	1	1.153561	11.768100	13.583700	9.442640	0.539915	-9999	9.794870	-9999	-9999	-9999	-9999
9	2	16.604525	15.655100	21.406800	8.571330	3.957642	-9999	0.000000	-9999	-9999	-9999	-9999
9	3	15.626477	19.054900	26.216800	13.173800	5.678931	-9999	0.000000	-9999	-9999	-9999	-9999
9	4	2.237933	12.256500	16.464700	8.674910	1.683861	-9999	5.244350	-9999	-9999	-9999	-9999
9	5	4.659129	10.461600	13.434100	6.764570	1.391937	-9999	0.366917	-9999	-9999	-9999	-9999
9	6	15.887491	12.248200	17.436300	6.012950	1.975273	-9999	0.000000	-9999	-9999	-9999	-9999
9	7	15.693264	14.347800	19.961700	8.957130	2.186376	-9999	0.000000	-9999	-9999	-9999	-9999
9	8	13.370487	14.864000	20.665100	10.278500	2.521566	-9999	0.000000	-9999	-9999	-9999	-9999
9	9	15.342049	15.598100	22.597400	10.574200	3.101704	-9999	0.000000	-9999	-9999	-9999	-9999
9	10	15.305414	16.758200	23.833600	11.068800	4.096157	-9999	0.000000	-9999	-9999	-9999	-9999
9	11	10.749024	15.890500	24.242300	9.962590	4.502519	-9999	7.318650	-9999	-9999	-9999	-9999
9	12	11.956723	11.613700	16.612400	7.469890	2.019370	-9999	0.000000	-9999	-9999	-9999	-9999
9	13	9.863424	11.886100	16.380600	6.694380	2.051671	-9999	0.000000	-9999	-9999	-9999	-9999
9	14	12.526704	13.557800	18.609400	8.915570	2.501205	-9999	0.000000	-9999	-9999	-9999	-9999
9	15	14.128906	15.699600	21.541800	10.463000	3.745236	-9999	0.000000	-9999	-9999	-9999	-9999
9	16	12.690173	17.446500	23.690600	12.433600	4.967014	-9999	0.000000	-9999	-9999	-9999	-9999
9	17	11.735798	14.274500	22.660800	6.442270	4.245315	-9999	7.552470	-9999	-9999	-9999	-9999
9	18	7.004474	4.664750	8.253570	2.050850	1.450929	-9999	0.155263	-9999	-9999	-9999	-9999
9	19	14.090112	6.270800	12.480900	1.189460	1.888993	-9999	0.000009	-9999	-9999	-9999	-9999
9	20	13.856055	10.995700	17.771500	3.516280	4.377141	-9999	0.000000	-9999	-9999	-9999	-9999
9	21	7.805765	6.232960	9.544440	3.955880	1.217640	-9999	8.761180	-9999	-9999	-9999	-9999
9	22	13.424660	7.983840	13.255200	3.740460	1.315771	-9999	0.000767	-9999	-9999	-9999	-9999
9	23	8.137446	8.677570	12.908700	4.380290	1.727606	-9999	2.540510	-9999	-9999	-9999	-9999
9	24	8.509302	10.589600	13.014000	6.427590	2.674056	-9999	0.001841	-9999	-9999	-9999	-9999
9	25	6.727026	14.018400	17.909200	10.209100	2.398272	-9999	0.359686	-9999	-9999	-9999	-9999
9	26	1.173571	11.017800	13.513200	6.978460	0.949980	-9999	10.431300	-9999	-9999	-9999	-9999
9	27	6.704519	4.958940	8.794500	1.801770	1.591631	-9999	1.852530	-9999	-9999	-9999	-9999
9	28	10.488615	10.297900	15.260500	2.030860	3.249085	-9999	0.263699	-9999	-9999	-9999	-9999
9	29	6.803119	13.830600	17.550700	10.331700	1.942135	-9999	0.007490	-9999	-9999	-9999	-9999
9	30	1.203854	9.797530	13.603500	7.724990	0.673529	-9999	12.683000	-9999	-9999	-9999	-9999
10	1	1.066141	11.844200	14.250300	8.601200	0.664299	-9999	7.751130	-9999	-9999	-9999	-9999
10	2	9.049536	14.805700	20.485100	10.320800	2.649027	-9999	0.000003	-9999	-9999	-9999	-9999
10	3	3.531721	15.256400	19.463100	11.158700	1.459003	-9999	2.071620	-9999	-9999	-9999	-9999
10	4	1.794744	13.671300	16.717000	10.227100	0.540456	-9999	16.514900	-9999	-9999	-9999	-9999
10	5	2.260189	11.908600	15.427100	8.601290	1.325489	-9999	12.977900	-9999	-9999	-9999	-9999
10	6	5.180561	7.407330	11.485300	5.080500	1.377262	-9999	12.156900	-9999	-9999	-9999	-9999
10	7	9.769853	9.500840	15.206000	3.656220	2.094499	-9999	0.004589	-9999	-9999	-9999	-9999
10	8	5.928042	15.396000	19.007900	6.410550	2.609750	-9999	0.431243	-9999	-9999	-9999	-9999
10	9	9.795686	16.938300	22.400800	13.232200	2.988235	-9999	0.000000	-9999	-9999	-9999	-9999
10	10	6.921798	18.159700	23.713200	13.593500	4.928704	-9999	0.000000	-9999	-9999	-9999	-9999
10	11	7.893867	16.057700	20.375500	12.650000	2.283017	-9999	0.252568	-9999	-9999	-9999	-9999
10	12	5.859190	14.275000	18.977800	9.969940	1.292875	-9999	2.181080	-9999	-9999	-9999	-9999
10	13	9.115978	11.907700	18.111500	7.950680	2.285050	-9999	0.118022	-9999	-9999	-9999	-9999
10	14	2.692820	5.580850	10.821600	2.225650	0.676583	-9999	12.548800	-9999	-9999	-9999	-9999
10	15	7.315160	5.732010	9.943800	2.120730	1.494788	-9999	0.544150	-9999	-9999	-9999	-9999
10	16	5.999668	8.312060	12.437900	2.686340	1.679593	-9999	0.254984	-9999	-9999	-9999	-9999
10	17	4.145031	10.212000	14.478200	5.605350	1.511995	-9999	6.801060	-9999	-9999	-9999	-9999
10	18	5.627120	10.278200	14.759300	6.376650	1.325939	-9999	13.060500	-9999	-9999	-9999	-9999
10	19	4.901325	8.494700	13.721000	4.875400	1.498145	-9999	1.664500	-9999	-9999	-9999	-9999
10	20	5.994190	8.777080	13.625100	4.817930	1.954752	-9999	0.063792	-9999	-9999	-9999	-9999
10	21	8.331578	9.673320	16.316900	4.533690	3.069207	-9999	0.000000	-9999	-9999	-9999	-9999
10	22	6.059612	11.427300	17.886200	6.702940	3.948302	-9999	0.000000	-9999	-9999	-9999	-9999
10	23	5.419440	10.071000	16.022500	4.165950	1.778322	-9999	9.934490	-9999	-9999	-9999	-9999
10	24	5.028946	6.670030	10.276500	3.708130	1.436397	-9999	1.400640	-9999	-9999	-9999	-9999
10	25	1.001480	7.816210	11.728600	4.317290	0.777365	-9999	12.516700	-9999	-9999	-9999	-9999
10	26	1.069589	10.298500	14.530500	4.310030	1.077143	-9999	6.889760	-9999	-9999	-9999	-9999
10	27	0.611049	10.922200	13.232200	8.076050	1.373373	-9999	8.835210	-9999	-9999	-9999	-9999
10	28	7.256935	12.703500	19.636200	7.786350	3.632584	-9999	0.000000	-9999	-9999	-9999	-9999
10	29	2.121906	6.457200	11.008500	2.050510	1.476234	-9999	1.148720	-9999	-9999	-9999	-9999
10	30	4.404975	3.971750	6.996230	1.611270	1.480628	-9999	0.079210	-9999	-9999	-9999	-9999
10	31	6.127609	7.640330	13.500400	1.623840	1.964506	-9999	0.000001	-9999	-9999	-9999	-9999
11	1	1.965825	8.697420	12.971800	4.418460	1.073224	-9999	1.078110	-9999	-9999	-9999	-9999
11	2	1.647043	2.745300	8.884850	1.536200	0.119878	-9999	23.863900	-9999	-9999	-9999	-9999
11	3	2.766848	-0.250427	3.361840	-3.928060	0.898792	-9999	1.744080	-9999	-9999	-9999	-9999
11	4	5.783850	4.152440	7.105730	-2.945850	2.395201	-9999	0.000000	-9999	-9999	-9999	-9999
11	5	4.817327	4.795170	8.198390	2.464610	1.264228	-9999	2.735130	-9999	-9999	-9999	-9999
11	6	6.107633	4.326350	7.804890	1.981390	1.573821	-9999	0.047186	-9999	-9999	-9999	-9999
11	7	3.729067	6.261470	10.219300	3.359690	1.784599	-9999	5.973820	-9999	-9999	-9999	-9999
11	8	1.686131	4.675170	7.184440	2.260200	0.362737	-9999	23.696900	-9999	-9999	-9999	-9999
11	9	5.049769	8.097290	13.443700	3.655370	1.302563	-9999	2.261240	-9999	-9999	-9999	-9999
11	10	4.401182	8.408200	13.204000	5.944860	1.583098	-9999	2.680740	-9999	-9999	-9999	-9999
11	11	1.993101	7.662480	10.935300	5.340580	0.751599	-9999	0.779164	-9999	-9999	-9999	-9999
11	12	1.857488	3.373500	8.406330	1.677070	0.355761	-9999	16.835800	-9999	-9999	-9999	-9999
11	13	4.615229	2.450990	5.244370	0.421241	1.019275	-9999	0.433531	-9999	-9999	-9999	-9999
11	14	4.219715	2.161740	5.482080	0.066017	1.048890	-9999	0.004951	-9999	-9999	-9999	-9999
11	15	5.107035	3.288850	7.341730	-0.435234	0.884570	-9999	0.000082	-9999	-9999	-9999	-9999
11	16	4.182676	7.901730	11.228600	2.817180	2.982223	-9999	0.000000	-9999	-9999	-9999	-9999
11	17	4.621199	9.793950	14.440400	6.266880	3.394663	-9999	0.000000	-9999	-9999	-9999	-9999
11	18	4.706882	8.305050	12.735400	5.342380	2.419324	-9999	0.000740	-9999	-9999	-9999	-9999
11	19	2.599577	6.892970	9.389240	4.940440	0.864952	-9999	0.098943	-9999	-9999	-9999	-9999
11	20	4.607228	5.656650	10.625400	3.147160	0.991032	-9999	0.036462	-9999	-9999	-9999	-9999
11	21	1.068224	1.410710	5.745170	-1.454460	0.661211	-9999	6.082830	-9999	-9999	-9999	-9999
11	22	2.765241	-3.597320	0.487753	-6.121700	0.965884	-9999	1.924170	-9999	-9999	-9999	-9999
11	23	2.882356	-4.835780	-2.009040	-7.581690	0.668891	-9999	2.695560	-9999	-9999	-9999	-9999
11	24	3.294035	-3.837800	-1.154640	-6.946710	0.730840	-9999	1.667270	-9999	-9999	-9999	-9999
11	25	4.155728	-4.611450	1.335840	-7.922780	1.148779	-9999	0.020990	-9999	-9999	-9999	-9999
11	26	4.133696	-3.560550	0.436178	-8.162100	1.173845	-9999	0.000000	-9999	-9999	-9999	-9999
11	27	3.999629	-4.224150	-0.906290	-7.860370	0.745514	-9999	1.773020	-9999	-9999	-9999	-9999
11	28	2.105024	0.951508	4.303430	-5.915730	0.366499	-9999	13.056300	-9999	-9999	-9999	-9999
11	29	2.150565	-2.738130	2.214650	-7.115500	0.467966	-9999	8.316720	-9999	-9999	-9999	-9999
11	30	1.556211	-3.746800	-1.554700	-6.797570	0.623483	-9999	4.563830	-9999	-9999	-9999	-9999
12	1	3.304169	-0.404699	2.375820	-6.519290	0.967505	-9999	0.308585	-9999	-9999	-9999	-9999
12	2	3.639738	1.673090	4.426510	-2.429940	1.522096	-9999	0.306493	-9999	-9999	-9999	-9999
12	3	2.826326	1.646420	3.778140	-0.142919	0.603229	-9999	0.002051	-9999	-9999	-9999	-9999
12	4	3.544387	1.939690	5.884280	-1.178470	1.071030	-9999	0.065434	-9999	-9999	-9999	-9999
12	5	1.794761	3.410120	4.751070	2.237450	0.442894	-9999	0.885175	-9999	-9999	-9999	-9999
12	6	2.888309	3.060760	4.823970	1.661710	0.371808	-9999	2.522700	-9999	-9999	-9999	-9999
12	7	2.316885	2.292410	3.619320	1.228720	0.563006	-9999	0.751647	-9999	-9999	-9999	-9999
12	8	2.724512	2.418670	3.968170	0.755336	1.032756	-9999	0.000698	-9999	-9999	-9999	-9999
12	9	3.544811	-0.013189	3.238890	-1.841740	0.780132	-9999	0.000024	-9999	-9999	-9999	-9999
12	10	3.548379	0.416285	3.495510	-1.756750	1.528431	-9999	0.000000	-9999	-9999	-9999	-9999
12	11	3.023836	0.630305	3.810360	-1.848640	1.047856	-9999	0.000000	-9999	-9999	-9999	-9999
12	12	3.623607	0.731929	3.601230	-1.949830	2.140033	-9999	0.000000	-9999	-9999	-9999	-9999
12	13	3.621750	1.793390	4.244450	-0.345769	2.102165	-9999	0.000000	-9999	-9999	-9999	-9999
12	14	3.617093	2.669860	5.290920	1.054530	2.818088	-9999	0.000000	-9999	-9999	-9999	-9999
12	15	3.568951	-0.874761	2.978490	-3.378030	1.076327	-9999	0.000000	-9999	-9999	-9999	-9999
12	16	2.504494	-1.887670	1.414790	-3.546570	0.900268	-9999	0.427269	-9999	-9999	-9999	-9999
12	17	3.526926	-1.528870	2.032650	-3.479770	1.094772	-9999	0.000000	-9999	-9999	-9999	-9999
12	18	2.259697	1.534850	4.259160	-3.438300	0.850224	-9999	0.877488	-9999	-9999	-9999	-9999
12	19	1.169027	-0.367955	3.865750	-1.674020	0.714397	-9999	3.403250	-9999	-9999	-9999	-9999
12	20	2.100038	1.019770	4.028140	-3.245460	0.444735	-9999	11.553800	-9999	-9999	-9999	-9999
12	21	2.110553	-0.314244	3.659790	-3.527500	0.372200	-9999	6.373920	-9999	-9999	-9999	-9999
12	22	0.859328	-2.849100	-0.344177	-4.738870	0.275953	-9999	9.235490	-9999	-9999	-9999	-9999
12	23	1.322793	-6.679450	-2.998990	-11.551000	0.380678	-9999	6.345660	-9999	-9999	-9999	-9999
12	24	3.446643	-11.357700	-5.145940	-14.826500	0.431928	-9999	0.016926	-9999	-9999	-9999	-9999
12	25	3.408065	-7.819220	-3.431580	-14.301900	0.686676	-9999	0.945753	-9999	-9999	-9999	-9999
12	26	1.622445	0.230952	3.311950	-4.798620	0.371152	-9999	14.977700	-9999	-9999	-9999	-9999
12	27	2.090189	-2.482090	-0.377258	-4.443210	0.550171	-9999	5.519590	-9999	-9999	-9999	-9999
12	28	1.620199	-2.330750	1.488430	-5.346650	0.349110	-9999	5.276330	-9999	-9999	-9999	-9999
12	29	1.510816	-3.083410	-1.073490	-5.346960	0.337245	-9999	3.185220	-9999	-9999	-9999	-9999
12	30	2.070783	-1.521700	1.927280	-4.055460	0.331500	-9999	6.858540	-9999	-9999	-9999	-9999
12	31	2.938853	-4.375160	-0.287048	-7.390260	0.470322	-9999	0.103161	-9999	-9999	-9999	-9999
