Month	n_days	Rg_f	Ta_f	Tmax	Tmin	VPD_f	Ts_f	Precip	SWC	LAI	ET	LITTERFALL
1	1	3.393109	7.208340	11.385700	1.322350	1.049303	-9999	5.475890	-9999	-9999	-9999	-9999
1	2	3.442962	2.668390	4.781890	0.203179	0.621377	-9999	1.943780	-9999	-9999	-9999	-9999
1	3	3.342418	4.305480	7.235900	1.479730	1.212917	-9999	5.895380	-9999	-9999	-9999	-9999
1	4	3.218910	0.784938	3.992250	-1.559300	0.745514	-9999	2.508910	-9999	-9999	-9999	-9999
1	5	2.886253	2.778320	5.062990	-1.353340	0.942727	-9999	0.125263	-9999	-9999	-9999	-9999
1	6	2.836218	5.552120	9.856660	2.058530	0.828393	-9999	0.763849	-9999	-9999	-9999	-9999
1	7	2.896741	6.433160	11.093200	0.563896	1.429981	-9999	5.385020	-9999	-9999	-9999	-9999
1	8	2.043904	-0.734807	2.487820	-3.027930	0.886220	-9999	3.187600	-9999	-9999	-9999	-9999
1	9	2.876688	1.915640	4.722260	-3.096930	1.045622	-9999	0.007133	-9999	-9999	-9999	-9999
1	10	1.130380	2.086090	4.311490	-0.418159	0.331695	-9999	1.520320	-9999	-9999	-9999	-9999
1	11	4.052566	1.328120	5.601320	-1.664220	1.970767	-9999	0.000468	-9999	-9999	-9999	-9999
1	12	2.976281	1.538570	3.604400	-1.042240	0.575223	-9999	0.734847	-9999	-9999	-9999	-9999
1	13	2.326355	-1.685980	2.793580	-4.708630	0.875249	-9999	0.788800	-9999	-9999	-9999	-9999
1	14	4.173595	-2.223700	3.029170	-5.650250	1.231971	-9999	0.000000	-9999	-9999	-9999	-9999
1	15	4.246638	-2.005500	2.283970	-4.940770	1.366855	-9999	0.000000	-9999	-9999	-9999	-9999
1	16	4.458318	-0.969701	3.003420	-4.182470	1.758663	-9999	0.000000	-9999	-9999	-9999	-9999
1	17	4.424699	2.213160	5.043430	-1.539380	2.539563	-9999	0.000000	-9999	-9999	-9999	-9999
1	18	4.383539	5.108240	9.154510	1.268910	3.972673	-9999	0.000000	-9999	-9999	-9999	-9999
1	19	3.820141	3.536770	6.670780	1.515430	2.326110	-9999	0.000000	-9999	-9999	-9999	-9999
1	20	4.484367	4.470360	8.826450	1.249080	1.314441	-9999	0.000000	-9999	-9999	-9999	-9999
1	21	4.415628	4.883300	8.732180	2.767850	1.980698	-9999	0.000000	-9999	-9999	-9999	-9999
1	22	4.726996	5.412350	9.818510	3.100550	2.895542	-9999	0.000000	-9999	-9999	-9999	-9999
1	23	3.869908	2.724700	6.208830	0.175774	0.992890	-9999	3.081750	-9999	-9999	-9999	-9999
1	24	3.142636	-0.748143	2.259670	-3.128120	0.802277	-9999	0.269886	-9999	-9999	-9999	-9999
1	25	0.646015	0.452296	2.434420	-2.313090	0.317895	-9999	1.142030	-9999	-9999	-9999	-9999
1	26	2.978182	1.077660	3.527740	-1.518440	0.521963	-9999	0.038151	-9999	-9999	-9999	-9999
1	27	3.661597	-1.810950	2.024750	-4.572030	0.725929	-9999	2.467950	-9999	-9999	-9999	-9999
1	28	2.438303	-6.489020	-2.644260	-9.247750	0.671375	-9999	1.417630	-9999	-9999	-9999	-9999
1	29	5.110085	-4.770330	0.079926	-12.198300	1.108377	-9999	0.001864	-9999	-9999	-9999	-9999
1	30	4.721337	1.164210	4.098940	-3.592660	1.096488	-9999	0.376112	-9999	-9999	-9999	-9999
1	31	3.095461	2.774960	5.093480	1.397480	0.609588	-9999	0.226964	-9999	-9999	-9999	-9999
2	1	5.699730	3.432700	8.352140	-0.148833	1.468658	-9999	0.000000	-9999	-9999	-9999	-9999
2	2	5.112487	3.443440	6.970970	0.327974	1.264247	-9999	0.167405	-9999	-9999	-9999	-9999
2	3	1.401909	1.503650	4.337850	-0.368987	0.249324	-9999	3.386410	-9999	-9999	-9999	-9999
2	4	3.330210	1.436910	3.920980	-2.034670	0.510785	-9999	3.271310	-9999	-9999	-9999	-9999
2	5	1.638438	3.816830	6.766500	1.602300	0.564219	-9999	3.534310	-9999	-9999	-9999	-9999
2	6	6.250591	3.685780	7.753990	0.740754	1.764586	-9999	0.109094	-9999	-9999	-9999	-9999
2	7	2.402205	4.484580	8.274380	0.739991	0.586622	-9999	17.507400	-9999	-9999	-9999	-9999
2	8	6.515061	6.995050	10.776100	3.268590	3.012403	-9999	0.000031	-9999	-9999	-9999	-9999
2	9	6.623000	6.713520	11.112000	3.233030	3.659304	-9999	0.000000	-9999	-9999	-9999	-9999
2	10	6.398784	5.212580	11.781900	1.597140	2.089779	-9999	0.000935	-9999	-9999	-9999	-9999
2	11	2.652376	3.913600	6.247920	1.960050	0.706987	-9999	2.220970	-9999	-9999	-9999	-9999
2	12	4.001279	1.265800	7.481100	-2.015870	0.813675	-9999	7.456320	-9999	-9999	-9999	-9999
2	13	2.831985	-3.263040	0.462060	-6.708010	0.758631	-9999	4.526130	-9999	-9999	-9999	-9999
2	14	6.796457	-1.067570	3.323910	-5.641110	0.828319	-9999	0.094607	-9999	-9999	-9999	-9999
2	15	3.343853	-2.120610	0.699609	-5.089810	0.275082	-9999	14.391400	-9999	-9999	-9999	-9999
2	16	4.373974	-4.643810	-1.286380	-6.921970	0.363990	-9999	4.860400	-9999	-9999	-9999	-9999
2	17	4.729251	-3.772680	0.164575	-6.394190	0.374042	-9999	1.611370	-9999	-9999	-9999	-9999
2	18	6.584821	-2.495800	2.666920	-7.620390	0.362511	-9999	0.159659	-9999	-9999	-9999	-9999
2	19	6.994529	-0.921150	3.827910	-3.446930	0.440421	-9999	0.550158	-9999	-9999	-9999	-9999
2	20	7.722164	-0.788399	3.358760	-4.071380	0.657704	-9999	0.010274	-9999	-9999	-9999	-9999
2	21	6.591154	1.388700	3.893820	-2.345760	0.550468	-9999	1.111890	-9999	-9999	-9999	-9999
2	22	3.425976	0.157616	3.217490	-2.619290	0.291114	-9999	7.491180	-9999	-9999	-9999	-9999
2	23	8.341592	0.217461	3.875790	-2.946010	0.601091	-9999	0.024320	-9999	-9999	-9999	-9999
2	24	8.919763	-0.565437	4.056480	-4.087430	0.777125	-9999	0.004650	-9999	-9999	-9999	-9999
2	25	9.195034	0.528374	6.153160	-3.599820	0.852141	-9999	0.000590	-9999	-9999	-9999	-9999
2	26	9.769334	0.858696	7.832420	-3.250000	2.274868	-9999	0.000000	-9999	-9999	-9999	-9999
2	27	10.000195	-4.422430	2.343040	-9.925020	1.364490	-9999	0.000000	-9999	-9999	-9999	-9999
2	28	10.135066	-6.010750	1.095940	-10.853700	0.960494	-9999	0.000052	-9999	-9999	-9999	-9999
3	1	10.340352	-2.756620	3.862850	-8.353020	1.571889	-9999	0.000000	-9999	-9999	-9999	-9999
3	2	10.258359	0.639652	7.322780	-5.261010	2.109760	-9999	0.000000	-9999	-9999	-9999	-9999
3	3	10.485072	3.477120	9.525080	-1.758660	3.209197	-9999	0.000000	-9999	-9999	-9999	-9999
3	4	10.665562	3.619020	10.360800	-0.014700	3.275404	-9999	0.000000	-9999	-9999	-9999	-9999
3	5	8.789818	4.949920	10.262400	-0.125082	2.301193	-9999	0.080354	-9999	-9999	-9999	-9999
3	6	7.213208	6.995030	13.037100	3.320870	1.874112	-9999	0.429646	-9999	-9999	-9999	-9999
3	7	6.018901	6.951020	11.528500	3.635050	1.401215	-9999	0.430769	-9999	-9999	-9999	-9999
3	8	7.727996	5.823310	10.890300	2.914260	1.371832	-9999	2.815050	-9999	-9999	-9999	-9999
3	9	5.931775	5.479710	9.630730	2.560280	1.134380	-9999	1.679010	-9999	-9999	-9999	-9999
3	10	6.146384	1.123900	6.301630	-2.854360	0.799694	-9999	12.041600	-9999	-9999	-9999	-9999
3	11	7.200792	-2.230740	0.713248	-4.371180	0.749718	-9999	3.182450	-9999	-9999	-9999	-9999
3	12	6.629377	-2.064390	1.226130	-5.365470	0.829208	-9999	1.393670	-9999	-9999	-9999	-9999
3	13	7.119913	-3.279020	1.834400	-6.682610	0.951422	-9999	1.122420	-9999	-9999	-9999	-9999
3	14	7.910119	-0.624783	4.271930	-5.706380	0.610303	-9999	4.752630	-9999	-9999	-9999	-9999
3	15	3.794144	-2.796350	0.381675	-8.247950	0.601782	-9999	3.798210	-9999	-9999	-9999	-9999
3	16	6.513437	-4.436610	-1.226820	-8.282340	0.501077	-9999	3.568010	-9999	-9999	-9999	-9999
3	17	4.527092	-3.546810	-0.568917	-5.412770	0.553055	-9999	4.923380	-9999	-9999	-9999	-9999
3	18	6.631156	-0.162869	3.462330	-5.057420	0.439747	-9999	12.813600	-9999	-9999	-9999	-9999
3	19	6.008368	1.038970	3.590290	-1.119040	0.382853	-9999	14.206700	-9999	-9999	-9999	-9999
3	20	13.208918	1.099280	5.152370	-3.250970	1.017372	-9999	0.062102	-9999	-9999	-9999	-9999
3	21	13.093833	3.563820	6.917170	0.002512	2.635317	-9999	0.000000	-9999	-9999	-9999	-9999
3	22	7.410546	3.499820	6.261500	1.794290	0.890341	-9999	5.964320	-9999	-9999	-9999	-9999
3	23	9.740995	3.655190	7.777520	-0.080831	1.282388	-9999	0.114140	-9999	-9999	-9999	-9999
3	24	14.437181	4.132180	10.874900	-0.654043	1.810787	-9999	0.000000	-9999	-9999	-9999	-9999
3	25	13.573872	5.974400	11.877200	0.716471	1.602483	-9999	0.015540	-9999	-9999	-9999	-9999
3	26	9.861091	6.100250	11.767600	2.620310	1.138682	-9999	5.921450	-9999	-9999	-9999	-9999
3	27	7.503330	5.493260	9.296100	2.315500	1.378337	-9999	1.247140	-9999	-9999	-9999	-9999
3	28	7.612427	3.987580	7.481190	1.857740	1.435115	-9999	5.020140	-9999	-9999	-9999	-9999
3	29	6.216627	3.752840	7.657580	1.132730	0.898340	-9999	6.485150	-9999	-9999	-9999	-9999
3	30	8.399903	2.947300	5.631490	0.466501	0.693069	-9999	6.088140	-9999	-9999	-9999	-9999
3	31	15.259882	5.158910	11.119100	1.483960	1.728805	-9999	0.176682	-9999	-9999	-9999	-9999
4	1	12.349929	6.020460	12.266100	0.338033	2.156799	-9999	0.085797	-9999	-9999	-9999	-9999
4	2	6.331815	6.112620	10.895600	2.456780	0.984934	-9999	5.393210	-9999	-9999	-9999	-9999
4	3	14.472260	8.070540	13.693000	2.205010	2.155062	-9999	1.823830	-9999	-9999	-9999	-9999
4	4	1.219787	7.610120	9.354520	5.694910	0.287596	-9999	1.365420	-9999	-9999	-9999	-9999
4	5	5.834428	8.496710	13.921600	3.251390	1.038287	-9999	10.586600	-9999	-9999	-9999	-9999
4	6	10.317456	6.556410	10.972100	3.005940	1.893802	-9999	2.029400	-9999	-9999	-9999	-9999
4	7	14.827882	7.345800	12.859700	3.434040	1.945008	-9999	0.741097	-9999	-9999	-9999	-9999
4	8	16.158441	7.905590	13.532600	3.161580	2.023864	-9999	0.317160	-9999	-9999	-9999	-9999
4	9	3.895379	4.858190	7.782720	1.759760	0.628833	-9999	2.605920	-9999	-9999	-9999	-9999
4	10	9.713001	5.870980	10.563900	1.115190	0.995533	-9999	3.330710	-9999	-9999	-9999	-9999
4	11	7.625163	7.607860	12.423600	3.528220	1.037553	-9999	7.195120	-9999	-9999	-9999	-9999
4	12	8.067505	6.677440	10.489100	3.234550	1.248853	-9999	2.366230	-9999	-9999	-9999	-9999
4	13	9.574762	4.725990	9.120240	1.041560	1.171145	-9999	6.244010	-9999	-9999	-9999	-9999
4	14	11.207548	3.451120	6.853760	0.540884	0.982426	-9999	6.769620	-9999	-9999	-9999	-9999
4	15	6.930861	2.953260	6.407600	0.917562	0.555470	-9999	11.465600	-9999	-9999	-9999	-9999
4	16	6.501306	3.641920	7.185950	0.987234	1.485318	-9999	2.238750	-9999	-9999	-9999	-9999
4	17	14.105060	6.452950	11.703000	0.888815	1.516726	-9999	0.256426	-9999	-9999	-9999	-9999
4	18	16.166822	10.952300	17.921600	3.649310	2.192287	-9999	0.000000	-9999	-9999	-9999	-9999
4	19	6.756091	11.525100	15.719400	7.740130	1.905907	-9999	1.058910	-9999	-9999	-9999	-9999
4	20	17.165261	11.282300	18.177900	5.299860	1.912259	-9999	2.789750	-9999	-9999	-9999	-9999
4	21	14.674868	10.840300	16.806000	4.528430	2.224988	-9999	2.571690	-9999	-9999	-9999	-9999
4	22	3.642201	8.133620	11.721500	5.552420	0.725641	-9999	4.555170	-9999	-9999	-9999	-9999
4	23	7.958425	5.510690	9.078830	1.755910	1.061212	-9999	5.394280	-9999	-9999	-9999	-9999
4	24	11.038551	5.500530	8.976230	1.318810	1.648959	-9999	3.886760	-9999	-9999	-9999	-9999
4	25	18.074016	9.342080	15.812400	2.322350	2.076062	-9999	0.000001	-9999	-9999	-9999	-9999
4	26	7.652491	7.731000	11.127600	4.246480	1.781143	-9999	2.848650	-9999	-9999	-9999	-9999
4	27	18.506621	11.465400	18.205800	4.724390	2.313497	-9999	0.706816	-9999	-9999	-9999	-9999
4	28	7.745026	6.287910	10.257100	4.080040	1.216939	-9999	8.948840	-9999	-9999	-9999	-9999
4	29	3.646555	4.573010	7.457490	1.194230	0.777345	-9999	20.146800	-9999	-9999	-9999	-9999
4	30	10.132041	4.317540	8.310240	1.185570	1.072548	-9999	10.627900	-9999	-9999	-9999	-9999
5	1	7.813022	5.431640	8.693800	1.416050	0.745080	-9999	6.720180	-9999	-9999	-9999	-9999
5	2	19.371225	9.095760	15.213900	3.216100	1.821311	-9999	0.000077	-9999	-9999	-9999	-9999
5	3	3.893080	8.082550	11.115900	5.608190	1.062906	-9999	5.559300	-9999	-9999	-9999	-9999
5	4	7.834251	8.113030	11.149700	5.404910	1.286286	-9999	4.479620	-9999	-9999	-9999	-9999
5	5	5.652763	7.668450	10.373300	5.286570	1.122698	-9999	7.941010	-9999	-9999	-9999	-9999
5	6	11.410675	8.956540	14.688700	4.668800	1.769792	-9999	3.274190	-9999	-9999	-9999	-9999
5	7	14.206061	9.818720	14.998400	4.757540	2.088903	-9999	0.310088	-9999	-9999	-9999	-9999
5	8	9.830592	7.379270	12.041100	5.110540	1.062853	-9999	17.903800	-9999	-9999	-9999	-9999
5	9	8.427257	7.856720	11.744500	4.755350	1.642321	-9999	5.028670	-9999	-9999	-9999	-9999
5	10	20.318861	9.226620	15.213400	3.734410	2.169329	-9999	0.000000	-9999	-9999	-9999	-9999
5	11	21.580819	9.259670	15.024100	4.613590	1.936339	-9999	0.000000	-9999	-9999	-9999	-9999
5	12	18.538416	9.161860	14.180200	4.456950	2.366721	-9999	0.000018	-9999	-9999	-9999	-9999
5	13	12.749444	5.023160	8.550760	2.140300	1.811935	-9999	0.459527	-9999	-9999	-9999	-9999
5	14	10.531469	4.333980	8.283210	1.332340	1.476254	-9999	3.002140	-9999	-9999	-9999	-9999
5	15	10.144915	4.481810	8.839240	1.344640	0.905721	-9999	11.627700	-9999	-9999	-9999	-9999
5	16	10.936685	4.829800	8.805310	1.508740	1.825692	-9999	0.486397	-9999	-9999	-9999	-9999
5	17	21.317126	7.242000	14.015300	0.966652	2.095161	-9999	0.000002	-9999	-9999	-9999	-9999
5	18	22.150368	10.524100	16.219500	2.996470	2.761826	-9999	0.021108	-9999	-9999	-9999	-9999
5	19	8.016295	11.053700	16.265100	7.816140	1.560258	-9999	3.919140	-9999	-9999	-9999	-9999
5	20	16.597786	12.668200	17.852300	7.378240	2.516664	-9999	0.497411	-9999	-9999	-9999	-9999
5	21	9.048240	12.943100	16.860100	8.833080	1.882868	-9999	2.925920	-9999	-9999	-9999	-9999
5	22	11.045808	12.629500	16.434600	8.694860	2.094815	-9999	1.173010	-9999	-9999	-9999	-9999
5	23	19.729872	14.625800	20.996900	7.926730	3.669314	-9999	1.103190	-9999	-9999	-9999	-9999
5	24	8.050165	11.711400	15.708000	9.077710	1.571145	-9999	7.644840	-9999	-9999	-9999	-9999
5	25	1.674069	9.892790	11.693200	8.023380	0.522395	-9999	9.856590	-9999	-9999	-9999	-9999
5	26	6.575541	10.072300	13.330400	7.883980	1.223689	-9999	8.031040	-9999	-9999	-9999	-9999
5	27	6.190128	9.921690	13.005900	7.455730	1.462156	-9999	4.996500	-9999	-9999	-9999	-9999
5	28	5.501520	10.480500	13.892500	7.934850	0.929011	-9999	3.169380	-9999	-9999	-9999	-9999
5	29	5.809493	10.106100	14.040300	5.156710	1.922142	-9999	6.324350	-9999	-9999	-9999	-9999
5	30	8.754653	6.461730	8.931990	3.745250	1.256743	-9999	9.073370	-9999	-9999	-9999	-9999
5	31	10.459670	7.850580	12.469100	4.383310	1.709652	-9999	0.142068	-9999	-9999	-9999	-9999
6	1	19.243526	9.709200	13.884900	3.668610	2.390113	-9999	0.070410	-9999	-9999	-9999	-9999
6	2	11.443852	6.947450	10.501700	3.654360	1.707444	-9999	4.688740	-9999	-9999	-9999	-9999
6	3	20.563287	8.754160	14.960400	2.477820	2.068316	-9999	0.000000	-9999	-9999	-9999	-9999
6	4	23.287133	11.785100	17.625100	3.713260	3.233867	-9999	0.000000	-9999	-9999	-9999	-9999
6	5	20.736432	14.661400	20.898400	9.120210	3.567564	-9999	0.049724	-9999	-9999	-9999	-9999
6	6	9.224841	10.525100	13.808200	7.207160	1.549398	-9999	5.055510	-9999	-9999	-9999	-9999
6	7	12.081830	13.532800	17.780300	6.964910	2.324927	-9999	5.704950	-9999	-9999	-9999	-9999
6	8	9.442137	13.153400	16.716000	9.232460	1.669554	-9999	11.605200	-9999	-9999	-9999	-9999
6	9	10.774253	12.876400	16.818700	10.567800	1.373967	-9999	3.961540	-9999	-9999	-9999	-9999
6	10	10.069056	13.092000	16.829400	10.121800	1.688617	-9999	4.368620	-9999	-9999	-9999	-9999
6	11	5.626377	12.832100	15.768000	10.591300	1.178242	-9999	6.951790	-9999	-9999	-9999	-9999
6	12	21.803817	14.689800	19.146400	10.495400	2.703957	-9999	0.292123	-9999	-9999	-9999	-9999
6	13	21.978778	15.258700	20.430000	10.514200	3.144968	-9999	0.356193	-9999	-9999	-9999	-9999
6	14	23.536657	15.990500	22.007700	10.650400	3.660882	-9999	0.328460	-9999	-9999	-9999	-9999
6	15	23.695632	17.088000	23.395700	11.122400	3.933469	-9999	0.000000	-9999	-9999	-9999	-9999
6	16	21.171888	16.977700	23.381000	11.787300	4.410349	-9999	0.104685	-9999	-9999	-9999	-9999
6	17	22.591528	17.844500	24.236500	11.895600	5.462653	-9999	0.000000	-9999	-9999	-9999	-9999
6	18	6.424117	13.344800	19.742500	9.739750	1.807567	-9999	8.697130	-9999	-9999	-9999	-9999
6	19	9.335952	12.688600	16.785500	9.361240	1.814731	-9999	10.945100	-9999	-9999	-9999	-9999
6	20	3.117044	12.264400	14.111100	10.413900	0.579165	-9999	39.502500	-9999	-9999	-9999	-9999
6	21	3.186406	12.183800	15.287200	9.564430	0.713763	-9999	13.001700	-9999	-9999	-9999	-9999
6	22	17.137441	15.084000	19.616400	8.745490	2.312247	-9999	0.487470	-9999	-9999	-9999	-9999
6	23	14.736556	16.307500	19.793500	12.446600	2.254565	-9999	1.842340	-9999	-9999	-9999	-9999
6	24	3.671533	14.010500	16.031400	12.084400	1.015859	-9999	27.469800	-9999	-9999	-9999	-9999
6	25	1.853807	12.237100	13.879900	10.984500	0.463312	-9999	45.898400	-9999	-9999	-9999	-9999
6	26	10.064563	14.031800	17.896700	10.987600	1.681077	-9999	0.747339	-9999	-9999	-9999	-9999
6	27	9.103018	14.385300	17.513100	10.944200	1.864628	-9999	0.016442	-9999	-9999	-9999	-9999
6	28	17.936554	15.267200	19.587500	10.552400	2.096264	-9999	0.817734	-9999	-9999	-9999	-9999
6	29	9.027504	14.866200	17.822800	11.530400	1.633193	-9999	5.015540	-9999	-9999	-9999	-9999
6	30	8.408837	15.057300	17.665600	11.950300	1.584445	-9999	10.638800	-9999	-9999	-9999	-9999
7	1	8.934365	15.747100	19.741400	12.777100	1.275409	-9999	6.920230	-9999	-9999	-9999	-9999
7	2	10.279699	17.108700	21.206900	13.161900	2.254217	-9999	0.044408	-9999	-9999	-9999	-9999
7	3	20.549721	19.718200	25.959600	13.592000	4.235510	-9999	0.458770	-9999	-9999	-9999	-9999
7	4	22.727519	21.893000	28.364700	14.473500	4.907979	-9999	0.057488	-9999	-9999	-9999	-9999
7	5	13.453948	20.521500	25.461700	17.383300	2.230240	-9999	3.359210	-9999	-9999	-9999	-9999
7	6	13.937789	19.197900	23.322300	16.377900	2.150442	-9999	18.685300	-9999	-9999	-9999	-9999
7	7	15.030835	18.454200	23.177200	14.513600	2.708439	-9999	1.304600	-9999	-9999	-9999	-9999
7	8	13.238121	18.665500	23.020000	14.553400	2.454308	-9999	4.191270	-9999	-9999	-9999	-9999
7	9	15.564528	20.225600	26.721100	15.691100	2.936608	-9999	1.324640	-9999	-9999	-9999	-9999
7	10	12.000356	16.504300	19.909000	13.599900	2.780589	-9999	1.012500	-9999	-9999	-9999	-9999
7	11	15.454800	16.820700	22.117100	13.339300	3.345445	-9999	0.592033	-9999	-9999	-9999	-9999
7	12	22.077359	19.364500	26.628100	12.229900	4.664690	-9999	0.045172	-9999	-9999	-9999	-9999
7	13	21.538829	21.750300	29.437900	14.519700	5.817571	-9999	0.000000	-9999	-9999	-9999	-9999
7	14	3.858754	16.125500	18.783800	13.578600	1.918923	-9999	0.838774	-9999	-9999	-9999	-9999
7	15	3.151984	13.073900	15.807400	10.067400	1.541041	-9999	7.219340	-9999	-9999	-9999	-9999
7	16	14.500598	13.466800	17.784300	9.387360	2.761721	-9999	0.043229	-9999	-9999	-9999	-9999
7	17	10.899878	16.759100	20.286600	10.964800	2.517043	-9999	5.919420	-9999	-9999	-9999	-9999
7	18	14.969664	19.031400	25.738000	13.924500	3.592257	-9999	0.939985	-9999	-9999	-9999	-9999
7	19	9.431078	15.532700	23.280800	11.704900	2.339967	-9999	2.687910	-9999	-9999	-9999	-9999
7	20	14.144890	11.910900	16.399400	7.813810	2.673534	-9999	1.459380	-9999	-9999	-9999	-9999
7	21	12.456979	14.535900	19.495300	6.771730	3.513496	-9999	1.276690	-9999	-9999	-9999	-9999
7	22	2.082897	13.427300	15.682900	11.334800	0.777454	-9999	6.659370	-9999	-9999	-9999	-9999
7	23	9.669370	14.342600	17.889400	11.167500	1.619324	-9999	0.029632	-9999	-9999	-9999	-9999
7	24	9.911463	14.655700	18.210000	11.103100	2.216979	-9999	0.443107	-9999	-9999	-9999	-9999
7	25	5.073140	17.149800	20.152000	12.812100	1.475190	-9999	0.657865	-9999	-9999	-9999	-9999
7	26	4.219188	18.720000	21.226700	15.972600	0.976344	-9999	15.511600	-9999	-9999	-9999	-9999
7	27	13.938998	19.984200	23.959200	15.438700	1.817378	-9999	7.479090	-9999	-9999	-9999	-9999
7	28	19.176480	21.601700	27.305300	16.546700	3.423760	-9999	0.656952	-9999	-9999	-9999	-9999
7	29	18.749232	22.440500	27.984000	18.184100	4.400161	-9999	0.027034	-9999	-9999	-9999	-9999
7	30	19.976630	24.008400	30.124300	18.164900	8.159935	-9999	0.000000	-9999	-9999	-9999	-9999
7	31	9.830937	21.427700	27.018100	18.793000	1.965797	-9999	3.185520	-9999	-9999	-9999	-9999
8	1	16.182115	23.741300	28.413600	19.520900	4.933044	-9999	0.247080	-9999	-9999	-9999	-9999
8	2	12.932179	23.750100	30.540900	18.724200	4.652806	-9999	15.469100	-9999	-9999	-9999	-9999
8	3	15.729293	21.236900	26.830600	17.311100	3.735885	-9999	7.349870	-9999	-9999	-9999	-9999
8	4	12.050294	20.156600	24.575500	16.693600	2.622909	-9999	47.112400	-9999	-9999	-9999	-9999
8	5	10.066464	17.802800	21.063500	14.978300	2.184994	-9999	5.991950	-9999	-9999	-9999	-9999
8	6	20.720016	20.077200	25.438300	13.716300	2.929850	-9999	0.000000	-9999	-9999	-9999	-9999
8	7	14.051664	20.227100	26.670800	15.994300	3.169121	-9999	12.660300	-9999	-9999	-9999	-9999
8	8	2.594566	16.959100	19.897800	14.815800	1.125927	-9999	12.557400	-9999	-9999	-9999	-9999
8	9	5.729703	16.625800	19.088700	13.722200	2.218319	-9999	0.000000	-9999	-9999	-9999	-9999
8	10	19.110298	19.314300	24.942900	13.834100	4.207346	-9999	0.000000	-9999	-9999	-9999	-9999
8	11	8.826106	17.669000	23.486300	14.440000	2.212614	-9999	16.324100	-9999	-9999	-9999	-9999
8	12	2.416789	13.719100	16.375700	10.746000	1.419478	-9999	11.942300	-9999	-9999	-9999	-9999
8	13	8.304353	13.323300	16.426500	10.193900	2.082022	-9999	0.535283	-9999	-9999	-9999	-9999
8	14	8.407558	15.832300	20.281900	10.877600	1.880582	-9999	0.000431	-9999	-9999	-9999	-9999
8	15	8.476229	15.647300	19.492400	11.293800	1.823857	-9999	0.000000	-9999	-9999	-9999	-9999
8	16	9.634723	14.927000	19.668200	11.165500	2.827022	-9999	0.000000	-9999	-9999	-9999	-9999
8	17	19.588435	18.315100	25.306200	11.366000	4.181335	-9999	0.000000	-9999	-9999	-9999	-9999
8	18	16.078003	20.601400	27.217000	14.835600	6.629095	-9999	0.019661	-9999	-9999	-9999	-9999
8	19	10.061366	20.491800	25.493500	15.279200	5.002226	-9999	0.129336	-9999	-9999	-9999	-9999
8	20	8.254103	17.232100	23.238100	12.733900	1.871227	-9999	26.435600	-9999	-9999	-9999	-9999
8	21	4.497008	12.029500	14.666800	8.603870	1.567315	-9999	9.372920	-9999	-9999	-9999	-9999
8	22	17.988652	12.094400	17.798300	6.793260	2.202238	-9999	0.000000	-9999	-9999	-9999	-9999
8	23	15.323731	13.474200	18.272800	8.505850	2.679779	-9999	0.288757	-9999	-9999	-9999	-9999
8	24	4.849088	11.417500	13.386600	9.681350	1.334760	-9999	2.928410	-9999	-9999	-9999	-9999
8	25	4.776952	11.318000	14.367500	8.975720	1.458261	-9999	6.580220	-9999	-9999	-9999	-9999
8	26	8.527032	14.877700	19.505900	9.737750	1.970150	-9999	2.904320	-9999	-9999	-9999	-9999
8	27	6.158877	14.690200	18.823500	11.217400	1.761478	-9999	5.906620	-9999	-9999	-9999	-9999
8	28	12.926304	11.704400	14.926900	8.621230	2.024048	-9999	2.126480	-9999	-9999	-9999	-9999
8	29	2.746138	10.164000	12.278700	8.239300	1.020932	-9999	12.358900	-9999	-9999	-9999	-9999
8	30	1.851708	10.625600	12.327700	8.293320	0.620773	-9999	15.890300	-9999	-9999	-9999	-9999
8	31	14.287017	12.648400	16.670700	9.712720	2.166154	-9999	0.004931	-9999	-9999	-9999	-9999
9	1	3.924876	8.949720	11.290000	6.564220	1.329432	-9999	33.689400	-9999	-9999	-9999	-9999
9	2	5.717330	8.089430	11.234000	5.546460	1.214332	-9999	3.323620	-9999	-9999	-9999	-9999
9	3	17.078948	10.051300	16.466600	4.051740	1.650676	-9999	0.000000	-9999	-9999	-9999	-9999
9	4	16.829510	12.744200	18.412300	6.845960	2.455467	-9999	0.000000	-9999	-9999	-9999	-9999
9	5	13.995590	14.440500	19.694100	9.753490	2.242189	-9999	0.006090	-9999	-9999	-9999	-9999
9	6	3.583310	12.756900	15.329400	9.555090	0.861419	-9999	0.034135	-9999	-9999	-9999	-9999
9	7	12.241929	11.658800	15.752900	8.557720	1.314083	-9999	0.000000	-9999	-9999	-9999	-9999
9	8	16.098049	15.295900	22.570100	7.974440	4.230000	-9999	0.000000	-9999	-9999	-9999	-9999
9	9	15.869175	19.354700	25.524200	12.916500	8.122485	-9999	0.000000	-9999	-9999	-9999	-9999
9	10	8.090799	17.219100	21.433000	14.648900	2.097909	-9999	9.275400	-9999	-9999	-9999	-9999
9	11	13.597027	17.939500	23.511100	13.794800	3.183928	-9999	0.024315	-9999	-9999	-9999	-9999
9	12	14.176252	18.909000	25.714500	13.887000	3.988353	-9999	0.000000	-9999	-9999	-9999	-9999
9	13	14.434589	18.365800	25.692900	13.751800	3.886179	-9999	0.000000	-9999	-9999	-9999	-9999
9	14	12.310099	17.768500	23.638300	12.970200	3.200668	-9999	0.100472	-9999	-9999	-9999	-9999
9	15	2.845921	14.458700	19.940500	12.359200	1.075782	-9999	11.636900	-9999	-9999	-9999	-9999
9	16	2.149883	12.045900	14.183500	10.228400	1.014648	-9999	5.726710	-9999	-9999	-9999	-9999
9	17	1.517970	11.533600	12.572800	9.925910	0.838555	-9999	1.888430	-9999	-9999	-9999	-9999
9	18	8.174918	12.811000	16.546800	9.426220	2.445959	-9999	0.036207	-9999	-9999	-9999	-9999
9	19	12.861849	14.292200	20.534600	8.925420	2.990222	-9999	0.000000	-9999	-9999	-9999	-9999
9	20	13.661568	14.505100	20.418800	10.124100	2.601406	-9999	0.000000	-9999	-9999	-9999	-9999
9	21	0.692468	10.528200	13.435700	8.801220	0.647421	-9999	25.804100	-9999	-9999	-9999	-9999
9	22	1.623931	9.504960	11.897600	6.884440	0.694611	-9999	30.721200	-9999	-9999	-9999	-9999
9	23	8.139735	9.479630	12.955200	6.725810	1.806773	-9999	2.567530	-9999	-9999	-9999	-9999
9	24	12.861849	11.619300	17.571400	5.304330	1.451311	-9999	0.000001	-9999	-9999	-9999	-9999
9	25	1.314930	10.648300	12.854700	8.500070	0.677271	-9999	0.000372	-9999	-9999	-9999	-9999
9	26	2.776257	8.071520	10.449100	5.570630	1.092979	-9999	3.685320	-9999	-9999	-9999	-9999
9	27	2.767418	5.014060	7.454010	1.646710	1.104374	-9999	3.292560	-9999	-9999	-9999	-9999
9	28	12.781151	6.031660	11.520600	1.382270	1.444597	-9999	0.118623	-9999	-9999	-9999	-9999
9	29	12.280032	7.983930	13.403000	2.433420	1.672671	-9999	0.000000	-9999	-9999	-9999	-9999
9	30	12.000269	13.834900	21.405600	6.061660	5.405033	-9999	0.000000	-9999	-9999	-9999	-9999
10	1	11.106806	14.762300	21.172000	10.265400	4.545047	-9999	0.000000	-9999	-9999	-9999	-9999
10	2	7.000655	14.564900	20.625200	10.591800	1.942393	-9999	1.623970	-9999	-9999	-9999	-9999
10	3	11.502345	14.355000	20.257300	10.076600	2.639558	-9999	0.000000	-9999	-9999	-9999	-9999
10	4	5.113506	14.083200	18.805800	8.581240	1.162066	-9999	15.046100	-9999	-9999	-9999	-9999
10	5	1.987200	8.922770	11.466800	7.039090	0.889399	-9999	25.707600	-9999	-9999	-9999	-9999
10	6	1.112737	8.350480	10.457900	5.780360	0.673008	-9999	3.771730	-9999	-9999	-9999	-9999
10	7	4.157836	6.547960	9.232130	4.047580	0.868264	-9999	1.674110	-9999	-9999	-9999	-9999
10	8	3.297741	6.440380	8.862840	3.660730	0.719169	-9999	8.314500	-9999	-9999	-9999	-9999
10	9	7.324379	7.757180	13.277700	2.967500	2.508875	-9999	0.434862	-9999	-9999	-9999	-9999
10	10	10.797840	8.226060	15.000400	2.718050	4.758880	-9999	0.000000	-9999	-9999	-9999	-9999
10	11	10.218096	7.842630	13.794800	3.196560	2.898259	-9999	0.000000	-9999	-9999	-9999	-9999
10	12	10.194941	6.308700	13.149000	2.070830	1.980475	-9999	0.000000	-9999	-9999	-9999	-9999
10	13	10.237363	6.628890	12.918600	1.711150	2.842481	-9999	0.000000	-9999	-9999	-9999	-9999
10	14	9.837504	8.676470	15.596200	3.732660	2.311015	-9999	0.000001	-9999	-9999	-9999	-9999
10	15	9.852797	6.972940	12.201800	3.535370	1.632934	-9999	0.000000	-9999	-9999	-9999	-9999
10	16	9.235815	8.497390	13.561000	3.921110	2.912912	-9999	0.000000	-9999	-9999	-9999	-9999
10	17	9.206352	8.433640	15.677000	3.221770	1.424827	-9999	0.000000	-9999	-9999	-9999	-9999
10	18	6.088747	6.815750	11.464400	2.683590	0.671195	-9999	0.000001	-9999	-9999	-9999	-9999
10	19	8.477792	5.018290	10.166300	1.348850	0.795281	-9999	0.000146	-9999	-9999	-9999	-9999
10	20	8.884339	3.732470	7.921890	-0.203248	1.436249	-9999	0.000011	-9999	-9999	-9999	-9999
10	21	8.693655	9.186290	14.874000	0.942809	4.902680	-9999	0.000000	-9999	-9999	-9999	-9999
10	22	8.547682	12.919700	19.610100	7.399840	7.834774	-9999	0.000000	-9999	-9999	-9999	-9999
10	23	8.481801	13.127400	17.909100	9.588990	8.475295	-9999	0.000000	-9999	-9999	-9999	-9999
10	24	8.279790	12.116900	17.226700	8.526270	7.138753	-9999	0.000000	-9999	-9999	-9999	-9999
10	25	7.998031	12.438800	18.254900	8.652190	7.343238	-9999	0.000000	-9999	-9999	-9999	-9999
10	26	7.152313	14.022600	18.595400	9.260590	7.837881	-9999	0.000000	-9999	-9999	-9999	-9999
10	27	7.350610	14.494200	19.212600	10.201400	7.272904	-9999	0.000000	-9999	-9999	-9999	-9999
10	28	7.379286	12.380800	19.307800	8.341370	5.350566	-9999	0.000000	-9999	-9999	-9999	-9999
10	29	6.964713	12.793400	19.073000	7.934690	4.826015	-9999	0.000000	-9999	-9999	-9999	-9999
10	30	7.089777	12.466000	18.612100	6.855070	3.585716	-9999	0.000000	-9999	-9999	-9999	-9999
10	31	1.159073	6.794230	11.164100	2.575220	0.346514	-9999	0.014364	-9999	-9999	-9999	-9999
11	1	7.157877	6.026280	10.762500	2.487920	3.097009	-9999	0.000000	-9999	-9999	-9999	-9999
11	2	5.982621	4.448850	7.792380	2.040530	1.251733	-9999	0.027316	-9999	-9999	-9999	-9999
11	3	6.882356	6.031400	11.841500	2.228430	2.444123	-9999	0.000000	-9999	-9999	-9999	-9999
11	4	6.669389	7.881470	13.412500	4.487460	3.969586	-9999	0.000000	-9999	-9999	-9999	-9999
11	5	6.370885	7.491460	12.007600	4.504130	4.083918	-9999	0.000000	-9999	-9999	-9999	-9999
11	6	6.373573	7.261440	11.167100	3.843820	4.038396	-9999	0.000000	-9999	-9999	-9999	-9999
11	7	5.745064	7.411220	11.319100	4.372960	4.285448	-9999	0.000000	-9999	-9999	-9999	-9999
11	8	6.110528	8.153750	13.520300	4.079660	3.426108	-9999	0.000000	-9999	-9999	-9999	-9999
11	9	5.671115	6.993040	11.574100	3.253760	1.505283	-9999	0.029243	-9999	-9999	-9999	-9999
11	10	3.661459	4.438720	7.528070	2.032600	1.543842	-9999	0.650375	-9999	-9999	-9999	-9999
11	11	5.697587	6.923550	12.575500	2.129920	3.581196	-9999	0.000000	-9999	-9999	-9999	-9999
11	12	5.311570	7.515440	11.931100	4.058910	2.272977	-9999	0.000000	-9999	-9999	-9999	-9999
11	13	4.600005	8.638890	13.422100	5.792270	2.296738	-9999	0.000000	-9999	-9999	-9999	-9999
11	14	1.563425	7.358700	10.630200	4.194680	0.771703	-9999	3.093330	-9999	-9999	-9999	-9999
11	15	3.149738	1.133480	6.312280	-1.368400	0.841241	-9999	3.897410	-9999	-9999	-9999	-9999
11	16	5.248342	1.069150	4.597160	-2.545590	1.493758	-9999	0.000469	-9999	-9999	-9999	-9999
11	17	5.188087	1.318210	4.319260	-1.149280	1.207512	-9999	0.055224	-9999	-9999	-9999	-9999
11	18	4.255779	0.684662	3.469350	-1.148030	1.157683	-9999	0.100615	-9999	-9999	-9999	-9999
11	19	5.044844	2.786500	6.390770	-1.103600	3.577114	-9999	0.000000	-9999	-9999	-9999	-9999
11	20	5.012600	4.614990	7.911340	2.091500	3.950016	-9999	0.000000	-9999	-9999	-9999	-9999
11	21	4.253230	5.576970	8.460590	2.386270	3.334233	-9999	0.101036	-9999	-9999	-9999	-9999
11	22	4.658014	6.977660	10.101600	4.109050	1.896673	-9999	0.712261	-9999	-9999	-9999	-9999
11	23	3.262801	8.683960	12.229400	6.578500	0.918798	-9999	0.948715	-9999	-9999	-9999	-9999
11	24	3.054327	8.595370	14.054800	5.749760	0.884673	-9999	5.024030	-9999	-9999	-9999	-9999
11	25	1.427138	6.275120	8.995470	3.713780	1.186226	-9999	1.399030	-9999	-9999	-9999	-9999
11	26	4.379063	9.534090	14.250000	5.307440	4.483387	-9999	0.000000	-9999	-9999	-9999	-9999
11	27	4.285889	9.134280	13.626000	5.731820	3.348835	-9999	0.000000	-9999	-9999	-9999	-9999
11	28	4.235907	8.095400	12.441400	5.328410	3.353628	-9999	0.000000	-9999	-9999	-9999	-9999
11	29	4.102903	7.162450	9.694970	5.296910	4.136364	-9999	0.000000	-9999	-9999	-9999	-9999
11	30	3.979221	7.880070	11.768600	5.613380	4.701598	-9999	0.000000	-9999	-9999	-9999	-9999
12	1	3.974815	5.909570	8.263640	4.370660	4.181289	-9999	0.000000	-9999	-9999	-9999	-9999
12	2	4.001599	4.958310	7.704740	2.702780	3.762448	-9999	0.000000	-9999	-9999	-9999	-9999
12	3	2.148526	2.363760	4.202670	1.470880	0.806189	-9999	3.984760	-9999	-9999	-9999	-9999
12	4	1.935144	-1.400330	2.980680	-7.688050	0.581886	-9999	3.988810	-9999	-9999	-9999	-9999
12	5	3.838864	-3.930880	1.686800	-9.847360	0.874125	-9999	0.000008	-9999	-9999	-9999	-9999
12	6	1.812741	-7.035040	-2.983640	-10.562500	0.476468	-9999	4.713660	-9999	-9999	-9999	-9999
12	7	2.865542	-11.947500	-9.199040	-14.041000	0.385876	-9999	0.984961	-9999	-9999	-9999	-9999
12	8	3.341494	-7.517920	-3.397520	-12.769300	0.435105	-9999	1.245900	-9999	-9999	-9999	-9999
12	9	3.495856	-3.362740	2.544680	-7.914800	0.682693	-9999	0.021205	-9999	-9999	-9999	-9999
12	10	3.365867	-0.817022	2.671140	-5.021760	0.567233	-9999	0.000017	-9999	-9999	-9999	-9999
12	11	2.186101	3.006340	4.525450	-0.060796	0.453252	-9999	0.458730	-9999	-9999	-9999	-9999
12	12	0.865054	2.823510	5.754640	1.442100	0.159830	-9999	8.312830	-9999	-9999	-9999	-9999
12	13	2.270220	2.439450	3.835330	1.457610	0.347750	-9999	2.476180	-9999	-9999	-9999	-9999
12	14	2.736288	3.005150	4.672550	1.851860	1.198540	-9999	1.025250	-9999	-9999	-9999	-9999
12	15	3.084540	3.925720	5.861300	1.859740	1.560066	-9999	0.000000	-9999	-9999	-9999	-9999
12	16	2.542190	5.318420	7.715760	2.518550	0.796460	-9999	3.589370	-9999	-9999	-9999	-9999
12	17	2.983556	4.399500	8.132080	2.261500	0.721038	-9999	0.519444	-9999	-9999	-9999	-9999
12	18	3.360761	4.169610	7.098330	2.118800	0.524534	-9999	0.423547	-9999	-9999	-9999	-9999
12	19	2.650061	4.589050	7.386540	2.297540	0.890373	-9999	2.342630	-9999	-9999	-9999	-9999
12	20	3.562575	3.131860	5.159520	1.375300	0.818740	-9999	0.000000	-9999	-9999	-9999	-9999
12	21	1.720717	2.661010	5.067260	1.218380	0.437634	-9999	4.614090	-9999	-9999	-9999	-9999
12	22	3.244847	0.358149	2.586940	-1.110660	1.025611	-9999	0.440635	-9999	-9999	-9999	-9999
12	23	3.418183	-0.599553	2.998440	-2.682410	0.943226	-9999	0.013975	-9999	-9999	-9999	-9999
12	24	1.604336	0.572779	3.711270	-2.810490	0.539584	-9999	5.489600	-9999	-9999	-9999	-9999
12	25	3.253020	-0.664952	2.933620	-2.633210	0.617478	-9999	0.396191	-9999	-9999	-9999	-9999
12	26	1.388871	-2.069890	1.253110	-5.353730	0.343730	-9999	3.692410	-9999	-9999	-9999	-9999
12	27	3.348570	-1.746220	2.662350	-5.220310	0.677810	-9999	0.269347	-9999	-9999	-9999	-9999
12	28	1.342181	1.446740	3.048000	-0.926519	0.320169	-9999	2.091970	-9999	-9999	-9999	-9999
12	29	2.256880	-0.358342	2.481840	-3.689370	0.622856	-9999	1.326120	-9999	-9999	-9999	-9999
12	30	3.248053	4.951900	7.993290	-2.059640	3.279157	-9999	0.000000	-9999	-9999	-9999	-9999
12	31	2.931621	4.735160	9.338620	3.380180	2.487676	-9999	0.000000	-9999	-9999	-9999	-9999
