Month	n_days	Rg_f	Ta_f	Tmax	Tmin	VPD_f	Ts_f	Precip	SWC	LAI	ET	LITTERFALL
1	1	1.694382	-1.638590	4.007140	-4.715100	0.463067	-9999	3.431010	-9999	-9999	-9999	-9999
1	2	3.413975	-0.669255	3.541290	-6.221930	1.110299	-9999	0.004390	-9999	-9999	-9999	-9999
1	3	1.334906	-0.259130	1.948940	-2.114970	0.368970	-9999	9.802390	-9999	-9999	-9999	-9999
1	4	1.827144	-2.613900	0.162750	-6.004680	0.334293	-9999	3.018390	-9999	-9999	-9999	-9999
1	5	3.694706	-4.687050	-0.700806	-9.962960	1.561614	-9999	0.001717	-9999	-9999	-9999	-9999
1	6	3.692702	-2.170420	2.564880	-6.249610	1.605143	-9999	0.000000	-9999	-9999	-9999	-9999
1	7	3.287649	-2.650060	0.200165	-6.680430	0.576061	-9999	0.553693	-9999	-9999	-9999	-9999
1	8	3.602431	0.313990	4.949250	-4.965950	0.699072	-9999	0.446086	-9999	-9999	-9999	-9999
1	9	1.980988	-0.978521	5.621250	-5.536510	0.532523	-9999	5.650860	-9999	-9999	-9999	-9999
1	10	1.834073	-5.219060	-3.510960	-6.733830	0.454596	-9999	5.408860	-9999	-9999	-9999	-9999
1	11	3.361409	-6.765570	-3.443050	-10.362500	0.517467	-9999	3.083060	-9999	-9999	-9999	-9999
1	12	2.901010	-10.883400	-7.459720	-12.171500	0.437536	-9999	2.663800	-9999	-9999	-9999	-9999
1	13	3.555317	-3.444520	1.487060	-11.872500	0.714280	-9999	1.646640	-9999	-9999	-9999	-9999
1	14	3.041522	0.922328	4.200130	-3.573830	0.914176	-9999	0.533362	-9999	-9999	-9999	-9999
1	15	2.566210	2.730860	5.314730	0.601128	0.485256	-9999	6.747440	-9999	-9999	-9999	-9999
1	16	2.438139	1.565090	3.935120	0.297722	0.484803	-9999	4.423430	-9999	-9999	-9999	-9999
1	17	3.111497	2.054380	4.689150	-0.984382	0.772572	-9999	3.381120	-9999	-9999	-9999	-9999
1	18	2.244205	-0.464238	2.414550	-2.396100	0.382399	-9999	6.509410	-9999	-9999	-9999	-9999
1	19	1.395196	-1.701970	0.478821	-3.236300	0.345306	-9999	4.531230	-9999	-9999	-9999	-9999
1	20	1.853833	0.660090	2.765720	-3.051340	0.714042	-9999	5.594160	-9999	-9999	-9999	-9999
1	21	3.185102	-0.075383	4.385650	-5.629000	0.618199	-9999	5.743390	-9999	-9999	-9999	-9999
1	22	3.824453	-3.810090	-0.856842	-7.475720	0.572194	-9999	2.330240	-9999	-9999	-9999	-9999
1	23	2.798617	-1.533880	0.066559	-3.265210	0.575970	-9999	3.381090	-9999	-9999	-9999	-9999
1	24	2.989518	2.037990	4.948210	-2.751530	0.607263	-9999	1.358000	-9999	-9999	-9999	-9999
1	25	4.278960	3.466430	5.415710	1.097740	0.832348	-9999	0.592045	-9999	-9999	-9999	-9999
1	26	1.539916	1.789270	5.171840	-0.312507	0.127613	-9999	12.091600	-9999	-9999	-9999	-9999
1	27	3.182414	-1.250000	1.610750	-3.418190	0.426210	-9999	3.482220	-9999	-9999	-9999	-9999
1	28	1.241724	0.024958	2.282040	-3.155040	0.433290	-9999	11.760900	-9999	-9999	-9999	-9999
1	29	2.708545	0.969111	2.936770	-1.675330	0.287050	-9999	9.062850	-9999	-9999	-9999	-9999
1	30	2.116282	3.469600	6.328670	0.913353	0.659637	-9999	4.673890	-9999	-9999	-9999	-9999
1	31	2.453121	0.188380	5.015630	-3.556100	0.486394	-9999	5.482510	-9999	-9999	-9999	-9999
2	1	4.710399	-1.877140	2.408380	-6.631440	0.772295	-9999	0.617813	-9999	-9999	-9999	-9999
2	2	4.473239	0.610314	3.808010	-3.219360	0.941134	-9999	0.000000	-9999	-9999	-9999	-9999
2	3	2.347851	-2.067270	2.791560	-7.624300	0.462901	-9999	1.699760	-9999	-9999	-9999	-9999
2	4	5.461560	-6.944040	-1.977360	-10.383400	0.498435	-9999	0.030773	-9999	-9999	-9999	-9999
2	5	6.040924	-4.484080	0.377405	-10.328800	1.791101	-9999	0.000000	-9999	-9999	-9999	-9999
2	6	5.792481	-5.860600	-0.017584	-9.672510	0.885295	-9999	0.000000	-9999	-9999	-9999	-9999
2	7	4.535974	-6.230230	-2.561160	-9.126220	0.388430	-9999	0.987085	-9999	-9999	-9999	-9999
2	8	4.691347	-7.151340	-3.665380	-10.243800	0.405639	-9999	0.659725	-9999	-9999	-9999	-9999
2	9	6.584899	-5.789500	-0.185523	-11.868500	1.174145	-9999	0.000681	-9999	-9999	-9999	-9999
2	10	6.646190	-4.727850	-0.374335	-8.247890	1.221724	-9999	0.000000	-9999	-9999	-9999	-9999
2	11	6.684008	-2.591800	2.176870	-7.660370	0.970157	-9999	0.000000	-9999	-9999	-9999	-9999
2	12	6.739002	1.417690	4.452940	-3.327480	1.296694	-9999	0.347795	-9999	-9999	-9999	-9999
2	13	2.770209	1.507130	3.524320	-0.788512	0.330491	-9999	6.565970	-9999	-9999	-9999	-9999
2	14	5.751086	0.379509	3.716030	-2.224640	0.497641	-9999	0.575882	-9999	-9999	-9999	-9999
2	15	3.373704	-3.952610	3.264640	-9.348720	0.499838	-9999	4.279420	-9999	-9999	-9999	-9999
2	16	5.227433	-7.549480	-3.160500	-11.038800	0.483226	-9999	1.813830	-9999	-9999	-9999	-9999
2	17	5.558207	-9.490060	-6.492040	-12.307200	0.441414	-9999	1.002470	-9999	-9999	-9999	-9999
2	18	7.753657	-9.651990	-5.323920	-13.935300	0.489990	-9999	1.047790	-9999	-9999	-9999	-9999
2	19	5.596552	-7.962500	-3.894840	-11.245400	0.564024	-9999	2.577890	-9999	-9999	-9999	-9999
2	20	6.949455	-2.039740	3.266560	-11.267100	0.949298	-9999	0.000026	-9999	-9999	-9999	-9999
2	21	7.247414	1.474360	3.954400	-2.817600	0.672221	-9999	0.060678	-9999	-9999	-9999	-9999
2	22	5.828708	2.988090	5.400350	0.696138	0.728389	-9999	0.007444	-9999	-9999	-9999	-9999
2	23	4.733424	3.073810	4.773860	1.663210	0.345348	-9999	0.299597	-9999	-9999	-9999	-9999
2	24	3.639885	3.328480	5.208920	1.775730	0.384449	-9999	0.259864	-9999	-9999	-9999	-9999
2	25	8.032694	2.771970	4.544550	0.911287	0.416954	-9999	0.041481	-9999	-9999	-9999	-9999
2	26	5.870068	2.356100	4.079130	0.783845	0.399400	-9999	1.631390	-9999	-9999	-9999	-9999
2	27	5.844744	1.188740	3.328970	-1.101160	0.641145	-9999	3.224890	-9999	-9999	-9999	-9999
2	28	9.057830	3.442040	7.089500	-0.482421	1.631103	-9999	0.000000	-9999	-9999	-9999	-9999
3	1	4.528293	6.501620	10.729400	3.385260	1.301151	-9999	2.178720	-9999	-9999	-9999	-9999
3	2	8.299506	5.006470	9.912440	1.708810	0.830037	-9999	2.551730	-9999	-9999	-9999	-9999
3	3	5.306567	3.899940	6.885670	1.747780	1.020597	-9999	3.874750	-9999	-9999	-9999	-9999
3	4	5.784799	4.752380	7.896200	1.866920	1.118246	-9999	7.638270	-9999	-9999	-9999	-9999
3	5	5.837202	3.490570	5.498860	1.762490	0.554356	-9999	11.016500	-9999	-9999	-9999	-9999
3	6	9.413193	3.636300	6.785240	1.742440	0.852550	-9999	1.419820	-9999	-9999	-9999	-9999
3	7	7.143068	3.643800	7.007410	1.353920	1.038547	-9999	2.900930	-9999	-9999	-9999	-9999
3	8	10.598947	4.651860	8.989040	-0.190756	1.103207	-9999	0.773736	-9999	-9999	-9999	-9999
3	9	7.481281	3.730660	8.593530	-0.166494	1.186002	-9999	3.081210	-9999	-9999	-9999	-9999
3	10	6.068641	-0.660061	2.697990	-3.485160	1.232820	-9999	0.858784	-9999	-9999	-9999	-9999
3	11	11.940998	1.062290	7.257990	-5.247730	1.811616	-9999	0.000000	-9999	-9999	-9999	-9999
3	12	11.133504	5.208040	11.337000	-0.545645	1.829818	-9999	0.000053	-9999	-9999	-9999	-9999
3	13	9.367142	6.900790	12.548500	3.072640	1.066478	-9999	1.889250	-9999	-9999	-9999	-9999
3	14	5.404890	4.393220	8.088920	1.346660	1.183065	-9999	6.043390	-9999	-9999	-9999	-9999
3	15	12.280032	5.022460	10.284000	0.817393	1.019225	-9999	0.000006	-9999	-9999	-9999	-9999
3	16	12.514781	7.484260	15.014500	2.624890	1.848587	-9999	0.000000	-9999	-9999	-9999	-9999
3	17	11.259389	8.134100	14.290800	3.559060	1.362845	-9999	0.000275	-9999	-9999	-9999	-9999
3	18	12.143175	7.888280	12.260800	4.632150	1.395630	-9999	0.732330	-9999	-9999	-9999	-9999
3	19	6.838422	7.701910	11.788400	5.543160	1.049567	-9999	2.310420	-9999	-9999	-9999	-9999
3	20	11.915337	8.089180	14.241200	4.131480	1.832895	-9999	3.864620	-9999	-9999	-9999	-9999
3	21	12.347424	8.996560	15.929500	4.335210	2.143998	-9999	0.000000	-9999	-9999	-9999	-9999
3	22	11.617258	10.395800	16.364800	6.048840	2.591958	-9999	0.008231	-9999	-9999	-9999	-9999
3	23	13.276829	10.160700	15.830300	6.204840	1.767896	-9999	0.180118	-9999	-9999	-9999	-9999
3	24	9.510999	10.774800	17.462100	6.667000	2.971057	-9999	0.889341	-9999	-9999	-9999	-9999
3	25	11.170052	9.976140	15.937000	6.127820	2.724706	-9999	9.696580	-9999	-9999	-9999	-9999
3	26	9.699091	9.701660	15.017400	5.982310	1.817685	-9999	0.591581	-9999	-9999	-9999	-9999
3	27	10.615622	6.701730	14.667600	2.589640	1.032545	-9999	14.548800	-9999	-9999	-9999	-9999
3	28	10.736237	4.772460	8.937000	2.536080	1.341752	-9999	3.642380	-9999	-9999	-9999	-9999
3	29	9.976954	5.406680	9.697170	2.141250	1.637012	-9999	2.046490	-9999	-9999	-9999	-9999
3	30	11.787811	7.215240	11.908700	3.089300	1.479167	-9999	1.091030	-9999	-9999	-9999	-9999
3	31	6.419796	4.923860	9.470880	1.248000	0.868956	-9999	12.409600	-9999	-9999	-9999	-9999
4	1	11.050215	1.316170	3.666690	-1.664620	0.758117	-9999	4.653470	-9999	-9999	-9999	-9999
4	2	8.836128	6.347540	10.916400	-0.406748	1.706932	-9999	1.743550	-9999	-9999	-9999	-9999
4	3	14.326244	8.626170	14.698900	4.071400	1.803185	-9999	0.524993	-9999	-9999	-9999	-9999
4	4	12.830400	7.394360	12.488100	1.341880	1.214093	-9999	5.073120	-9999	-9999	-9999	-9999
4	5	7.577340	2.696910	4.883360	1.287590	0.591100	-9999	30.124300	-9999	-9999	-9999	-9999
4	6	9.372931	4.970590	8.335700	1.293170	1.163431	-9999	3.341550	-9999	-9999	-9999	-9999
4	7	11.205821	7.849250	13.350300	2.414300	2.073416	-9999	0.071088	-9999	-9999	-9999	-9999
4	8	16.912455	9.058080	15.354300	3.712730	1.981059	-9999	0.000000	-9999	-9999	-9999	-9999
4	9	16.459632	9.999400	15.902100	4.026600	2.163108	-9999	0.538665	-9999	-9999	-9999	-9999
4	10	10.753171	8.731420	12.741800	4.671160	1.809682	-9999	0.888664	-9999	-9999	-9999	-9999
4	11	4.028279	6.547560	10.339000	3.869890	0.909336	-9999	2.534460	-9999	-9999	-9999	-9999
4	12	4.714822	4.365790	7.151670	1.179680	0.468498	-9999	15.983400	-9999	-9999	-9999	-9999
4	13	5.298411	3.376600	6.758850	1.165760	0.267070	-9999	16.176300	-9999	-9999	-9999	-9999
4	14	8.273629	4.529520	8.265570	1.051110	1.049383	-9999	1.677490	-9999	-9999	-9999	-9999
4	15	8.403566	6.955120	10.889200	2.723530	1.457745	-9999	0.115620	-9999	-9999	-9999	-9999
4	16	13.551321	7.089300	13.001000	2.987170	1.434436	-9999	1.201990	-9999	-9999	-9999	-9999
4	17	17.405452	8.729410	14.544500	2.616690	1.946179	-9999	0.000000	-9999	-9999	-9999	-9999
4	18	17.533066	9.343580	14.097600	4.766590	1.879306	-9999	0.029597	-9999	-9999	-9999	-9999
4	19	5.629539	3.721900	9.804290	-0.053416	0.770095	-9999	12.712000	-9999	-9999	-9999	-9999
4	20	6.778399	2.001200	4.608860	-0.483347	1.443174	-9999	0.984290	-9999	-9999	-9999	-9999
4	21	11.328164	4.046700	8.265200	-0.323649	1.595264	-9999	0.798346	-9999	-9999	-9999	-9999
4	22	14.896655	6.429820	12.987900	1.245530	1.954160	-9999	8.574050	-9999	-9999	-9999	-9999
4	23	12.371011	5.969370	10.027700	1.238880	1.400593	-9999	2.207800	-9999	-9999	-9999	-9999
4	24	10.969171	9.234480	15.095900	4.622180	1.999273	-9999	9.640990	-9999	-9999	-9999	-9999
4	25	8.614175	3.251720	7.575960	0.708120	1.303319	-9999	5.149030	-9999	-9999	-9999	-9999
4	26	15.716592	5.405650	10.995700	0.579702	1.787955	-9999	2.037570	-9999	-9999	-9999	-9999
4	27	8.366250	5.432990	9.906920	1.207330	1.152689	-9999	8.518880	-9999	-9999	-9999	-9999
4	28	7.887940	3.419260	7.897430	0.859792	0.525818	-9999	17.572300	-9999	-9999	-9999	-9999
4	29	7.178060	3.752660	8.241730	0.940511	1.051893	-9999	5.990750	-9999	-9999	-9999	-9999
4	30	19.127060	6.063790	11.488900	1.407340	1.698278	-9999	0.368754	-9999	-9999	-9999	-9999
5	1	6.601755	6.011680	9.305830	3.188940	1.260020	-9999	5.008560	-9999	-9999	-9999	-9999
5	2	10.729325	5.375580	9.427260	1.963390	1.782821	-9999	3.981200	-9999	-9999	-9999	-9999
5	3	12.887597	5.042600	9.391950	1.745030	1.503409	-9999	1.291190	-9999	-9999	-9999	-9999
5	4	7.361868	4.604150	8.352330	1.812930	1.212071	-9999	1.582530	-9999	-9999	-9999	-9999
5	5	9.996393	3.700190	7.292490	1.036630	0.816020	-9999	8.858140	-9999	-9999	-9999	-9999
5	6	9.291370	5.382660	8.610540	1.479870	0.662962	-9999	8.284910	-9999	-9999	-9999	-9999
5	7	9.778407	7.061180	10.999900	3.592140	1.199390	-9999	7.922360	-9999	-9999	-9999	-9999
5	8	6.036129	3.965970	6.954940	1.444830	0.794359	-9999	5.759710	-9999	-9999	-9999	-9999
5	9	13.224816	4.370480	8.076060	1.341070	1.189943	-9999	4.118840	-9999	-9999	-9999	-9999
5	10	11.656655	5.408990	8.913220	1.637610	1.207503	-9999	6.835830	-9999	-9999	-9999	-9999
5	11	7.484089	3.314300	6.683150	1.327000	0.389805	-9999	18.482900	-9999	-9999	-9999	-9999
5	12	13.925606	5.013970	10.393300	1.116920	1.141465	-9999	3.570210	-9999	-9999	-9999	-9999
5	13	13.935110	6.833030	12.183900	2.086710	1.242863	-9999	1.653890	-9999	-9999	-9999	-9999
5	14	12.950323	8.752100	13.463900	4.131660	2.167379	-9999	1.056850	-9999	-9999	-9999	-9999
5	15	8.870083	9.521390	13.420800	5.360110	1.404431	-9999	4.282730	-9999	-9999	-9999	-9999
5	16	3.595691	9.190360	11.769100	6.863410	0.584139	-9999	24.293700	-9999	-9999	-9999	-9999
5	17	8.852976	8.307310	11.545500	5.065350	1.304768	-9999	1.988060	-9999	-9999	-9999	-9999
5	18	9.571824	9.353750	13.702600	4.857610	1.378373	-9999	10.512400	-9999	-9999	-9999	-9999
5	19	10.195200	6.135920	9.659490	1.561230	1.732643	-9999	3.931700	-9999	-9999	-9999	-9999
5	20	13.606790	4.690850	8.661720	1.023930	1.549970	-9999	1.219670	-9999	-9999	-9999	-9999
5	21	17.171482	7.652400	12.596100	2.676950	2.373596	-9999	0.120181	-9999	-9999	-9999	-9999
5	22	23.010739	11.700600	19.274200	3.046300	2.670197	-9999	0.000000	-9999	-9999	-9999	-9999
5	23	22.418641	13.989600	20.851900	5.860150	2.834068	-9999	0.000000	-9999	-9999	-9999	-9999
5	24	23.359881	16.241600	23.088900	9.372570	3.381438	-9999	0.000000	-9999	-9999	-9999	-9999
5	25	19.026317	17.794400	25.084500	10.722800	3.899350	-9999	1.452380	-9999	-9999	-9999	-9999
5	26	19.703348	16.920600	23.255400	10.413200	4.334344	-9999	0.001559	-9999	-9999	-9999	-9999
5	27	12.093494	13.746000	17.589200	8.624340	2.970871	-9999	2.517210	-9999	-9999	-9999	-9999
5	28	1.226716	8.464840	10.942100	6.931710	0.738346	-9999	1.707700	-9999	-9999	-9999	-9999
5	29	10.625818	10.566300	15.980200	6.926950	0.965792	-9999	0.098115	-9999	-9999	-9999	-9999
5	30	19.294502	15.767100	22.207400	9.243600	3.675152	-9999	0.084214	-9999	-9999	-9999	-9999
5	31	14.885079	16.262500	21.770400	10.778500	3.049564	-9999	0.084439	-9999	-9999	-9999	-9999
6	1	7.658012	13.837100	17.545800	9.242650	1.388718	-9999	10.670100	-9999	-9999	-9999	-9999
6	2	7.311522	14.062400	17.467000	10.879200	1.239508	-9999	5.587470	-9999	-9999	-9999	-9999
6	3	13.430275	15.017700	19.244400	11.143800	2.182071	-9999	3.910210	-9999	-9999	-9999	-9999
6	4	14.386118	16.770100	21.497900	12.010500	3.064801	-9999	2.489560	-9999	-9999	-9999	-9999
6	5	10.643184	16.568700	19.897100	13.687800	1.960480	-9999	4.675320	-9999	-9999	-9999	-9999
6	6	15.926371	16.998800	20.869300	13.676700	2.305476	-9999	2.063160	-9999	-9999	-9999	-9999
6	7	24.356421	14.210300	20.985200	8.265410	4.241473	-9999	0.000032	-9999	-9999	-9999	-9999
6	8	24.250148	14.620800	21.961800	7.882450	4.019057	-9999	0.000000	-9999	-9999	-9999	-9999
6	9	23.959671	16.831300	24.763100	8.376380	4.562965	-9999	0.001823	-9999	-9999	-9999	-9999
6	10	13.189306	16.217900	22.470400	10.915900	2.309568	-9999	18.058300	-9999	-9999	-9999	-9999
6	11	6.300392	12.191400	15.426100	9.503790	1.120070	-9999	15.953700	-9999	-9999	-9999	-9999
6	12	10.484554	10.623100	14.146500	6.951820	1.857144	-9999	1.168970	-9999	-9999	-9999	-9999
6	13	20.282487	13.543000	18.068700	6.978640	2.529579	-9999	0.027705	-9999	-9999	-9999	-9999
6	14	16.816983	17.126800	22.518500	10.405600	3.271728	-9999	0.239967	-9999	-9999	-9999	-9999
6	15	6.540705	16.027800	19.613100	12.322000	1.792143	-9999	9.453210	-9999	-9999	-9999	-9999
6	16	16.298928	16.983300	21.900700	13.074000	2.217415	-9999	3.975760	-9999	-9999	-9999	-9999
6	17	11.859436	15.002600	18.900100	12.266300	1.572260	-9999	1.924070	-9999	-9999	-9999	-9999
6	18	14.200099	15.456900	19.993900	12.133600	2.100648	-9999	6.915770	-9999	-9999	-9999	-9999
6	19	3.800269	14.253500	16.290500	12.160800	0.786563	-9999	1.439630	-9999	-9999	-9999	-9999
6	20	15.521759	16.445500	21.287100	11.752700	2.564195	-9999	1.198360	-9999	-9999	-9999	-9999
6	21	9.347184	15.471200	19.060900	11.711600	1.161653	-9999	20.596900	-9999	-9999	-9999	-9999
6	22	5.804421	13.308700	15.874400	10.178900	1.564427	-9999	5.603530	-9999	-9999	-9999	-9999
6	23	23.137228	12.215000	16.652400	8.086120	2.191677	-9999	0.019622	-9999	-9999	-9999	-9999
6	24	20.134829	12.352200	17.288500	6.969060	2.386971	-9999	0.089532	-9999	-9999	-9999	-9999
6	25	22.540378	14.573800	20.487300	7.888490	3.750077	-9999	0.047759	-9999	-9999	-9999	-9999
6	26	20.748183	15.989800	22.866300	9.722960	4.155415	-9999	0.275699	-9999	-9999	-9999	-9999
6	27	20.378217	17.231800	23.395600	11.679600	4.180827	-9999	0.577475	-9999	-9999	-9999	-9999
6	28	17.205610	15.704400	22.661800	10.604800	3.280154	-9999	9.944690	-9999	-9999	-9999	-9999
6	29	16.410729	13.024500	16.907200	9.460420	2.396005	-9999	1.507560	-9999	-9999	-9999	-9999
6	30	16.465075	15.443600	20.511800	9.298650	2.650260	-9999	1.217570	-9999	-9999	-9999	-9999
7	1	23.938762	19.415300	25.629100	12.530900	4.594225	-9999	0.000000	-9999	-9999	-9999	-9999
7	2	19.289923	22.018900	28.621500	15.274900	6.657050	-9999	0.000000	-9999	-9999	-9999	-9999
7	3	20.677075	23.184600	30.251300	16.432300	7.742378	-9999	0.000297	-9999	-9999	-9999	-9999
7	4	11.701325	20.038200	23.569200	17.007700	3.042915	-9999	1.514330	-9999	-9999	-9999	-9999
7	5	20.000131	22.403100	28.895400	16.597100	6.027604	-9999	0.000000	-9999	-9999	-9999	-9999
7	6	17.092685	22.903600	30.003300	17.088000	4.970365	-9999	1.087370	-9999	-9999	-9999	-9999
7	7	10.313049	20.555400	26.806400	16.307600	2.449543	-9999	37.932300	-9999	-9999	-9999	-9999
7	8	5.543890	16.467500	21.591500	12.260700	1.665051	-9999	1.727350	-9999	-9999	-9999	-9999
7	9	1.629850	10.841900	14.337100	8.514530	0.813490	-9999	25.925100	-9999	-9999	-9999	-9999
7	10	5.656314	10.838300	14.000300	8.189390	1.313436	-9999	1.687450	-9999	-9999	-9999	-9999
7	11	22.518949	14.296200	19.266500	8.408270	2.831577	-9999	0.000000	-9999	-9999	-9999	-9999
7	12	14.684198	16.580900	21.786600	10.798600	2.818071	-9999	0.021106	-9999	-9999	-9999	-9999
7	13	22.542883	19.406200	25.840000	12.587100	4.906446	-9999	0.000000	-9999	-9999	-9999	-9999
7	14	23.506416	21.818200	29.246900	14.802400	7.724040	-9999	0.000000	-9999	-9999	-9999	-9999
7	15	23.390554	23.635900	32.265300	16.838000	10.666133	-9999	0.000000	-9999	-9999	-9999	-9999
7	16	22.002365	24.762800	32.161100	18.331300	8.382770	-9999	0.343423	-9999	-9999	-9999	-9999
7	17	5.627621	17.886700	23.301900	10.977500	1.914349	-9999	13.599600	-9999	-9999	-9999	-9999
7	18	23.584434	16.110800	23.070400	9.518220	4.300244	-9999	0.000000	-9999	-9999	-9999	-9999
7	19	22.859972	20.697200	28.615200	10.766200	6.524488	-9999	0.000000	-9999	-9999	-9999	-9999
7	20	20.663510	23.848300	31.980600	16.605600	7.603485	-9999	5.069530	-9999	-9999	-9999	-9999
7	21	13.616468	18.608100	23.145900	14.330700	2.648713	-9999	7.888290	-9999	-9999	-9999	-9999
7	22	14.581036	17.851700	23.444300	13.131600	2.836417	-9999	9.596750	-9999	-9999	-9999	-9999
7	23	10.913011	16.179200	20.418700	12.611700	2.245359	-9999	3.509150	-9999	-9999	-9999	-9999
7	24	18.007661	19.499900	25.814000	12.238300	5.208431	-9999	0.230132	-9999	-9999	-9999	-9999
7	25	10.026201	16.418000	22.946900	12.567500	2.234227	-9999	11.896900	-9999	-9999	-9999	-9999
7	26	15.593472	14.883000	19.703300	10.836300	3.161954	-9999	0.025821	-9999	-9999	-9999	-9999
7	27	8.457264	14.031600	18.470200	10.423800	1.986258	-9999	2.551510	-9999	-9999	-9999	-9999
7	28	22.186570	17.749800	24.658500	10.270300	5.516572	-9999	0.000000	-9999	-9999	-9999	-9999
7	29	22.049625	21.938300	29.966500	14.496300	8.360208	-9999	0.000000	-9999	-9999	-9999	-9999
7	30	6.193636	16.137700	21.247200	10.672200	1.954990	-9999	41.576500	-9999	-9999	-9999	-9999
7	31	12.990499	12.754400	17.173500	8.916690	3.284949	-9999	0.000000	-9999	-9999	-9999	-9999
8	1	11.884406	13.177400	17.131100	8.810140	3.998474	-9999	0.577101	-9999	-9999	-9999	-9999
8	2	6.969301	14.500600	19.369400	10.704400	0.953994	-9999	6.780350	-9999	-9999	-9999	-9999
8	3	5.350320	16.567900	20.715000	13.428700	1.129939	-9999	4.813650	-9999	-9999	-9999	-9999
8	4	13.243392	17.216700	21.917000	13.848600	2.381286	-9999	0.000000	-9999	-9999	-9999	-9999
8	5	20.799244	21.299500	28.638100	13.451900	8.108304	-9999	0.000000	-9999	-9999	-9999	-9999
8	6	12.318825	17.262500	21.661300	12.766800	4.094849	-9999	0.000000	-9999	-9999	-9999	-9999
8	7	20.525875	15.412400	21.903700	10.532800	4.262542	-9999	0.000000	-9999	-9999	-9999	-9999
8	8	18.755367	16.016800	21.492500	9.445020	5.461997	-9999	0.000000	-9999	-9999	-9999	-9999
8	9	19.700323	21.842500	29.704700	13.218700	8.086953	-9999	0.000000	-9999	-9999	-9999	-9999
8	10	18.125424	23.779700	31.847100	17.290100	12.036620	-9999	0.000000	-9999	-9999	-9999	-9999
8	11	4.819910	13.439200	22.496800	8.935230	2.602271	-9999	3.662800	-9999	-9999	-9999	-9999
8	12	18.423244	13.816500	19.643500	7.895490	4.861568	-9999	0.094675	-9999	-9999	-9999	-9999
8	13	20.002636	18.774300	27.201000	11.255200	7.523705	-9999	0.000000	-9999	-9999	-9999	-9999
8	14	19.878825	20.311700	29.127600	12.961900	7.750294	-9999	0.036356	-9999	-9999	-9999	-9999
8	15	1.787383	13.332100	17.437800	10.688100	2.820047	-9999	1.961940	-9999	-9999	-9999	-9999
8	16	15.464390	14.222300	19.995400	8.515150	3.990016	-9999	0.000000	-9999	-9999	-9999	-9999
8	17	17.988652	18.670000	26.157100	10.913400	6.308774	-9999	0.000000	-9999	-9999	-9999	-9999
8	18	1.353154	11.071200	17.561800	8.590100	1.388585	-9999	13.563900	-9999	-9999	-9999	-9999
8	19	8.209746	10.194700	13.554100	6.582930	1.916618	-9999	9.793100	-9999	-9999	-9999	-9999
8	20	12.015389	10.365800	14.060600	6.309590	2.201366	-9999	0.756193	-9999	-9999	-9999	-9999
8	21	9.344419	9.400490	13.552900	6.755600	1.685865	-9999	0.059167	-9999	-9999	-9999	-9999
8	22	4.911823	11.369300	14.320100	6.637890	1.265587	-9999	2.184540	-9999	-9999	-9999	-9999
8	23	11.876025	11.138900	14.257500	8.716140	2.136960	-9999	9.037360	-9999	-9999	-9999	-9999
8	24	0.904262	12.344700	14.147100	9.948440	0.283190	-9999	27.746700	-9999	-9999	-9999	-9999
8	25	3.110115	13.013300	14.980100	10.739400	0.953764	-9999	11.726400	-9999	-9999	-9999	-9999
8	26	5.861307	15.505200	20.184100	11.543000	0.690147	-9999	0.922485	-9999	-9999	-9999	-9999
8	27	12.594010	18.603600	22.926100	13.528900	2.434877	-9999	4.969100	-9999	-9999	-9999	-9999
8	28	15.214263	19.595300	25.323400	15.331700	3.515467	-9999	0.108308	-9999	-9999	-9999	-9999
8	29	13.892083	20.588800	26.449000	15.628200	3.427189	-9999	0.795486	-9999	-9999	-9999	-9999
8	30	10.455782	20.285800	24.556300	16.368500	3.239173	-9999	2.112170	-9999	-9999	-9999	-9999
8	31	12.137126	20.498800	25.280300	16.309300	3.761939	-9999	0.213630	-9999	-9999	-9999	-9999
9	1	10.024128	18.301200	23.188800	14.469800	2.316476	-9999	11.720900	-9999	-9999	-9999	-9999
9	2	1.756262	12.048500	16.297400	8.900030	1.083197	-9999	28.763600	-9999	-9999	-9999	-9999
9	3	4.679372	8.065450	10.715200	5.253760	1.365145	-9999	3.244210	-9999	-9999	-9999	-9999
9	4	15.336951	8.343740	12.916400	4.221350	1.769659	-9999	0.014816	-9999	-9999	-9999	-9999
9	5	15.811632	13.278600	19.916100	4.153150	2.438826	-9999	0.000000	-9999	-9999	-9999	-9999
9	6	3.312014	9.369950	14.009100	5.230780	1.403782	-9999	11.889500	-9999	-9999	-9999	-9999
9	7	5.520511	4.936140	7.670900	1.831340	1.074442	-9999	11.533400	-9999	-9999	-9999	-9999
9	8	5.629694	5.408590	7.723790	1.256720	0.623460	-9999	25.313900	-9999	-9999	-9999	-9999
9	9	7.636611	7.594870	11.224800	4.613990	1.797873	-9999	4.927190	-9999	-9999	-9999	-9999
9	10	14.592701	11.584700	17.548100	4.703960	3.468801	-9999	0.000000	-9999	-9999	-9999	-9999
9	11	15.183331	15.102900	21.655400	8.536690	3.612019	-9999	0.000000	-9999	-9999	-9999	-9999
9	12	14.616375	16.785200	23.259800	11.619800	4.038583	-9999	0.084360	-9999	-9999	-9999	-9999
9	13	13.289962	15.684800	22.607200	11.529600	4.404651	-9999	0.000000	-9999	-9999	-9999	-9999
9	14	6.980256	13.179800	18.740500	4.070780	2.563689	-9999	20.041200	-9999	-9999	-9999	-9999
9	15	14.040518	9.864950	14.469300	4.070440	2.162083	-9999	1.023210	-9999	-9999	-9999	-9999
9	16	14.616893	13.055800	19.884200	7.084540	4.115811	-9999	0.000000	-9999	-9999	-9999	-9999
9	17	14.000602	15.608100	20.882500	10.372100	4.158475	-9999	3.508310	-9999	-9999	-9999	-9999
9	18	7.285179	10.368200	13.912800	8.097640	1.693001	-9999	11.663000	-9999	-9999	-9999	-9999
9	19	11.452751	9.163010	12.856200	6.037940	2.138988	-9999	0.000000	-9999	-9999	-9999	-9999
9	20	14.421888	12.669600	19.582300	4.158850	5.220061	-9999	0.000000	-9999	-9999	-9999	-9999
9	21	13.819507	11.019900	17.001400	6.615300	2.225188	-9999	0.000000	-9999	-9999	-9999	-9999
9	22	13.475721	12.899500	18.074100	7.477460	4.164322	-9999	0.000000	-9999	-9999	-9999	-9999
9	23	12.750221	15.624700	21.894500	11.280800	4.457573	-9999	0.000000	-9999	-9999	-9999	-9999
9	24	10.581754	14.897900	19.270500	11.397100	3.365267	-9999	0.025487	-9999	-9999	-9999	-9999
9	25	3.731175	11.287900	16.084800	6.240460	1.190463	-9999	16.632900	-9999	-9999	-9999	-9999
9	26	4.233626	2.661030	8.053290	0.972788	0.305566	-9999	31.243700	-9999	-9999	-9999	-9999
9	27	3.831339	2.699300	4.785520	0.824473	0.723874	-9999	4.847890	-9999	-9999	-9999	-9999
9	28	7.072030	2.512410	5.170290	0.390360	0.821490	-9999	1.438390	-9999	-9999	-9999	-9999
9	29	11.623392	4.584980	9.229160	0.191904	1.361152	-9999	0.000074	-9999	-9999	-9999	-9999
9	30	12.111206	7.161090	14.075500	1.860910	1.915168	-9999	0.000000	-9999	-9999	-9999	-9999
10	1	2.705167	8.380110	11.646600	4.890100	0.591642	-9999	0.707330	-9999	-9999	-9999	-9999
10	2	11.809066	11.030900	16.832200	4.517880	2.972980	-9999	0.000000	-9999	-9999	-9999	-9999
10	3	8.101892	12.520500	16.818900	5.929140	2.917422	-9999	0.000998	-9999	-9999	-9999	-9999
10	4	1.448937	11.372500	15.814000	7.758940	1.464534	-9999	2.529540	-9999	-9999	-9999	-9999
10	5	3.815234	9.321640	13.087400	6.136900	1.331614	-9999	5.847440	-9999	-9999	-9999	-9999
10	6	8.066131	10.417900	15.434600	6.613680	1.861284	-9999	0.778891	-9999	-9999	-9999	-9999
10	7	2.480345	9.052960	11.239000	6.567840	0.730024	-9999	5.648050	-9999	-9999	-9999	-9999
10	8	5.023408	9.092760	13.675300	6.102260	0.902501	-9999	0.000812	-9999	-9999	-9999	-9999
10	9	5.151816	6.407940	10.114700	2.198390	1.342591	-9999	6.996870	-9999	-9999	-9999	-9999
10	10	1.518186	2.556260	5.082110	-0.482301	0.613910	-9999	15.494500	-9999	-9999	-9999	-9999
10	11	4.558879	2.842270	5.271960	-1.012610	0.357041	-9999	10.895800	-9999	-9999	-9999	-9999
10	12	5.100434	4.100080	5.560680	2.360230	0.328739	-9999	18.571600	-9999	-9999	-9999	-9999
10	13	2.051456	1.903430	5.486100	-0.384706	0.644228	-9999	7.858590	-9999	-9999	-9999	-9999
10	14	6.211512	0.713423	3.154070	-2.054480	0.536287	-9999	5.095080	-9999	-9999	-9999	-9999
10	15	3.587950	-0.573595	3.631820	-6.007420	0.426418	-9999	4.698340	-9999	-9999	-9999	-9999
10	16	9.304934	-2.207410	4.769270	-7.822110	1.455987	-9999	0.004332	-9999	-9999	-9999	-9999
10	17	8.138439	1.883710	5.134540	-6.105130	0.694995	-9999	0.055940	-9999	-9999	-9999	-9999
10	18	8.645703	3.555100	8.483200	-3.289860	2.817285	-9999	0.007596	-9999	-9999	-9999	-9999
10	19	8.758022	8.070780	13.486000	4.218050	3.281877	-9999	0.000000	-9999	-9999	-9999	-9999
10	20	6.406249	6.167100	10.750000	3.067140	0.682275	-9999	0.000000	-9999	-9999	-9999	-9999
10	21	5.815308	6.042520	10.695500	2.152800	0.528158	-9999	7.113510	-9999	-9999	-9999	-9999
10	22	2.614542	-0.367388	5.041060	-3.505460	0.678708	-9999	10.197500	-9999	-9999	-9999	-9999
10	23	3.259129	-2.717210	0.418624	-6.941320	0.528340	-9999	2.462140	-9999	-9999	-9999	-9999
10	24	5.285632	-2.329420	2.413770	-6.866090	0.795164	-9999	1.567590	-9999	-9999	-9999	-9999
10	25	4.872545	3.167010	6.505810	-4.536740	0.964292	-9999	1.417210	-9999	-9999	-9999	-9999
10	26	7.344951	6.277720	10.726100	1.658690	2.033079	-9999	0.000000	-9999	-9999	-9999	-9999
10	27	7.425112	10.067900	13.996400	3.947840	1.807419	-9999	1.159080	-9999	-9999	-9999	-9999
10	28	2.142530	11.078300	13.979400	8.270380	1.519401	-9999	6.904630	-9999	-9999	-9999	-9999
10	29	2.224152	7.285630	14.403600	2.215880	0.914244	-9999	9.478800	-9999	-9999	-9999	-9999
10	30	2.457216	4.688980	7.464030	2.216800	0.738491	-9999	8.599440	-9999	-9999	-9999	-9999
10	31	6.060260	7.142990	12.199300	1.579440	2.969584	-9999	0.014854	-9999	-9999	-9999	-9999
11	1	2.797243	6.368990	10.534700	2.092690	0.760227	-9999	8.890120	-9999	-9999	-9999	-9999
11	2	2.556680	3.372740	5.971490	1.786410	0.768697	-9999	7.299970	-9999	-9999	-9999	-9999
11	3	4.275063	5.348660	7.553210	1.684420	0.856595	-9999	4.574470	-9999	-9999	-9999	-9999
11	4	2.725557	6.211820	9.013240	3.653390	0.927685	-9999	16.856500	-9999	-9999	-9999	-9999
11	5	2.382782	7.138920	12.217800	2.352880	0.965909	-9999	10.024800	-9999	-9999	-9999	-9999
11	6	1.840441	6.117250	10.105800	3.186650	1.116814	-9999	8.201850	-9999	-9999	-9999	-9999
11	7	2.155741	2.658630	5.227220	-0.093132	1.201104	-9999	2.944790	-9999	-9999	-9999	-9999
11	8	3.224690	0.457092	2.619470	-0.904106	0.973060	-9999	1.982040	-9999	-9999	-9999	-9999
11	9	5.829175	4.583770	7.838190	-0.715325	3.451248	-9999	0.000000	-9999	-9999	-9999	-9999
11	10	1.695393	7.806580	11.019800	4.207100	2.279866	-9999	1.522590	-9999	-9999	-9999	-9999
11	11	4.428968	9.294920	15.272600	5.757150	2.460208	-9999	0.233073	-9999	-9999	-9999	-9999
11	12	1.892350	6.389770	10.817100	1.824530	0.818740	-9999	6.628950	-9999	-9999	-9999	-9999
11	13	4.252124	2.377470	4.561640	0.815406	0.623119	-9999	6.543550	-9999	-9999	-9999	-9999
11	14	2.299311	0.971558	3.329980	-1.048360	0.605749	-9999	7.506000	-9999	-9999	-9999	-9999
11	15	1.755250	-0.580078	2.667620	-2.272670	0.390509	-9999	9.628980	-9999	-9999	-9999	-9999
11	16	1.053942	-0.441956	1.455800	-2.272360	0.324770	-9999	9.252820	-9999	-9999	-9999	-9999
11	17	2.581364	2.164700	4.361650	-0.371300	0.703718	-9999	4.266460	-9999	-9999	-9999	-9999
11	18	4.198617	5.372190	8.555810	2.537360	1.992879	-9999	0.000000	-9999	-9999	-9999	-9999
11	19	2.808648	3.072390	6.003680	-0.015709	0.723703	-9999	2.646370	-9999	-9999	-9999	-9999
11	20	4.022905	5.504580	9.217520	1.024450	0.891702	-9999	0.000001	-9999	-9999	-9999	-9999
11	21	4.538765	6.657530	9.855310	2.987650	1.383069	-9999	12.329800	-9999	-9999	-9999	-9999
11	22	4.706839	4.353300	7.040520	2.056950	1.346600	-9999	0.002572	-9999	-9999	-9999	-9999
11	23	2.396097	6.146390	9.837820	3.661930	1.155035	-9999	9.292410	-9999	-9999	-9999	-9999
11	24	4.096734	6.362300	8.774500	2.633060	1.657561	-9999	0.589297	-9999	-9999	-9999	-9999
11	25	1.714547	3.970090	8.352100	1.719830	1.252396	-9999	6.676780	-9999	-9999	-9999	-9999
11	26	3.306467	3.722810	6.462850	1.339580	0.900929	-9999	1.426160	-9999	-9999	-9999	-9999
11	27	1.788083	3.108090	5.161550	1.763860	0.318098	-9999	5.182560	-9999	-9999	-9999	-9999
11	28	4.115197	3.596560	6.409510	0.407051	1.924382	-9999	0.459071	-9999	-9999	-9999	-9999
11	29	3.630848	3.147490	5.521540	1.307040	0.913174	-9999	1.435380	-9999	-9999	-9999	-9999
11	30	3.905168	2.113680	4.589410	0.092170	1.054904	-9999	0.694345	-9999	-9999	-9999	-9999
12	1	4.063850	3.220150	5.866120	-0.189702	2.021649	-9999	0.000000	-9999	-9999	-9999	-9999
12	2	3.641017	5.483030	7.742550	3.643460	1.857293	-9999	1.046620	-9999	-9999	-9999	-9999
12	3	2.246702	3.501280	6.739410	0.968562	1.093755	-9999	1.243380	-9999	-9999	-9999	-9999
12	4	3.229641	0.051875	2.761720	-3.229010	0.865378	-9999	2.617950	-9999	-9999	-9999	-9999
12	5	2.030944	-1.154000	3.462100	-5.912300	0.567580	-9999	9.136500	-9999	-9999	-9999	-9999
12	6	2.216713	-4.021120	-1.786190	-6.405030	0.370165	-9999	2.031050	-9999	-9999	-9999	-9999
12	7	3.518752	-1.773720	1.418030	-5.267160	0.780215	-9999	0.530840	-9999	-9999	-9999	-9999
12	8	1.229705	0.619899	2.544590	-0.943700	0.271966	-9999	6.898050	-9999	-9999	-9999	-9999
12	9	3.056703	0.201258	3.399080	-4.063450	1.140210	-9999	0.395770	-9999	-9999	-9999	-9999
12	10	2.670788	2.411980	4.519040	0.187953	1.076851	-9999	0.000003	-9999	-9999	-9999	-9999
12	11	2.909019	3.052970	4.384340	1.832480	0.630565	-9999	0.464181	-9999	-9999	-9999	-9999
12	12	2.406223	2.997220	4.249300	2.253570	0.495852	-9999	0.059410	-9999	-9999	-9999	-9999
12	13	2.955424	3.077690	5.565700	0.961055	0.722840	-9999	0.199924	-9999	-9999	-9999	-9999
12	14	1.509002	1.815940	3.249940	0.671077	0.221119	-9999	3.670470	-9999	-9999	-9999	-9999
12	15	2.100997	-5.411600	2.038910	-10.992400	0.671019	-9999	3.727860	-9999	-9999	-9999	-9999
12	16	2.556602	-9.685800	-5.523010	-12.470900	0.802250	-9999	0.221842	-9999	-9999	-9999	-9999
12	17	3.579120	-9.252780	-3.746640	-12.784400	0.889026	-9999	0.000000	-9999	-9999	-9999	-9999
12	18	3.403218	-9.761750	-5.543330	-12.542000	0.815993	-9999	0.000088	-9999	-9999	-9999	-9999
12	19	3.256986	-11.874000	-7.861300	-14.946300	0.629520	-9999	0.007873	-9999	-9999	-9999	-9999
12	20	2.929686	-4.826330	0.681763	-14.914000	0.792931	-9999	0.000000	-9999	-9999	-9999	-9999
12	21	2.937142	1.479210	4.448460	-3.574800	0.774305	-9999	2.716530	-9999	-9999	-9999	-9999
12	22	2.284416	0.662043	4.379390	-2.089270	0.690388	-9999	0.432260	-9999	-9999	-9999	-9999
12	23	3.056184	4.892940	6.805820	-0.971654	0.843602	-9999	0.830419	-9999	-9999	-9999	-9999
12	24	2.570953	5.901420	9.642610	1.620080	0.887319	-9999	9.861030	-9999	-9999	-9999	-9999
12	25	1.891287	-3.501230	2.988130	-6.772160	0.916223	-9999	4.954810	-9999	-9999	-9999	-9999
12	26	1.988124	-8.997870	-5.407040	-14.204100	0.549251	-9999	2.091050	-9999	-9999	-9999	-9999
12	27	2.414379	-6.840580	-4.217530	-14.703000	0.721597	-9999	0.097694	-9999	-9999	-9999	-9999
12	28	2.878200	-0.710912	3.085690	-5.585910	0.386945	-9999	2.152390	-9999	-9999	-9999	-9999
12	29	3.132458	-1.930550	1.110410	-7.534210	0.723365	-9999	0.199168	-9999	-9999	-9999	-9999
12	30	2.362357	3.848570	6.438930	-0.246556	1.028649	-9999	4.163150	-9999	-9999	-9999	-9999
12	31	1.863708	2.866080	5.957920	1.630310	0.485192	-9999	2.887920	-9999	-9999	-9999	-9999
