Month	n_days	Rg_f	Ta_f	Tmax	Tmin	VPD_f	Ts_f	Precip	SWC	LAI	ET	LITTERFALL
1	1	3.585695	3.708640	6.995240	1.739280	1.327306	-9999	0.555504	-9999	-9999	-9999	-9999
1	2	1.957764	2.097710	4.085690	0.635674	0.715206	-9999	9.014120	-9999	-9999	-9999	-9999
1	3	1.068388	1.925650	4.139040	0.078118	0.593528	-9999	5.335360	-9999	-9999	-9999	-9999
1	4	1.434698	2.036160	3.901980	0.257958	0.331878	-9999	13.633500	-9999	-9999	-9999	-9999
1	5	1.024497	-2.983950	4.031920	-8.341590	0.501084	-9999	12.224000	-9999	-9999	-9999	-9999
1	6	1.865048	-3.008730	0.687317	-8.495430	0.517983	-9999	8.844840	-9999	-9999	-9999	-9999
1	7	1.602979	-0.129522	2.075960	-3.102490	0.599031	-9999	3.847240	-9999	-9999	-9999	-9999
1	8	3.051657	3.148740	6.377930	-0.013801	0.926219	-9999	5.439960	-9999	-9999	-9999	-9999
1	9	0.821915	-0.621434	3.532810	-2.570140	0.567844	-9999	10.558300	-9999	-9999	-9999	-9999
1	10	2.336973	-0.077703	3.349700	-2.518900	0.414122	-9999	10.793000	-9999	-9999	-9999	-9999
1	11	1.364593	3.070150	4.594510	1.423240	0.166880	-9999	7.079590	-9999	-9999	-9999	-9999
1	12	3.470654	4.131740	5.710330	2.227930	1.078403	-9999	0.044081	-9999	-9999	-9999	-9999
1	13	3.433087	3.876150	6.076230	2.324240	0.966586	-9999	0.004973	-9999	-9999	-9999	-9999
1	14	2.823975	3.393430	5.125430	1.719200	0.860357	-9999	0.001539	-9999	-9999	-9999	-9999
1	15	3.276201	3.294310	5.106050	1.548550	0.695855	-9999	0.123345	-9999	-9999	-9999	-9999
1	16	1.538663	3.010740	4.916440	1.674890	0.186849	-9999	1.882570	-9999	-9999	-9999	-9999
1	17	3.942268	2.166220	4.061830	0.454216	1.152831	-9999	0.921319	-9999	-9999	-9999	-9999
1	18	3.445070	3.006590	5.824800	0.875206	1.328784	-9999	0.000175	-9999	-9999	-9999	-9999
1	19	3.367976	2.495330	5.660030	-0.737526	0.591251	-9999	0.029006	-9999	-9999	-9999	-9999
1	20	3.569504	2.565360	4.670720	0.869560	0.534444	-9999	0.386900	-9999	-9999	-9999	-9999
1	21	1.642179	1.787840	3.350650	0.536095	0.111935	-9999	7.137810	-9999	-9999	-9999	-9999
1	22	3.446349	-0.239293	4.225590	-3.526160	0.719281	-9999	0.178283	-9999	-9999	-9999	-9999
1	23	3.702707	2.437370	4.764560	-2.355540	1.059213	-9999	0.000001	-9999	-9999	-9999	-9999
1	24	3.713628	2.100950	5.701420	-1.256840	1.571073	-9999	0.000008	-9999	-9999	-9999	-9999
1	25	3.310148	2.168450	5.841860	-2.132330	0.791110	-9999	2.685620	-9999	-9999	-9999	-9999
1	26	3.253297	4.104850	5.940250	1.967490	0.823753	-9999	2.748310	-9999	-9999	-9999	-9999
1	27	3.595864	2.935690	5.937870	-0.143104	0.630241	-9999	4.100760	-9999	-9999	-9999	-9999
1	28	3.811052	-6.915810	1.767430	-10.993000	0.634097	-9999	2.474290	-9999	-9999	-9999	-9999
1	29	4.397086	-4.422340	1.571440	-10.590200	0.932119	-9999	0.162155	-9999	-9999	-9999	-9999
1	30	4.727851	0.817042	3.979160	-6.030130	1.009879	-9999	0.457945	-9999	-9999	-9999	-9999
1	31	3.272167	1.637810	3.508700	0.194023	0.316179	-9999	1.851440	-9999	-9999	-9999	-9999
2	1	2.723509	-1.771740	1.928580	-5.783630	0.457040	-9999	0.640968	-9999	-9999	-9999	-9999
2	2	5.883313	-8.630680	-3.468150	-12.648200	0.739155	-9999	0.040816	-9999	-9999	-9999	-9999
2	3	6.103184	-8.495120	-2.493630	-12.911100	0.772013	-9999	0.000000	-9999	-9999	-9999	-9999
2	4	4.432078	-6.760080	-1.581790	-10.972700	0.594849	-9999	0.146020	-9999	-9999	-9999	-9999
2	5	4.339535	-7.341800	-2.620030	-11.250400	0.612893	-9999	0.035735	-9999	-9999	-9999	-9999
2	6	5.230457	-3.882940	-0.057135	-11.093400	0.516758	-9999	3.392560	-9999	-9999	-9999	-9999
2	7	2.126563	1.361810	3.341060	-2.542200	0.148949	-9999	26.995200	-9999	-9999	-9999	-9999
2	8	5.507041	3.158100	5.690060	0.633912	0.757217	-9999	4.014390	-9999	-9999	-9999	-9999
2	9	4.320164	2.806420	5.779810	0.799318	0.447908	-9999	9.066620	-9999	-9999	-9999	-9999
2	10	2.860151	2.092770	3.765920	0.785035	0.212461	-9999	9.555180	-9999	-9999	-9999	-9999
2	11	2.829928	2.066150	3.901970	0.601045	0.107985	-9999	21.332200	-9999	-9999	-9999	-9999
2	12	3.412152	1.710810	4.112540	-0.604338	0.228816	-9999	12.863500	-9999	-9999	-9999	-9999
2	13	1.404415	2.817800	4.573720	0.906495	0.643684	-9999	3.188310	-9999	-9999	-9999	-9999
2	14	5.251306	1.620110	5.497220	-2.464320	0.850172	-9999	9.159440	-9999	-9999	-9999	-9999
2	15	2.612218	-2.265210	-0.103674	-4.511260	0.617216	-9999	2.861140	-9999	-9999	-9999	-9999
2	16	7.371112	1.562890	4.504940	-2.410950	1.184555	-9999	0.000493	-9999	-9999	-9999	-9999
2	17	7.902775	3.670160	8.484890	-0.194243	1.215273	-9999	0.006721	-9999	-9999	-9999	-9999
2	18	5.625495	4.354090	8.039360	1.568760	1.000212	-9999	0.461495	-9999	-9999	-9999	-9999
2	19	3.832782	5.441280	8.917410	1.458620	1.119138	-9999	0.161750	-9999	-9999	-9999	-9999
2	20	7.834579	6.648490	11.699000	2.079380	1.314102	-9999	0.373479	-9999	-9999	-9999	-9999
2	21	6.795827	7.243890	12.123300	2.960820	1.228060	-9999	0.232693	-9999	-9999	-9999	-9999
2	22	2.903973	1.618310	5.335600	0.429597	0.208738	-9999	9.586560	-9999	-9999	-9999	-9999
2	23	2.221983	-1.478100	2.755980	-5.493560	0.362439	-9999	9.606030	-9999	-9999	-9999	-9999
2	24	5.362485	-8.500040	-3.178840	-11.763100	0.462877	-9999	3.363190	-9999	-9999	-9999	-9999
2	25	8.157672	-6.789710	1.993620	-13.839000	0.627539	-9999	0.010275	-9999	-9999	-9999	-9999
2	26	6.217041	0.520073	4.014920	-7.806550	1.088102	-9999	0.157911	-9999	-9999	-9999	-9999
2	27	4.520396	1.340780	3.822810	-1.367710	0.426533	-9999	4.734810	-9999	-9999	-9999	-9999
2	28	3.205941	0.037468	2.753020	-2.120670	0.261268	-9999	3.542560	-9999	-9999	-9999	-9999
3	1	8.164722	2.000920	5.285820	-0.570638	0.536629	-9999	1.383070	-9999	-9999	-9999	-9999
3	2	9.904205	3.616000	8.107840	-1.437310	2.083152	-9999	0.000000	-9999	-9999	-9999	-9999
3	3	10.591517	5.773780	11.160800	2.341780	2.212868	-9999	0.000000	-9999	-9999	-9999	-9999
3	4	10.207987	7.463500	12.529000	3.461650	3.873153	-9999	0.000000	-9999	-9999	-9999	-9999
3	5	10.066118	10.893600	17.516200	6.128340	3.002032	-9999	0.000000	-9999	-9999	-9999	-9999
3	6	9.011174	9.967010	15.476700	5.649180	1.687359	-9999	0.292500	-9999	-9999	-9999	-9999
3	7	6.054385	9.066260	13.803200	6.195570	1.230107	-9999	3.719420	-9999	-9999	-9999	-9999
3	8	3.252329	6.772830	9.879140	4.632790	0.800891	-9999	4.886060	-9999	-9999	-9999	-9999
3	9	8.560512	5.710270	11.879500	2.061780	1.542004	-9999	0.126803	-9999	-9999	-9999	-9999
3	10	11.042784	3.140600	7.203060	0.039286	1.614969	-9999	0.440678	-9999	-9999	-9999	-9999
3	11	8.488350	3.548800	8.639240	-0.423055	1.373690	-9999	1.405990	-9999	-9999	-9999	-9999
3	12	7.009796	4.311530	7.928820	0.905222	1.206874	-9999	3.649450	-9999	-9999	-9999	-9999
3	13	8.523170	5.829620	11.190100	1.410900	1.471250	-9999	5.603440	-9999	-9999	-9999	-9999
3	14	4.502088	4.075780	7.253040	2.365700	0.645670	-9999	6.536680	-9999	-9999	-9999	-9999
3	15	2.587308	2.225500	4.702320	-0.021749	0.660438	-9999	13.187600	-9999	-9999	-9999	-9999
3	16	6.465321	1.919280	5.420040	-1.740410	0.939930	-9999	0.895464	-9999	-9999	-9999	-9999
3	17	7.017607	4.407990	9.035000	0.580118	0.574216	-9999	2.896820	-9999	-9999	-9999	-9999
3	18	10.975651	6.312500	11.307100	2.602880	1.468035	-9999	1.324850	-9999	-9999	-9999	-9999
3	19	4.033774	5.456360	8.368980	2.865790	1.307454	-9999	10.723600	-9999	-9999	-9999	-9999
3	20	6.522699	5.553040	8.895800	2.650400	0.532315	-9999	19.513300	-9999	-9999	-9999	-9999
3	21	4.905420	7.229920	10.718300	2.737190	0.623416	-9999	23.529500	-9999	-9999	-9999	-9999
3	22	13.899427	11.498100	19.301700	5.862310	3.242602	-9999	0.196423	-9999	-9999	-9999	-9999
3	23	10.142841	8.998050	14.822400	4.222600	1.688976	-9999	0.293443	-9999	-9999	-9999	-9999
3	24	12.659932	11.608400	16.388300	6.354870	2.528446	-9999	0.000490	-9999	-9999	-9999	-9999
3	25	10.118995	9.725100	15.079500	2.604620	1.404156	-9999	12.768600	-9999	-9999	-9999	-9999
3	26	5.062885	0.685062	4.908410	-3.512320	0.347775	-9999	7.383720	-9999	-9999	-9999	-9999
3	27	8.784720	1.830840	5.034140	-3.440300	0.702607	-9999	3.096490	-9999	-9999	-9999	-9999
3	28	7.376434	2.896150	4.925380	0.193278	0.356274	-9999	10.357400	-9999	-9999	-9999	-9999
3	29	7.687077	2.870850	5.139550	-0.337179	0.369930	-9999	8.823310	-9999	-9999	-9999	-9999
3	30	3.939391	2.354310	5.441090	-0.948599	0.461166	-9999	15.350100	-9999	-9999	-9999	-9999
3	31	13.815359	1.602180	6.183770	-4.553950	0.592683	-9999	5.834890	-9999	-9999	-9999	-9999
4	1	5.814469	-1.476030	1.312230	-3.652690	0.360510	-9999	19.434600	-9999	-9999	-9999	-9999
4	2	7.103540	-2.509180	0.980319	-6.613690	0.412320	-9999	2.345360	-9999	-9999	-9999	-9999
4	3	10.883981	-0.663931	3.403540	-6.975600	0.402214	-9999	0.200699	-9999	-9999	-9999	-9999
4	4	15.955920	1.408910	5.181950	-5.132270	0.269801	-9999	0.011710	-9999	-9999	-9999	-9999
4	5	11.305441	4.529920	9.236240	1.232290	1.010174	-9999	0.973429	-9999	-9999	-9999	-9999
4	6	4.065595	2.778240	5.349950	0.791982	0.236051	-9999	13.923300	-9999	-9999	-9999	-9999
4	7	10.512547	1.911330	5.184690	-0.836985	1.462693	-9999	1.080770	-9999	-9999	-9999	-9999
4	8	11.869891	1.993050	5.540190	-1.919780	1.499132	-9999	0.980650	-9999	-9999	-9999	-9999
4	9	13.791168	2.840770	7.405120	-1.457560	1.273544	-9999	0.067674	-9999	-9999	-9999	-9999
4	10	10.584086	4.496040	9.403170	0.957662	1.320573	-9999	4.537350	-9999	-9999	-9999	-9999
4	11	6.975832	5.148200	8.241640	1.525590	0.779889	-9999	0.341386	-9999	-9999	-9999	-9999
4	12	5.692870	5.951090	9.208190	3.287440	0.795271	-9999	1.940680	-9999	-9999	-9999	-9999
4	13	6.945186	6.008250	8.899260	3.435990	0.879903	-9999	5.353100	-9999	-9999	-9999	-9999
4	14	10.138954	4.879470	8.769720	1.305900	1.398886	-9999	0.129870	-9999	-9999	-9999	-9999
4	15	9.563789	3.200450	6.977480	0.288778	1.149764	-9999	6.621720	-9999	-9999	-9999	-9999
4	16	10.683533	2.975260	6.641090	-0.190989	1.378764	-9999	2.487420	-9999	-9999	-9999	-9999
4	17	10.316419	3.300000	6.937040	0.594717	1.253154	-9999	4.111700	-9999	-9999	-9999	-9999
4	18	9.643622	5.556530	10.736700	1.264060	1.296950	-9999	9.813120	-9999	-9999	-9999	-9999
4	19	10.833005	5.934490	9.554080	2.923210	1.322601	-9999	3.763180	-9999	-9999	-9999	-9999
4	20	7.246861	5.839490	8.754520	3.127400	0.925685	-9999	3.090030	-9999	-9999	-9999	-9999
4	21	7.724488	6.047860	9.514040	3.164690	1.365557	-9999	1.312610	-9999	-9999	-9999	-9999
4	22	11.873866	6.038550	10.577000	1.776200	1.715790	-9999	1.315360	-9999	-9999	-9999	-9999
4	23	14.658537	6.382490	12.578400	1.814570	1.594348	-9999	0.649161	-9999	-9999	-9999	-9999
4	24	14.031274	7.890570	12.095400	3.128770	1.820757	-9999	0.683732	-9999	-9999	-9999	-9999
4	25	14.854925	8.691200	13.438800	4.809470	2.354367	-9999	2.939970	-9999	-9999	-9999	-9999
4	26	5.960269	6.256850	8.660130	3.993000	0.947813	-9999	6.722070	-9999	-9999	-9999	-9999
4	27	8.861875	6.650370	9.861600	3.428120	1.249569	-9999	1.739930	-9999	-9999	-9999	-9999
4	28	14.203036	8.106820	12.449300	3.174950	1.693055	-9999	0.001678	-9999	-9999	-9999	-9999
4	29	17.230406	9.935070	15.189500	3.011340	2.247360	-9999	2.930270	-9999	-9999	-9999	-9999
4	30	9.213351	9.242440	13.753600	5.080560	1.415471	-9999	1.864620	-9999	-9999	-9999	-9999
5	1	3.385204	7.975520	10.722200	4.278240	0.922528	-9999	2.439700	-9999	-9999	-9999	-9999
5	2	2.649707	9.112420	11.895800	6.228130	0.443278	-9999	7.713170	-9999	-9999	-9999	-9999
5	3	11.067841	10.836100	14.837300	7.035960	1.731751	-9999	0.654144	-9999	-9999	-9999	-9999
5	4	13.054176	11.360800	15.118900	7.848670	1.961909	-9999	0.622451	-9999	-9999	-9999	-9999
5	5	14.121044	11.122900	16.515800	7.296270	2.067956	-9999	0.001465	-9999	-9999	-9999	-9999
5	6	3.789789	8.175590	11.156600	4.514900	1.531712	-9999	6.380620	-9999	-9999	-9999	-9999
5	7	7.000940	4.216550	8.134590	0.789924	1.540902	-9999	11.699200	-9999	-9999	-9999	-9999
5	8	12.689049	3.242300	6.515730	-0.316094	1.040127	-9999	12.240300	-9999	-9999	-9999	-9999
5	9	17.827345	6.267360	11.596200	1.261020	1.482277	-9999	1.001260	-9999	-9999	-9999	-9999
5	10	8.821872	5.929590	10.741200	1.427410	1.461110	-9999	6.993780	-9999	-9999	-9999	-9999
5	11	8.292862	5.844200	9.845990	1.405980	1.418802	-9999	3.310990	-9999	-9999	-9999	-9999
5	12	11.679898	8.484740	13.850200	3.927040	1.548495	-9999	12.718500	-9999	-9999	-9999	-9999
5	13	16.392759	8.978360	13.525000	4.534610	2.084279	-9999	2.977440	-9999	-9999	-9999	-9999
5	14	8.470164	7.767020	10.835900	3.513950	1.425522	-9999	3.246370	-9999	-9999	-9999	-9999
5	15	9.978768	11.060900	15.158000	5.908820	1.813750	-9999	2.495560	-9999	-9999	-9999	-9999
5	16	15.990912	12.549500	18.160600	7.878270	2.879099	-9999	0.950394	-9999	-9999	-9999	-9999
5	17	14.023929	12.598400	17.021700	7.182200	1.565075	-9999	4.736220	-9999	-9999	-9999	-9999
5	18	2.594713	11.567800	13.403100	9.523050	0.483747	-9999	17.909100	-9999	-9999	-9999	-9999
5	19	11.206945	11.094300	15.042900	7.101260	1.658435	-9999	0.979058	-9999	-9999	-9999	-9999
5	20	19.110038	14.218000	20.661600	7.085270	3.409955	-9999	0.204958	-9999	-9999	-9999	-9999
5	21	15.719011	14.059600	20.496600	8.773450	3.246305	-9999	0.400431	-9999	-9999	-9999	-9999
5	22	12.197606	13.598300	18.879300	8.368630	1.997072	-9999	0.058360	-9999	-9999	-9999	-9999
5	23	16.972502	17.293900	24.700800	10.737600	3.891627	-9999	0.303333	-9999	-9999	-9999	-9999
5	24	18.326564	19.306900	27.704500	12.401000	3.914878	-9999	2.115670	-9999	-9999	-9999	-9999
5	25	2.965369	13.364900	16.116200	10.731500	1.605019	-9999	5.912890	-9999	-9999	-9999	-9999
5	26	10.351152	15.487300	19.266900	10.739000	1.999203	-9999	7.630280	-9999	-9999	-9999	-9999
5	27	1.896765	10.621100	15.160500	6.689830	1.307650	-9999	14.016800	-9999	-9999	-9999	-9999
5	28	22.161687	9.121390	13.747800	3.097850	2.445971	-9999	0.000006	-9999	-9999	-9999	-9999
5	29	16.943386	13.561400	19.736100	5.522860	2.886076	-9999	0.000000	-9999	-9999	-9999	-9999
5	30	22.850899	16.792200	23.433900	9.728610	4.736519	-9999	0.000000	-9999	-9999	-9999	-9999
5	31	22.840012	19.585700	26.978300	12.484500	7.126731	-9999	0.000000	-9999	-9999	-9999	-9999
6	1	22.204974	19.544800	26.712100	13.440500	6.739240	-9999	0.000005	-9999	-9999	-9999	-9999
6	2	13.939690	18.365200	23.276600	13.958100	2.574852	-9999	4.353780	-9999	-9999	-9999	-9999
6	3	15.571526	17.521500	22.093000	13.807600	2.188781	-9999	3.958730	-9999	-9999	-9999	-9999
6	4	23.139649	20.303800	27.138400	13.249500	6.593541	-9999	0.000000	-9999	-9999	-9999	-9999
6	5	7.378819	15.667900	19.458300	12.605500	1.679018	-9999	8.276540	-9999	-9999	-9999	-9999
6	6	3.903535	13.724800	16.751700	11.862300	0.734252	-9999	26.971800	-9999	-9999	-9999	-9999
6	7	9.620467	12.833800	17.041600	10.316000	1.705186	-9999	2.066920	-9999	-9999	-9999	-9999
6	8	13.748745	14.359600	17.864600	10.324100	2.100777	-9999	3.005830	-9999	-9999	-9999	-9999
6	9	23.690362	17.697200	23.466900	10.971900	4.452092	-9999	0.000000	-9999	-9999	-9999	-9999
6	10	17.171309	18.487600	23.974500	13.773700	2.792714	-9999	2.131400	-9999	-9999	-9999	-9999
6	11	8.905075	17.625800	21.150300	14.131200	2.186419	-9999	13.747900	-9999	-9999	-9999	-9999
6	12	21.227011	19.661900	26.159000	13.278600	5.192319	-9999	0.000000	-9999	-9999	-9999	-9999
6	13	20.330179	19.723000	25.862000	14.472000	5.810137	-9999	0.000000	-9999	-9999	-9999	-9999
6	14	14.408669	16.554800	27.673000	9.782170	3.593500	-9999	1.536320	-9999	-9999	-9999	-9999
6	15	5.664574	9.922610	13.923500	6.031890	1.410357	-9999	2.348830	-9999	-9999	-9999	-9999
6	16	12.672288	12.814300	16.612800	6.029180	2.925047	-9999	4.501480	-9999	-9999	-9999	-9999
6	17	6.201965	10.906300	16.147300	8.105110	1.798114	-9999	10.616000	-9999	-9999	-9999	-9999
6	18	14.081559	8.846990	12.946700	5.570590	1.891342	-9999	1.458530	-9999	-9999	-9999	-9999
6	19	15.413156	10.444000	14.950900	4.530670	2.170306	-9999	4.775700	-9999	-9999	-9999	-9999
6	20	4.707029	10.908500	12.603400	8.999450	1.049766	-9999	4.065030	-9999	-9999	-9999	-9999
6	21	5.516968	10.139300	13.320200	7.297550	1.471407	-9999	7.112910	-9999	-9999	-9999	-9999
6	22	13.686797	9.996400	13.180000	7.027440	1.695682	-9999	1.813850	-9999	-9999	-9999	-9999
6	23	22.413974	14.617700	20.235200	8.305120	3.103911	-9999	1.457910	-9999	-9999	-9999	-9999
6	24	7.826950	14.551500	19.865600	11.113000	2.050871	-9999	4.120740	-9999	-9999	-9999	-9999
6	25	13.697165	11.679400	14.285700	9.172310	2.007086	-9999	3.319770	-9999	-9999	-9999	-9999
6	26	11.289542	14.562200	19.617500	9.284090	1.883323	-9999	1.073960	-9999	-9999	-9999	-9999
6	27	18.308679	20.036800	27.538000	12.224700	3.691341	-9999	0.010902	-9999	-9999	-9999	-9999
6	28	23.430471	22.435800	29.197100	16.229200	6.059732	-9999	0.000000	-9999	-9999	-9999	-9999
6	29	4.648717	16.869000	19.771000	14.780900	1.929191	-9999	4.914070	-9999	-9999	-9999	-9999
6	30	1.036653	13.347600	16.536600	9.340490	1.073770	-9999	14.099900	-9999	-9999	-9999	-9999
7	1	12.625978	12.560600	16.515500	9.701870	2.838796	-9999	0.040498	-9999	-9999	-9999	-9999
7	2	23.322903	14.562600	20.289600	7.518100	3.727257	-9999	0.000000	-9999	-9999	-9999	-9999
7	3	13.320806	15.585100	21.055400	10.878100	3.919840	-9999	1.037170	-9999	-9999	-9999	-9999
7	4	19.758902	16.196400	21.777200	10.104800	4.863622	-9999	0.000000	-9999	-9999	-9999	-9999
7	5	17.046548	16.122200	22.240400	11.082000	4.593902	-9999	3.885830	-9999	-9999	-9999	-9999
7	6	3.165860	12.309500	15.159600	9.436130	1.218607	-9999	0.502020	-9999	-9999	-9999	-9999
7	7	12.161664	14.354100	19.356700	9.448090	2.236741	-9999	0.025569	-9999	-9999	-9999	-9999
7	8	17.952452	16.888900	23.084100	12.021100	3.416243	-9999	0.008467	-9999	-9999	-9999	-9999
7	9	17.539200	21.186400	28.464100	13.645100	6.201053	-9999	0.010770	-9999	-9999	-9999	-9999
7	10	17.722282	20.709300	26.851500	15.620700	4.154106	-9999	1.441220	-9999	-9999	-9999	-9999
7	11	7.490431	17.087300	20.167300	13.254300	1.381033	-9999	9.218980	-9999	-9999	-9999	-9999
7	12	21.929702	19.825500	26.320700	13.019100	4.910655	-9999	0.015692	-9999	-9999	-9999	-9999
7	13	10.598083	19.174400	22.815100	15.996800	3.036516	-9999	2.632560	-9999	-9999	-9999	-9999
7	14	13.821494	17.082800	22.522100	12.677000	3.573239	-9999	0.000000	-9999	-9999	-9999	-9999
7	15	22.787913	21.885000	30.258300	13.077800	6.998730	-9999	0.000000	-9999	-9999	-9999	-9999
7	16	21.529238	25.916200	34.722600	17.314600	13.461680	-9999	0.000000	-9999	-9999	-9999	-9999
7	17	20.019917	28.193300	36.964300	20.740400	16.083890	-9999	0.000000	-9999	-9999	-9999	-9999
7	18	19.274285	27.789600	36.253800	20.943800	19.529629	-9999	0.000000	-9999	-9999	-9999	-9999
7	19	7.458696	19.163700	23.908400	14.690000	3.382685	-9999	3.358680	-9999	-9999	-9999	-9999
7	20	4.197269	15.518400	18.469700	12.454500	3.006536	-9999	1.050120	-9999	-9999	-9999	-9999
7	21	9.764496	13.664600	17.616600	11.046700	3.297580	-9999	3.946630	-9999	-9999	-9999	-9999
7	22	13.196044	12.433100	17.370600	8.401430	2.862570	-9999	0.589009	-9999	-9999	-9999	-9999
7	23	22.033123	16.703700	24.587900	7.879240	5.576956	-9999	0.000000	-9999	-9999	-9999	-9999
7	24	14.570928	17.542600	23.281100	11.661800	5.404773	-9999	8.407330	-9999	-9999	-9999	-9999
7	25	7.034818	11.383600	15.598200	8.475100	1.644752	-9999	27.584500	-9999	-9999	-9999	-9999
7	26	2.733489	11.585000	12.997800	9.922580	1.465269	-9999	1.121780	-9999	-9999	-9999	-9999
7	27	20.514902	15.164100	20.878600	9.849730	3.809649	-9999	0.031279	-9999	-9999	-9999	-9999
7	28	21.941625	19.759800	28.819000	12.137100	6.428957	-9999	0.000000	-9999	-9999	-9999	-9999
7	29	18.726509	20.847600	28.701900	14.535100	7.751520	-9999	19.684300	-9999	-9999	-9999	-9999
7	30	9.113818	12.676300	16.814200	8.827850	2.148202	-9999	6.450170	-9999	-9999	-9999	-9999
7	31	20.729175	16.070700	23.061900	8.689420	4.657029	-9999	0.561475	-9999	-9999	-9999	-9999
8	1	11.926655	14.668000	19.022600	11.112100	2.292561	-9999	12.635700	-9999	-9999	-9999	-9999
8	2	21.334406	18.877400	24.290400	10.403500	6.512040	-9999	0.000000	-9999	-9999	-9999	-9999
8	3	17.557171	21.378700	27.838100	15.360900	5.875271	-9999	0.000823	-9999	-9999	-9999	-9999
8	4	13.305945	19.613400	23.662100	16.306400	2.148799	-9999	10.181500	-9999	-9999	-9999	-9999
8	5	15.065136	19.586100	24.788600	15.043400	3.528544	-9999	0.526782	-9999	-9999	-9999	-9999
8	6	20.685370	20.193500	26.292200	14.610600	4.075837	-9999	0.000000	-9999	-9999	-9999	-9999
8	7	20.433168	20.728400	27.801100	14.688200	5.090615	-9999	0.000000	-9999	-9999	-9999	-9999
8	8	20.037975	16.190900	22.525300	9.640980	4.602834	-9999	0.000000	-9999	-9999	-9999	-9999
8	9	20.741702	14.564600	21.936400	7.929520	4.843735	-9999	0.000000	-9999	-9999	-9999	-9999
8	10	20.133359	17.305000	25.227500	8.995470	5.168189	-9999	0.000000	-9999	-9999	-9999	-9999
8	11	20.050071	18.841000	26.042500	12.734700	5.404643	-9999	0.000000	-9999	-9999	-9999	-9999
8	12	17.288641	22.143100	29.897300	13.533400	8.916117	-9999	0.020648	-9999	-9999	-9999	-9999
8	13	13.465786	20.865400	28.033600	14.771700	5.772114	-9999	8.409970	-9999	-9999	-9999	-9999
8	14	3.497230	13.810500	16.699300	10.463500	1.616786	-9999	11.710300	-9999	-9999	-9999	-9999
8	15	17.875210	14.543500	19.770300	9.750570	3.722346	-9999	0.000000	-9999	-9999	-9999	-9999
8	16	12.881117	16.491800	21.893600	10.880400	3.737234	-9999	0.000002	-9999	-9999	-9999	-9999
8	17	16.941225	19.719800	25.979100	14.126900	5.059542	-9999	0.000000	-9999	-9999	-9999	-9999
8	18	17.921693	23.229700	30.334900	16.412400	9.919402	-9999	0.203466	-9999	-9999	-9999	-9999
8	19	13.807929	23.316500	29.453700	18.486000	6.813049	-9999	0.253259	-9999	-9999	-9999	-9999
8	20	17.517600	24.208600	30.961200	18.221700	9.405537	-9999	0.066845	-9999	-9999	-9999	-9999
8	21	17.146425	21.914700	28.719000	15.817300	5.362522	-9999	0.000000	-9999	-9999	-9999	-9999
8	22	17.839094	23.010100	31.840000	14.357900	8.346860	-9999	0.000000	-9999	-9999	-9999	-9999
8	23	10.513066	21.942100	28.303400	17.070100	6.582098	-9999	5.864960	-9999	-9999	-9999	-9999
8	24	3.080376	11.077100	19.056700	8.073350	1.861417	-9999	33.489600	-9999	-9999	-9999	-9999
8	25	3.700261	7.457380	10.006900	5.813920	1.626282	-9999	5.440870	-9999	-9999	-9999	-9999
8	26	4.391237	7.081310	9.367510	4.375930	1.118766	-9999	14.760700	-9999	-9999	-9999	-9999
8	27	14.291683	10.645500	14.652600	5.290150	2.181115	-9999	4.060840	-9999	-9999	-9999	-9999
8	28	4.405691	12.213700	15.651000	9.454700	1.385251	-9999	10.757600	-9999	-9999	-9999	-9999
8	29	4.881531	11.306100	14.062000	8.409750	1.917396	-9999	9.246910	-9999	-9999	-9999	-9999
8	30	6.417369	9.475020	12.921200	7.602890	1.750456	-9999	3.020210	-9999	-9999	-9999	-9999
8	31	5.665110	10.986700	14.725200	6.977800	1.401714	-9999	3.136370	-9999	-9999	-9999	-9999
9	1	3.218331	8.973500	10.317200	7.150280	0.882931	-9999	11.696200	-9999	-9999	-9999	-9999
9	2	9.845712	9.514480	13.386500	5.912610	1.813569	-9999	1.277940	-9999	-9999	-9999	-9999
9	3	14.564534	10.741200	15.750600	5.440740	2.235372	-9999	0.506051	-9999	-9999	-9999	-9999
9	4	14.829351	12.588900	18.776500	6.914740	2.389402	-9999	0.000000	-9999	-9999	-9999	-9999
9	5	12.618806	14.969300	20.617700	9.271980	2.458473	-9999	0.600293	-9999	-9999	-9999	-9999
9	6	15.485990	15.921000	22.333700	11.285000	3.423560	-9999	0.000000	-9999	-9999	-9999	-9999
9	7	8.380360	15.086300	18.486100	11.935100	2.136068	-9999	0.402874	-9999	-9999	-9999	-9999
9	8	12.202617	14.623600	19.786700	10.818400	2.386237	-9999	0.000000	-9999	-9999	-9999	-9999
9	9	9.242035	16.530600	20.479700	10.858700	2.645310	-9999	16.847400	-9999	-9999	-9999	-9999
9	10	1.029724	14.437800	16.538000	12.332100	0.685119	-9999	2.953880	-9999	-9999	-9999	-9999
9	11	8.726227	15.244600	19.546400	11.564100	1.849870	-9999	2.711700	-9999	-9999	-9999	-9999
9	12	11.788589	15.549600	19.837300	11.971000	2.023508	-9999	0.595995	-9999	-9999	-9999	-9999
9	13	13.814756	15.743200	21.710100	11.476100	2.716651	-9999	0.000000	-9999	-9999	-9999	-9999
9	14	4.031597	15.244000	19.814100	11.163300	1.354366	-9999	0.270961	-9999	-9999	-9999	-9999
9	15	3.051665	13.299400	17.622800	8.720130	1.289640	-9999	14.209900	-9999	-9999	-9999	-9999
9	16	6.664498	7.577410	10.529400	5.069890	1.061920	-9999	22.118400	-9999	-9999	-9999	-9999
9	17	4.759983	8.029620	9.872160	6.015820	0.941970	-9999	23.602200	-9999	-9999	-9999	-9999
9	18	3.504021	8.352430	10.473500	5.844980	0.991276	-9999	6.173470	-9999	-9999	-9999	-9999
9	19	1.951854	8.610090	10.405900	6.553420	0.441755	-9999	13.960500	-9999	-9999	-9999	-9999
9	20	9.981706	10.408000	14.471300	6.903480	1.614708	-9999	0.067165	-9999	-9999	-9999	-9999
9	21	9.903686	8.309340	12.480600	4.755870	1.398962	-9999	0.000000	-9999	-9999	-9999	-9999
9	22	13.801277	8.359580	15.048000	4.017830	3.525814	-9999	0.000000	-9999	-9999	-9999	-9999
9	23	12.345696	10.393000	16.484300	4.198950	3.845436	-9999	0.000000	-9999	-9999	-9999	-9999
9	24	12.804221	11.478000	17.542400	6.920690	2.915210	-9999	0.000000	-9999	-9999	-9999	-9999
9	25	9.976176	11.271100	16.239700	7.409010	1.797311	-9999	0.000000	-9999	-9999	-9999	-9999
9	26	6.705236	11.821100	15.943100	7.952920	2.082608	-9999	2.125380	-9999	-9999	-9999	-9999
9	27	7.441787	11.707600	15.767400	7.053660	1.910536	-9999	0.279949	-9999	-9999	-9999	-9999
9	28	7.482128	9.238180	13.116000	6.845320	1.840807	-9999	0.070257	-9999	-9999	-9999	-9999
9	29	2.374410	9.413440	11.722000	6.503790	1.087680	-9999	4.592500	-9999	-9999	-9999	-9999
9	30	9.489139	8.813860	12.168000	5.473030	1.608506	-9999	0.131400	-9999	-9999	-9999	-9999
10	1	6.951874	10.556300	14.674300	6.617030	0.976502	-9999	0.000000	-9999	-9999	-9999	-9999
10	2	9.791453	11.967800	16.315200	8.035610	1.711153	-9999	0.049612	-9999	-9999	-9999	-9999
10	3	5.268223	13.602500	18.061800	9.045100	2.062914	-9999	1.206990	-9999	-9999	-9999	-9999
10	4	4.130456	13.011400	17.114100	9.640140	1.620887	-9999	2.682870	-9999	-9999	-9999	-9999
10	5	5.108659	6.331280	12.517700	2.940490	1.188014	-9999	5.478690	-9999	-9999	-9999	-9999
10	6	8.275539	5.905780	9.856640	2.102450	1.257251	-9999	6.210220	-9999	-9999	-9999	-9999
10	7	5.813761	9.453320	13.327500	3.427580	1.464080	-9999	7.331140	-9999	-9999	-9999	-9999
10	8	0.485212	13.227100	15.295900	8.711460	1.007022	-9999	7.260920	-9999	-9999	-9999	-9999
10	9	9.946541	14.121600	19.346500	9.935060	1.522797	-9999	0.000000	-9999	-9999	-9999	-9999
10	10	9.885197	17.137500	23.685700	11.232700	5.280449	-9999	0.000000	-9999	-9999	-9999	-9999
10	11	8.145274	14.883600	20.295700	10.885800	3.402075	-9999	1.462510	-9999	-9999	-9999	-9999
10	12	9.117619	13.582100	18.666400	9.338680	2.334705	-9999	0.000000	-9999	-9999	-9999	-9999
10	13	8.723808	15.343500	20.975400	9.032740	3.044215	-9999	0.000000	-9999	-9999	-9999	-9999
10	14	8.986896	16.279800	20.939200	11.657900	2.296933	-9999	0.000000	-9999	-9999	-9999	-9999
10	15	6.162247	14.787000	20.707700	8.961180	2.122094	-9999	0.000001	-9999	-9999	-9999	-9999
10	16	5.968901	13.308900	17.834400	8.883060	1.844812	-9999	1.272890	-9999	-9999	-9999	-9999
10	17	8.116476	12.926700	17.916900	9.146730	1.806833	-9999	0.000000	-9999	-9999	-9999	-9999
10	18	8.526470	12.816400	18.904100	8.594570	2.136042	-9999	0.000000	-9999	-9999	-9999	-9999
10	19	8.449427	12.545600	16.946400	9.486020	1.538132	-9999	0.000000	-9999	-9999	-9999	-9999
10	20	3.244164	11.548100	16.178600	6.368190	1.382027	-9999	7.577410	-9999	-9999	-9999	-9999
10	21	2.550079	5.961190	9.255200	2.158600	0.764001	-9999	10.851100	-9999	-9999	-9999	-9999
10	22	4.895916	5.514170	9.361890	2.161500	1.122067	-9999	2.642120	-9999	-9999	-9999	-9999
10	23	6.433560	6.441790	11.611100	2.554010	1.393400	-9999	0.640256	-9999	-9999	-9999	-9999
10	24	7.380435	5.640120	9.931230	1.934050	1.573930	-9999	0.156369	-9999	-9999	-9999	-9999
10	25	6.146435	9.482650	12.886200	2.892790	1.402697	-9999	0.030973	-9999	-9999	-9999	-9999
10	26	3.620169	14.524600	17.033500	9.660060	2.290725	-9999	31.887300	-9999	-9999	-9999	-9999
10	27	5.552695	13.098600	18.189500	6.137540	1.958365	-9999	34.181500	-9999	-9999	-9999	-9999
10	28	2.332783	8.270670	10.584600	6.015960	1.353303	-9999	1.661050	-9999	-9999	-9999	-9999
10	29	6.657889	7.327190	12.454600	3.845430	1.506179	-9999	0.282777	-9999	-9999	-9999	-9999
10	30	1.459806	7.749430	9.952620	4.153690	0.900255	-9999	4.055650	-9999	-9999	-9999	-9999
10	31	2.606265	5.456770	8.549060	2.846370	1.123946	-9999	1.560500	-9999	-9999	-9999	-9999
11	1	4.191048	6.675600	9.549980	2.623480	1.451859	-9999	1.603410	-9999	-9999	-9999	-9999
11	2	1.747457	5.649960	9.219960	2.498270	0.644858	-9999	4.142570	-9999	-9999	-9999	-9999
11	3	5.799868	3.584530	7.714560	1.429820	1.464971	-9999	0.079823	-9999	-9999	-9999	-9999
11	4	5.977350	4.680050	9.485950	1.273200	1.421223	-9999	0.016262	-9999	-9999	-9999	-9999
11	5	2.494394	3.175020	6.207810	1.408610	0.683019	-9999	6.155110	-9999	-9999	-9999	-9999
11	6	4.528120	4.701080	7.844930	1.559940	0.901612	-9999	7.086660	-9999	-9999	-9999	-9999
11	7	3.466757	0.414703	4.055040	-3.330470	0.629509	-9999	11.908000	-9999	-9999	-9999	-9999
11	8	2.785346	0.307373	1.946370	-2.625270	0.530168	-9999	16.537700	-9999	-9999	-9999	-9999
11	9	4.172930	0.922699	4.532640	-2.236990	0.404683	-9999	4.640580	-9999	-9999	-9999	-9999
11	10	2.955260	0.573059	3.639580	-2.857170	0.290223	-9999	2.237950	-9999	-9999	-9999	-9999
11	11	1.662457	-0.172913	2.742180	-4.026050	0.382304	-9999	1.732180	-9999	-9999	-9999	-9999
11	12	5.093980	-0.011047	4.073290	-5.021510	0.793869	-9999	0.014429	-9999	-9999	-9999	-9999
11	13	2.739044	-0.276245	4.062580	-5.013850	0.411232	-9999	12.313800	-9999	-9999	-9999	-9999
11	14	4.313563	-0.898621	4.058680	-5.284840	0.892084	-9999	0.213966	-9999	-9999	-9999	-9999
11	15	4.882619	0.259888	5.795160	-3.682520	1.316176	-9999	0.047090	-9999	-9999	-9999	-9999
11	16	4.791537	-0.496674	5.064500	-3.928120	0.741947	-9999	0.000000	-9999	-9999	-9999	-9999
11	17	4.614771	1.889710	4.791400	-2.201100	0.568026	-9999	0.000459	-9999	-9999	-9999	-9999
11	18	3.141513	3.992650	5.537370	2.172520	0.509812	-9999	5.867140	-9999	-9999	-9999	-9999
11	19	3.484417	2.180210	4.892170	0.048744	0.677024	-9999	0.030562	-9999	-9999	-9999	-9999
11	20	4.559846	1.997920	5.581440	-0.306389	1.240721	-9999	0.000000	-9999	-9999	-9999	-9999
11	21	2.371067	4.530400	6.389240	0.051429	0.656515	-9999	7.636210	-9999	-9999	-9999	-9999
11	22	3.024156	5.851440	9.131220	3.115520	0.803228	-9999	0.457806	-9999	-9999	-9999	-9999
11	23	1.258485	2.978640	5.314260	1.597940	0.157084	-9999	10.246200	-9999	-9999	-9999	-9999
11	24	1.634438	2.421020	4.008140	1.027560	0.358498	-9999	2.645180	-9999	-9999	-9999	-9999
11	25	2.560429	0.626953	2.849360	-1.137500	0.647364	-9999	2.918190	-9999	-9999	-9999	-9999
11	26	2.622335	-0.922791	2.412400	-3.977810	0.454978	-9999	3.019660	-9999	-9999	-9999	-9999
11	27	4.012667	-1.879060	3.920310	-6.925220	1.044407	-9999	0.000035	-9999	-9999	-9999	-9999
11	28	3.109821	-1.332760	2.422600	-3.488850	0.706590	-9999	4.175120	-9999	-9999	-9999	-9999
11	29	2.338260	-7.209350	-1.662640	-11.348700	0.433104	-9999	1.241080	-9999	-9999	-9999	-9999
11	30	2.851416	-2.860080	1.014330	-11.981000	0.385520	-9999	8.242580	-9999	-9999	-9999	-9999
12	1	2.685822	-1.963690	1.521760	-4.795570	0.366944	-9999	2.016430	-9999	-9999	-9999	-9999
12	2	3.690403	-3.488960	1.849700	-6.127540	0.763935	-9999	0.000011	-9999	-9999	-9999	-9999
12	3	3.720807	-2.172280	4.163300	-5.915590	2.220480	-9999	0.000000	-9999	-9999	-9999	-9999
12	4	3.318520	-1.673040	2.864690	-5.499150	1.220498	-9999	0.000000	-9999	-9999	-9999	-9999
12	5	3.117994	-1.784090	2.465880	-5.243810	0.534876	-9999	1.865950	-9999	-9999	-9999	-9999
12	6	2.684578	-7.064030	-3.880310	-9.033910	0.395174	-9999	0.895303	-9999	-9999	-9999	-9999
12	7	2.602860	-10.618200	-7.660830	-13.464200	0.389356	-9999	3.174300	-9999	-9999	-9999	-9999
12	8	2.962725	-9.041330	-4.610440	-14.030400	0.685512	-9999	0.134307	-9999	-9999	-9999	-9999
12	9	3.510769	-1.944980	3.365390	-7.762000	2.925889	-9999	0.000000	-9999	-9999	-9999	-9999
12	10	3.415280	2.113520	5.696500	-1.679110	2.705532	-9999	0.000000	-9999	-9999	-9999	-9999
12	11	3.274932	2.863580	4.877530	-0.146154	1.665557	-9999	0.000000	-9999	-9999	-9999	-9999
12	12	2.061927	2.946770	5.061040	1.305200	0.621626	-9999	1.309090	-9999	-9999	-9999	-9999
12	13	3.120310	2.751090	4.372380	0.205684	0.427956	-9999	0.007833	-9999	-9999	-9999	-9999
12	14	0.729149	1.593840	4.612790	-0.373662	0.261760	-9999	0.185657	-9999	-9999	-9999	-9999
12	15	3.344656	2.079160	4.464630	-1.684700	1.089990	-9999	0.000001	-9999	-9999	-9999	-9999
12	16	3.477937	2.952300	4.969450	1.079770	1.919778	-9999	0.000000	-9999	-9999	-9999	-9999
12	17	3.475682	2.409080	4.540310	1.195310	1.576717	-9999	2.313580	-9999	-9999	-9999	-9999
12	18	1.304821	-0.330205	2.562740	-2.969520	0.274329	-9999	4.459310	-9999	-9999	-9999	-9999
12	19	2.042366	-1.469850	0.411194	-2.995180	0.328366	-9999	10.900000	-9999	-9999	-9999	-9999
12	20	1.821156	-4.085030	0.469971	-7.862070	0.466178	-9999	2.836400	-9999	-9999	-9999	-9999
12	21	3.077188	-2.251290	2.058470	-7.923250	0.826663	-9999	0.000000	-9999	-9999	-9999	-9999
12	22	3.212015	-1.333350	3.034610	-3.380350	0.660086	-9999	0.000000	-9999	-9999	-9999	-9999
12	23	1.662129	-4.894170	0.537750	-12.497000	0.434927	-9999	0.802630	-9999	-9999	-9999	-9999
12	24	3.378413	-11.544600	-8.247830	-14.340800	0.696828	-9999	0.000000	-9999	-9999	-9999	-9999
12	25	3.463793	-6.881470	-3.479490	-12.060300	1.042405	-9999	0.000000	-9999	-9999	-9999	-9999
12	26	3.400575	-2.103030	2.702940	-6.304140	1.698975	-9999	0.000000	-9999	-9999	-9999	-9999
12	27	3.455525	-2.373170	3.147580	-5.622720	2.270121	-9999	0.000000	-9999	-9999	-9999	-9999
12	28	3.478645	-2.186130	4.012700	-5.767980	2.659223	-9999	0.000000	-9999	-9999	-9999	-9999
12	29	3.413215	-1.688760	3.912110	-5.199590	3.263182	-9999	0.000000	-9999	-9999	-9999	-9999
12	30	3.460899	-2.253060	4.706210	-5.162880	2.121357	-9999	0.000000	-9999	-9999	-9999	-9999
12	31	3.370101	-2.732980	2.369450	-5.297550	2.249406	-9999	0.000000	-9999	-9999	-9999	-9999
