Month	n_days	Rg_f	Ta_f	Tmax	Tmin	VPD_f	Ts_f	Precip	SWC	LAI	ET	LITTERFALL
1	1	2.188158	4.724480	6.618100	3.149960	1.189810	-9999	0.809711	-9999	-9999	-9999	-9999
1	2	2.523018	4.743860	6.364530	3.572010	0.955951	-9999	0.180260	-9999	-9999	-9999	-9999
1	3	3.410787	6.143980	7.712460	3.700620	0.987639	-9999	0.022916	-9999	-9999	-9999	-9999
1	4	1.216892	3.866450	9.274660	1.806480	0.781165	-9999	5.725600	-9999	-9999	-9999	-9999
1	5	2.512892	1.960870	3.787780	0.383232	0.459454	-9999	3.471480	-9999	-9999	-9999	-9999
1	6	1.509805	-2.158570	2.308590	-6.314980	0.457852	-9999	6.893620	-9999	-9999	-9999	-9999
1	7	2.660835	-5.244360	-2.365720	-8.113110	0.862846	-9999	0.545049	-9999	-9999	-9999	-9999
1	8	2.939665	0.973536	4.446620	-4.935190	1.099215	-9999	1.398790	-9999	-9999	-9999	-9999
1	9	1.847362	1.511100	3.984620	-1.536870	0.251011	-9999	9.429090	-9999	-9999	-9999	-9999
1	10	2.425862	1.423430	3.681460	-1.844580	0.326701	-9999	7.201160	-9999	-9999	-9999	-9999
1	11	3.030878	2.549740	5.035060	0.486077	0.594927	-9999	1.339720	-9999	-9999	-9999	-9999
1	12	2.543944	2.264190	4.716830	0.162987	1.049311	-9999	0.001471	-9999	-9999	-9999	-9999
1	13	2.652998	2.557250	4.511600	0.413780	0.554386	-9999	0.002616	-9999	-9999	-9999	-9999
1	14	1.381787	0.626094	4.591890	-2.120090	0.201609	-9999	2.558990	-9999	-9999	-9999	-9999
1	15	2.771315	-7.105630	-0.192841	-11.431300	0.413058	-9999	2.375720	-9999	-9999	-9999	-9999
1	16	4.145705	-8.259590	-0.345978	-13.354200	0.602068	-9999	0.003011	-9999	-9999	-9999	-9999
1	17	2.955839	-2.502320	3.382480	-10.043100	0.787060	-9999	0.684599	-9999	-9999	-9999	-9999
1	18	4.199748	-1.238070	4.442500	-4.447970	1.290625	-9999	0.000000	-9999	-9999	-9999	-9999
1	19	2.939656	-1.089970	2.938570	-6.372020	0.607276	-9999	1.045890	-9999	-9999	-9999	-9999
1	20	3.043907	-1.412390	1.359410	-3.866770	0.495913	-9999	1.514920	-9999	-9999	-9999	-9999
1	21	3.197465	1.052060	4.636380	-3.048260	0.374013	-9999	0.209083	-9999	-9999	-9999	-9999
1	22	2.044509	-1.518070	1.185580	-3.518290	0.289455	-9999	2.315450	-9999	-9999	-9999	-9999
1	23	2.699413	-1.106390	1.771940	-4.170330	0.421489	-9999	0.724377	-9999	-9999	-9999	-9999
1	24	3.196403	2.319940	4.735170	-1.603680	0.588341	-9999	0.643979	-9999	-9999	-9999	-9999
1	25	4.603539	2.607970	5.192660	-0.243202	0.882986	-9999	0.000623	-9999	-9999	-9999	-9999
1	26	3.693928	3.513670	5.516690	2.200340	0.544151	-9999	0.000018	-9999	-9999	-9999	-9999
1	27	3.005614	5.392420	8.749570	2.321500	0.636582	-9999	2.608200	-9999	-9999	-9999	-9999
1	28	2.990347	7.203940	10.264500	4.562310	1.176784	-9999	6.984160	-9999	-9999	-9999	-9999
1	29	3.676666	4.673850	9.504330	1.161090	0.598509	-9999	0.438640	-9999	-9999	-9999	-9999
1	30	2.326138	0.785090	3.090580	-0.578499	0.447205	-9999	4.367360	-9999	-9999	-9999	-9999
1	31	5.493640	1.811120	4.468840	-0.682625	0.923911	-9999	0.101630	-9999	-9999	-9999	-9999
2	1	3.606829	2.212360	5.581450	-0.636870	0.950355	-9999	1.837050	-9999	-9999	-9999	-9999
2	2	2.541102	4.419910	8.533750	0.066865	0.814962	-9999	2.532590	-9999	-9999	-9999	-9999
2	3	3.556993	7.041070	11.253000	3.511140	0.993934	-9999	3.883140	-9999	-9999	-9999	-9999
2	4	5.544547	7.528740	12.449500	4.356480	2.063312	-9999	2.405740	-9999	-9999	-9999	-9999
2	5	4.128054	8.106740	12.125700	3.404080	2.196369	-9999	0.112841	-9999	-9999	-9999	-9999
2	6	6.054964	9.828790	15.176000	5.724700	2.722483	-9999	0.000000	-9999	-9999	-9999	-9999
2	7	6.244621	10.171600	15.261800	6.508910	4.513235	-9999	0.000000	-9999	-9999	-9999	-9999
2	8	6.528626	7.026790	13.185700	3.315060	2.516427	-9999	0.000000	-9999	-9999	-9999	-9999
2	9	3.270663	2.874840	7.501920	-1.548370	0.790837	-9999	5.073740	-9999	-9999	-9999	-9999
2	10	3.674073	-1.916240	2.603810	-4.604520	1.091310	-9999	1.985080	-9999	-9999	-9999	-9999
2	11	4.428855	-0.732551	2.846730	-4.507690	1.032571	-9999	1.059540	-9999	-9999	-9999	-9999
2	12	4.571986	-1.560430	2.280420	-4.657260	0.694528	-9999	5.301310	-9999	-9999	-9999	-9999
2	13	2.199571	-5.559880	-2.342080	-7.482150	0.387495	-9999	5.552600	-9999	-9999	-9999	-9999
2	14	4.483624	-3.524210	0.387994	-8.390930	0.504445	-9999	4.066590	-9999	-9999	-9999	-9999
2	15	4.353247	-1.503910	3.163810	-5.411190	0.362111	-9999	4.764610	-9999	-9999	-9999	-9999
2	16	4.457540	-8.545170	-3.092410	-12.888900	0.394579	-9999	2.278170	-9999	-9999	-9999	-9999
2	17	6.735597	-9.196630	-3.864570	-14.528200	0.598905	-9999	0.077402	-9999	-9999	-9999	-9999
2	18	7.383830	-3.287150	3.667290	-9.711460	0.849698	-9999	0.000000	-9999	-9999	-9999	-9999
2	19	6.122624	-0.714546	3.521600	-5.920040	0.570933	-9999	1.645260	-9999	-9999	-9999	-9999
2	20	2.897839	-2.611460	0.453912	-5.525240	0.350022	-9999	9.856750	-9999	-9999	-9999	-9999
2	21	5.839474	-4.152900	-0.860236	-7.844880	0.544124	-9999	0.724260	-9999	-9999	-9999	-9999
2	22	5.263324	2.512720	5.857840	-4.110620	0.757247	-9999	4.326310	-9999	-9999	-9999	-9999
2	23	5.973860	1.204700	4.738430	-1.578370	0.881370	-9999	2.704630	-9999	-9999	-9999	-9999
2	24	8.593914	2.839350	6.681240	-1.233180	1.498629	-9999	0.000000	-9999	-9999	-9999	-9999
2	25	7.856119	5.396970	10.578900	1.553040	1.910028	-9999	0.000005	-9999	-9999	-9999	-9999
2	26	5.832095	6.234030	10.697400	2.466680	1.243730	-9999	0.245901	-9999	-9999	-9999	-9999
2	27	9.260352	6.702930	12.193200	2.238500	1.220541	-9999	0.278412	-9999	-9999	-9999	-9999
2	28	9.196070	3.342890	8.706050	0.783845	1.294531	-9999	3.874460	-9999	-9999	-9999	-9999
3	1	5.160041	3.153840	6.432030	0.511240	0.763890	-9999	13.345600	-9999	-9999	-9999	-9999
3	2	5.669914	3.103640	5.618610	-0.808828	0.884083	-9999	7.975150	-9999	-9999	-9999	-9999
3	3	4.703443	1.991120	6.016170	-1.755610	1.232897	-9999	5.166230	-9999	-9999	-9999	-9999
3	4	5.331675	0.556003	5.605190	-2.659050	1.047098	-9999	1.950160	-9999	-9999	-9999	-9999
3	5	4.513216	0.036289	3.013240	-3.299580	0.557892	-9999	15.696000	-9999	-9999	-9999	-9999
3	6	2.849904	-1.755400	1.372580	-5.856950	0.380296	-9999	16.182900	-9999	-9999	-9999	-9999
3	7	6.118503	-4.711850	-1.255590	-9.009820	0.495003	-9999	3.919550	-9999	-9999	-9999	-9999
3	8	6.352646	-5.192380	-2.396890	-7.330340	0.477887	-9999	4.482860	-9999	-9999	-9999	-9999
3	9	9.161078	-3.222130	1.668450	-7.285480	0.537044	-9999	0.770517	-9999	-9999	-9999	-9999
3	10	7.905367	0.176243	4.197780	-5.822740	0.481591	-9999	8.813450	-9999	-9999	-9999	-9999
3	11	7.557943	-1.065980	2.874320	-4.648400	0.480471	-9999	2.333160	-9999	-9999	-9999	-9999
3	12	11.500877	-2.633210	3.465900	-7.754420	0.883420	-9999	0.107023	-9999	-9999	-9999	-9999
3	13	11.750313	0.959446	5.717430	-4.222280	2.722426	-9999	0.000000	-9999	-9999	-9999	-9999
3	14	11.819951	3.358400	7.955800	-1.575550	2.055445	-9999	0.000000	-9999	-9999	-9999	-9999
3	15	8.943091	4.484650	8.271200	2.047280	1.016161	-9999	0.103656	-9999	-9999	-9999	-9999
3	16	6.652118	5.136390	9.692130	2.746470	0.798382	-9999	6.293520	-9999	-9999	-9999	-9999
3	17	2.671765	2.439550	5.213130	0.679331	0.748736	-9999	3.721500	-9999	-9999	-9999	-9999
3	18	7.294657	3.066500	6.408680	0.282572	1.701873	-9999	0.521381	-9999	-9999	-9999	-9999
3	19	13.335841	7.497440	13.298900	1.612920	4.669531	-9999	0.000000	-9999	-9999	-9999	-9999
3	20	13.261536	11.273800	17.859600	4.737250	4.908082	-9999	0.000000	-9999	-9999	-9999	-9999
3	21	13.489978	13.349600	21.213700	9.248150	5.009959	-9999	0.000000	-9999	-9999	-9999	-9999
3	22	12.272688	11.624900	18.466600	7.531260	2.998274	-9999	2.669670	-9999	-9999	-9999	-9999
3	23	13.673578	5.651710	10.619700	2.378030	2.285995	-9999	1.933510	-9999	-9999	-9999	-9999
3	24	14.469321	6.058630	13.931100	1.540410	2.621261	-9999	0.000000	-9999	-9999	-9999	-9999
3	25	14.553821	6.196600	13.740100	1.082470	2.887244	-9999	0.000000	-9999	-9999	-9999	-9999
3	26	14.560819	9.557410	16.702700	3.785010	3.182897	-9999	0.000000	-9999	-9999	-9999	-9999
3	27	3.703579	4.055150	9.653130	1.560770	0.978893	-9999	10.080200	-9999	-9999	-9999	-9999
3	28	9.798883	3.097080	5.976770	0.669962	1.379119	-9999	0.230868	-9999	-9999	-9999	-9999
3	29	14.512781	4.064820	8.979760	0.678354	1.946423	-9999	0.021101	-9999	-9999	-9999	-9999
3	30	15.608159	6.518220	14.589200	0.692698	3.491422	-9999	0.000000	-9999	-9999	-9999	-9999
3	31	15.535411	7.579500	15.693700	2.489390	2.817688	-9999	0.000000	-9999	-9999	-9999	-9999
4	1	15.785367	6.440410	14.765200	1.226610	2.625551	-9999	0.000000	-9999	-9999	-9999	-9999
4	2	16.271107	7.837110	16.786000	1.429980	3.523393	-9999	0.000000	-9999	-9999	-9999	-9999
4	3	6.120835	8.576360	13.539500	4.001880	1.526510	-9999	0.007483	-9999	-9999	-9999	-9999
4	4	9.204537	6.380990	11.441500	1.823660	1.752137	-9999	0.154195	-9999	-9999	-9999	-9999
4	5	9.139478	5.042370	9.322330	1.595240	1.679740	-9999	0.188370	-9999	-9999	-9999	-9999
4	6	14.151975	6.215650	13.267300	1.353080	2.007609	-9999	0.000000	-9999	-9999	-9999	-9999
4	7	16.678915	9.020520	17.316800	1.514550	3.403867	-9999	0.000000	-9999	-9999	-9999	-9999
4	8	16.984858	12.221600	20.033400	4.839010	4.470014	-9999	0.000000	-9999	-9999	-9999	-9999
4	9	16.281302	9.060130	15.601900	2.963770	3.360044	-9999	0.000000	-9999	-9999	-9999	-9999
4	10	17.272915	10.436800	18.855500	1.918480	5.049671	-9999	0.000000	-9999	-9999	-9999	-9999
4	11	17.325359	12.989500	21.218500	5.319750	5.708759	-9999	0.448055	-9999	-9999	-9999	-9999
4	12	4.875085	6.133860	11.759500	2.469110	0.952370	-9999	20.697900	-9999	-9999	-9999	-9999
4	13	15.907709	5.675580	10.551600	1.045550	1.583907	-9999	0.000000	-9999	-9999	-9999	-9999
4	14	16.617571	7.421270	14.219100	2.325490	2.274108	-9999	0.000000	-9999	-9999	-9999	-9999
4	15	18.092852	10.347900	18.934300	3.471300	3.604599	-9999	0.000000	-9999	-9999	-9999	-9999
4	16	6.490022	5.414070	9.545990	1.173910	0.805694	-9999	4.846660	-9999	-9999	-9999	-9999
4	17	5.836069	5.238440	8.096190	1.165640	0.676913	-9999	6.594610	-9999	-9999	-9999	-9999
4	18	6.649543	4.419990	8.151920	1.263020	0.986765	-9999	14.584400	-9999	-9999	-9999	-9999
4	19	8.765280	3.257000	6.929480	0.801901	1.681416	-9999	0.745304	-9999	-9999	-9999	-9999
4	20	11.251872	3.964640	8.656010	0.595022	1.843058	-9999	0.046004	-9999	-9999	-9999	-9999
4	21	19.284394	8.384410	15.621200	0.705892	3.149636	-9999	0.000000	-9999	-9999	-9999	-9999
4	22	13.105756	11.463100	18.078700	5.472590	2.732290	-9999	12.375500	-9999	-9999	-9999	-9999
4	23	10.797063	10.418700	14.695800	7.219690	1.688405	-9999	5.635930	-9999	-9999	-9999	-9999
4	24	5.473362	8.778820	11.938600	5.861560	1.103299	-9999	9.274040	-9999	-9999	-9999	-9999
4	25	16.237584	11.017600	15.956800	5.653220	2.074711	-9999	0.182160	-9999	-9999	-9999	-9999
4	26	2.763219	9.691480	12.970900	7.072620	0.488552	-9999	19.210500	-9999	-9999	-9999	-9999
4	27	4.142448	8.230540	10.393600	5.999650	0.822479	-9999	9.364020	-9999	-9999	-9999	-9999
4	28	11.347603	7.236580	10.497100	4.228930	1.807488	-9999	0.008994	-9999	-9999	-9999	-9999
4	29	12.122611	5.859660	9.603940	2.808220	1.858247	-9999	0.011145	-9999	-9999	-9999	-9999
4	30	19.950019	8.236580	14.817000	1.936610	2.072985	-9999	0.000000	-9999	-9999	-9999	-9999
5	1	19.294244	11.150500	19.172300	3.947730	3.038916	-9999	0.000000	-9999	-9999	-9999	-9999
5	2	13.096512	10.869500	16.951900	6.186770	1.584466	-9999	2.444170	-9999	-9999	-9999	-9999
5	3	6.154566	7.793570	10.921600	5.299540	0.976119	-9999	7.495620	-9999	-9999	-9999	-9999
5	4	10.136621	9.306970	13.094400	5.303960	1.673626	-9999	4.460440	-9999	-9999	-9999	-9999
5	5	11.467268	9.184810	12.641600	6.089150	1.808610	-9999	0.471663	-9999	-9999	-9999	-9999
5	6	5.661991	7.848440	10.620700	5.610080	0.872468	-9999	9.483390	-9999	-9999	-9999	-9999
5	7	3.676398	7.545340	9.284560	5.681250	0.698781	-9999	38.033900	-9999	-9999	-9999	-9999
5	8	0.543739	7.471830	9.129040	5.827860	0.236819	-9999	7.375420	-9999	-9999	-9999	-9999
5	9	2.176528	9.175470	12.169000	5.827740	0.552142	-9999	8.144510	-9999	-9999	-9999	-9999
5	10	17.813175	13.135900	19.057700	7.987190	1.891283	-9999	1.585300	-9999	-9999	-9999	-9999
5	11	21.689252	14.714400	20.810800	8.144810	2.541987	-9999	0.000000	-9999	-9999	-9999	-9999
5	12	14.443661	16.378100	22.039200	9.709540	3.256170	-9999	1.771720	-9999	-9999	-9999	-9999
5	13	7.735625	15.272300	19.559300	11.097400	1.397296	-9999	10.798100	-9999	-9999	-9999	-9999
5	14	1.084225	13.556800	15.365700	11.983700	0.324441	-9999	15.585000	-9999	-9999	-9999	-9999
5	15	1.356126	12.957000	14.892900	11.308800	0.416864	-9999	14.748400	-9999	-9999	-9999	-9999
5	16	0.863703	11.984500	13.616900	10.435700	0.252007	-9999	10.446700	-9999	-9999	-9999	-9999
5	17	11.493792	13.864300	18.668600	9.615430	2.168999	-9999	2.720420	-9999	-9999	-9999	-9999
5	18	22.727002	13.321100	19.111400	7.858680	2.708111	-9999	0.000000	-9999	-9999	-9999	-9999
5	19	22.284806	15.146800	22.328600	7.815250	4.229235	-9999	0.000000	-9999	-9999	-9999	-9999
5	20	12.546490	16.025300	20.264000	9.799320	2.476459	-9999	3.087720	-9999	-9999	-9999	-9999
5	21	9.369475	15.435000	20.052000	12.037000	1.623103	-9999	5.370730	-9999	-9999	-9999	-9999
5	22	10.131437	14.517600	18.974100	9.526470	2.601144	-9999	8.445410	-9999	-9999	-9999	-9999
5	23	15.783293	9.819510	13.314300	7.637760	2.157042	-9999	4.360910	-9999	-9999	-9999	-9999
5	24	22.402224	12.932800	18.255200	7.029120	2.399417	-9999	0.040898	-9999	-9999	-9999	-9999
5	25	16.285104	17.822900	24.301900	9.629190	4.109458	-9999	0.000000	-9999	-9999	-9999	-9999
5	26	20.828016	18.454000	25.486400	11.994300	4.618174	-9999	0.000000	-9999	-9999	-9999	-9999
5	27	22.558867	16.267300	21.258700	11.611900	4.962773	-9999	0.484277	-9999	-9999	-9999	-9999
5	28	7.303660	11.582100	15.416600	8.213110	2.105424	-9999	2.612980	-9999	-9999	-9999	-9999
5	29	14.700528	10.042800	14.549500	6.257540	2.734477	-9999	0.178538	-9999	-9999	-9999	-9999
5	30	6.826464	11.454500	13.952400	6.382360	1.628119	-9999	1.412810	-9999	-9999	-9999	-9999
5	31	4.040211	13.810300	17.675700	9.877360	1.001727	-9999	2.153740	-9999	-9999	-9999	-9999
6	1	10.180599	13.430800	17.373500	10.174200	1.912354	-9999	1.443890	-9999	-9999	-9999	-9999
6	2	12.642134	11.346800	15.674700	7.940680	2.399321	-9999	0.013682	-9999	-9999	-9999	-9999
6	3	9.875088	10.198300	13.806100	6.622870	1.314343	-9999	14.638100	-9999	-9999	-9999	-9999
6	4	8.053940	8.983740	11.925100	7.136630	1.371937	-9999	13.223300	-9999	-9999	-9999	-9999
6	5	4.082150	8.583530	10.882500	6.372350	1.040779	-9999	8.071330	-9999	-9999	-9999	-9999
6	6	1.325566	9.159280	10.687900	7.295440	0.340703	-9999	26.349600	-9999	-9999	-9999	-9999
6	7	3.185024	10.843400	13.250600	8.114570	0.739932	-9999	3.383880	-9999	-9999	-9999	-9999
6	8	11.093328	13.774500	17.621900	9.921760	1.818047	-9999	2.867720	-9999	-9999	-9999	-9999
6	9	16.457041	16.231900	20.406100	10.472800	2.851024	-9999	1.607970	-9999	-9999	-9999	-9999
6	10	17.646336	17.971800	23.551000	12.115400	3.773068	-9999	0.194693	-9999	-9999	-9999	-9999
6	11	22.418899	19.559900	25.786500	14.015800	4.535892	-9999	0.130259	-9999	-9999	-9999	-9999
6	12	14.781571	19.926700	24.684700	14.543400	3.688306	-9999	3.110440	-9999	-9999	-9999	-9999
6	13	15.534461	18.155900	22.082200	14.549000	1.887750	-9999	5.603780	-9999	-9999	-9999	-9999
6	14	6.784370	17.790700	21.454700	15.189300	1.441439	-9999	8.406100	-9999	-9999	-9999	-9999
6	15	12.992227	17.921600	21.362200	14.960100	1.890115	-9999	6.838760	-9999	-9999	-9999	-9999
6	16	4.438904	17.041300	20.317100	15.237600	0.823757	-9999	3.271890	-9999	-9999	-9999	-9999
6	17	13.307069	16.706900	20.866800	13.089800	2.311651	-9999	0.005498	-9999	-9999	-9999	-9999
6	18	24.073891	17.701000	23.276400	12.811600	4.124018	-9999	0.000000	-9999	-9999	-9999	-9999
6	19	22.393584	17.001900	22.353800	12.413500	3.414122	-9999	0.000000	-9999	-9999	-9999	-9999
6	20	18.064252	17.211200	21.942800	12.610800	2.626785	-9999	4.798110	-9999	-9999	-9999	-9999
6	21	11.780294	16.205400	20.230000	12.573000	2.271973	-9999	2.156620	-9999	-9999	-9999	-9999
6	22	21.123849	17.222200	23.268000	12.183000	3.111258	-9999	2.032140	-9999	-9999	-9999	-9999
6	23	23.117097	18.709300	24.883400	12.934900	4.492984	-9999	0.000000	-9999	-9999	-9999	-9999
6	24	18.528394	20.962700	26.926200	14.481500	4.587027	-9999	0.266872	-9999	-9999	-9999	-9999
6	25	20.888323	21.902800	28.450500	16.203700	4.840406	-9999	0.950890	-9999	-9999	-9999	-9999
6	26	15.643411	21.706900	31.462700	16.586300	5.215555	-9999	21.300200	-9999	-9999	-9999	-9999
6	27	7.517915	17.853500	21.280900	15.696900	1.443755	-9999	8.279010	-9999	-9999	-9999	-9999
6	28	18.928252	18.585700	23.529800	14.342800	3.582970	-9999	0.111096	-9999	-9999	-9999	-9999
6	29	21.662208	19.075500	25.215400	14.055400	4.955253	-9999	0.075267	-9999	-9999	-9999	-9999
6	30	15.228518	18.126000	24.852300	14.291800	3.697236	-9999	5.875420	-9999	-9999	-9999	-9999
7	1	7.530158	15.152500	18.682000	12.297200	2.297885	-9999	0.043329	-9999	-9999	-9999	-9999
7	2	13.382496	15.089100	19.254700	11.222300	2.695369	-9999	2.299780	-9999	-9999	-9999	-9999
7	3	9.098266	12.851800	16.197800	10.218200	2.832040	-9999	1.563650	-9999	-9999	-9999	-9999
7	4	14.151888	13.112300	18.597200	8.978970	2.925915	-9999	0.014352	-9999	-9999	-9999	-9999
7	5	22.263551	15.814800	21.351500	8.457310	5.205621	-9999	0.000000	-9999	-9999	-9999	-9999
7	6	23.754903	17.931500	25.486400	11.074100	6.081044	-9999	0.000000	-9999	-9999	-9999	-9999
7	7	23.711442	20.299700	28.820300	11.987500	7.941755	-9999	0.000000	-9999	-9999	-9999	-9999
7	8	22.589972	22.796200	30.432200	15.136500	10.879079	-9999	0.000000	-9999	-9999	-9999	-9999
7	9	22.456396	23.333400	33.228300	17.235600	8.474769	-9999	14.688700	-9999	-9999	-9999	-9999
7	10	3.703078	18.012600	20.306500	16.445300	1.524658	-9999	0.000000	-9999	-9999	-9999	-9999
7	11	8.882870	17.309600	20.637700	14.426400	2.209432	-9999	11.894700	-9999	-9999	-9999	-9999
7	12	19.456934	18.010100	23.415700	13.183600	4.284647	-9999	0.000000	-9999	-9999	-9999	-9999
7	13	21.132576	18.281800	23.920900	14.172100	5.249040	-9999	0.000000	-9999	-9999	-9999	-9999
7	14	23.273742	21.225800	29.271200	14.014200	10.315243	-9999	0.000000	-9999	-9999	-9999	-9999
7	15	23.294564	21.713000	29.895200	15.196400	10.008439	-9999	0.000000	-9999	-9999	-9999	-9999
7	16	21.498394	22.350000	29.327000	14.937100	9.525930	-9999	0.000000	-9999	-9999	-9999	-9999
7	17	20.582899	22.957800	30.308700	16.878100	9.454038	-9999	0.000000	-9999	-9999	-9999	-9999
7	18	16.095802	21.735800	27.227700	15.462000	5.052306	-9999	10.117600	-9999	-9999	-9999	-9999
7	19	3.746175	18.776400	21.086300	17.116500	0.870377	-9999	34.117100	-9999	-9999	-9999	-9999
7	20	14.059094	20.715700	25.172300	17.273600	2.548768	-9999	0.181324	-9999	-9999	-9999	-9999
7	21	13.418698	22.108600	27.471000	16.747400	3.627108	-9999	1.351590	-9999	-9999	-9999	-9999
7	22	2.492139	14.283900	20.081200	12.004200	2.067911	-9999	1.414180	-9999	-9999	-9999	-9999
7	23	14.527469	13.667600	17.654300	10.686200	2.724985	-9999	0.400735	-9999	-9999	-9999	-9999
7	24	18.984586	15.048400	20.149700	10.225200	3.556546	-9999	0.000000	-9999	-9999	-9999	-9999
7	25	12.097383	16.487200	20.256700	10.784300	2.581380	-9999	4.252910	-9999	-9999	-9999	-9999
7	26	3.334418	15.942900	18.127000	13.688400	1.105717	-9999	15.132800	-9999	-9999	-9999	-9999
7	27	4.368194	15.409400	19.116700	13.344700	0.996072	-9999	27.795100	-9999	-9999	-9999	-9999
7	28	8.563001	14.163300	17.739800	10.592400	2.051593	-9999	10.496500	-9999	-9999	-9999	-9999
7	29	11.654756	14.196000	17.490100	9.815890	2.022532	-9999	9.330050	-9999	-9999	-9999	-9999
7	30	6.338891	13.282200	16.675100	11.354900	1.493627	-9999	20.760100	-9999	-9999	-9999	-9999
7	31	18.448906	16.039600	20.296200	10.835200	2.839115	-9999	0.000000	-9999	-9999	-9999	-9999
8	1	12.727498	17.871500	22.395600	13.680800	2.341733	-9999	1.045450	-9999	-9999	-9999	-9999
8	2	12.083126	17.731400	21.634700	13.261300	2.960193	-9999	0.000000	-9999	-9999	-9999	-9999
8	3	21.469882	19.689800	26.834000	12.856500	5.760959	-9999	0.000000	-9999	-9999	-9999	-9999
8	4	18.716745	22.281000	28.595300	15.960100	7.257742	-9999	0.000000	-9999	-9999	-9999	-9999
8	5	12.494217	22.920300	27.687700	18.380200	5.992867	-9999	0.000000	-9999	-9999	-9999	-9999
8	6	20.393079	25.221100	33.398200	19.110500	10.748155	-9999	0.000000	-9999	-9999	-9999	-9999
8	7	20.403359	25.786700	34.743000	18.864800	16.660133	-9999	0.000000	-9999	-9999	-9999	-9999
8	8	20.669904	27.073100	35.729500	19.857200	18.606348	-9999	0.000000	-9999	-9999	-9999	-9999
8	9	13.700449	21.362000	27.933500	16.124600	8.081468	-9999	0.000000	-9999	-9999	-9999	-9999
8	10	17.932666	19.439900	25.435000	14.810600	6.530969	-9999	0.000000	-9999	-9999	-9999	-9999
8	11	20.306419	22.529300	30.335100	14.841900	9.322980	-9999	0.000000	-9999	-9999	-9999	-9999
8	12	19.951661	23.238500	30.947300	17.371800	10.324982	-9999	0.000000	-9999	-9999	-9999	-9999
8	13	20.133706	23.577700	31.011900	16.749300	13.496012	-9999	0.000000	-9999	-9999	-9999	-9999
8	14	16.621287	24.833000	32.621200	18.284300	10.083143	-9999	0.165761	-9999	-9999	-9999	-9999
8	15	11.838010	23.422600	27.967900	19.540200	6.592310	-9999	0.416397	-9999	-9999	-9999	-9999
8	16	17.977852	23.588500	30.252800	18.219800	14.827783	-9999	0.000000	-9999	-9999	-9999	-9999
8	17	16.553203	23.537900	30.178900	17.253300	12.073064	-9999	0.065013	-9999	-9999	-9999	-9999
8	18	4.265205	18.846100	22.258300	15.863100	2.434578	-9999	6.124280	-9999	-9999	-9999	-9999
8	19	6.329940	18.219200	25.946500	14.259000	2.846855	-9999	23.908100	-9999	-9999	-9999	-9999
8	20	9.465984	13.634600	17.010000	10.410300	2.089441	-9999	5.632430	-9999	-9999	-9999	-9999
8	21	17.450813	15.315100	20.709200	9.194810	3.416186	-9999	0.019315	-9999	-9999	-9999	-9999
8	22	10.550909	15.178400	19.114400	12.585200	2.314116	-9999	0.430005	-9999	-9999	-9999	-9999
8	23	18.167587	18.246300	25.351600	11.262700	4.719930	-9999	0.000000	-9999	-9999	-9999	-9999
8	24	11.675060	18.082400	23.892600	14.310100	3.462505	-9999	2.361140	-9999	-9999	-9999	-9999
8	25	2.362876	13.800500	16.844100	11.074800	0.957210	-9999	17.915800	-9999	-9999	-9999	-9999
8	26	1.882380	12.843100	14.153600	11.033200	1.056757	-9999	7.764720	-9999	-9999	-9999	-9999
8	27	5.700275	13.103700	14.655000	11.573700	1.495586	-9999	4.905260	-9999	-9999	-9999	-9999
8	28	14.837904	15.961800	21.137300	11.471600	2.633923	-9999	0.000000	-9999	-9999	-9999	-9999
8	29	17.581622	17.654900	24.538800	12.995900	4.285736	-9999	0.000000	-9999	-9999	-9999	-9999
8	30	3.136268	14.154800	18.034100	12.283900	1.163759	-9999	0.109711	-9999	-9999	-9999	-9999
8	31	5.220262	16.052000	20.150400	11.950200	1.426391	-9999	18.486900	-9999	-9999	-9999	-9999
9	1	1.911030	9.845630	13.724100	7.624830	1.239068	-9999	30.057200	-9999	-9999	-9999	-9999
9	2	1.933883	10.284100	11.562900	7.818460	0.825575	-9999	6.544900	-9999	-9999	-9999	-9999
9	3	0.785771	11.145600	12.093100	9.437020	0.754562	-9999	0.259212	-9999	-9999	-9999	-9999
9	4	2.967572	11.901600	15.309100	9.511510	0.836737	-9999	8.235690	-9999	-9999	-9999	-9999
9	5	14.038359	11.896300	16.793700	7.001900	2.217547	-9999	0.000000	-9999	-9999	-9999	-9999
9	6	10.883203	14.849100	19.655800	9.110570	2.832726	-9999	1.490210	-9999	-9999	-9999	-9999
9	7	14.492736	17.509200	23.937600	13.109000	2.975889	-9999	0.249385	-9999	-9999	-9999	-9999
9	8	1.629314	11.418200	17.036100	7.876350	1.447006	-9999	19.401000	-9999	-9999	-9999	-9999
9	9	5.685552	9.131240	11.673900	6.788860	1.656227	-9999	10.820200	-9999	-9999	-9999	-9999
9	10	5.248178	7.938280	10.562900	6.034800	1.085638	-9999	2.864000	-9999	-9999	-9999	-9999
9	11	9.378115	11.330900	15.973200	6.933120	1.882701	-9999	0.557244	-9999	-9999	-9999	-9999
9	12	15.143932	13.806700	20.409100	9.004250	2.588046	-9999	0.000000	-9999	-9999	-9999	-9999
9	13	12.712723	13.784900	20.566700	9.277930	2.573443	-9999	0.000000	-9999	-9999	-9999	-9999
9	14	2.796742	10.172300	13.420700	7.380380	1.245881	-9999	21.814400	-9999	-9999	-9999	-9999
9	15	3.174310	8.375230	9.439460	6.415540	1.384010	-9999	7.550620	-9999	-9999	-9999	-9999
9	16	14.358644	13.161000	20.316900	7.470160	2.789950	-9999	0.000000	-9999	-9999	-9999	-9999
9	17	10.741766	12.425000	18.895000	6.761880	2.302443	-9999	7.093440	-9999	-9999	-9999	-9999
9	18	5.959570	8.984760	12.596200	4.311750	1.953612	-9999	4.581790	-9999	-9999	-9999	-9999
9	19	11.038378	13.090900	17.224100	7.019140	2.912575	-9999	0.000784	-9999	-9999	-9999	-9999
9	20	6.327573	9.559620	13.130700	6.310130	1.742839	-9999	4.893110	-9999	-9999	-9999	-9999
9	21	13.649817	10.278800	15.045200	5.384560	2.257744	-9999	0.000000	-9999	-9999	-9999	-9999
9	22	13.453776	13.488400	19.054300	7.676650	4.167178	-9999	0.000000	-9999	-9999	-9999	-9999
9	23	13.394679	17.101100	23.874300	11.235100	7.272520	-9999	0.000000	-9999	-9999	-9999	-9999
9	24	12.863405	17.401300	23.346200	12.473900	4.970820	-9999	0.000000	-9999	-9999	-9999	-9999
9	25	6.267637	13.686100	20.046600	8.224440	1.781597	-9999	6.810580	-9999	-9999	-9999	-9999
9	26	4.912108	7.764240	11.120300	3.964980	1.323073	-9999	0.050729	-9999	-9999	-9999	-9999
9	27	11.178173	10.373300	16.343800	4.032480	3.059317	-9999	0.000000	-9999	-9999	-9999	-9999
9	28	8.242197	14.721400	20.691300	8.521100	3.464605	-9999	0.000000	-9999	-9999	-9999	-9999
9	29	3.477885	13.668100	15.918900	10.942800	1.705911	-9999	0.027200	-9999	-9999	-9999	-9999
9	30	0.804314	9.556170	13.555000	5.855450	0.884786	-9999	27.728900	-9999	-9999	-9999	-9999
10	1	6.530743	9.494000	13.605500	6.737000	1.560108	-9999	4.355810	-9999	-9999	-9999	-9999
10	2	8.330420	10.109100	18.159100	2.390900	1.688098	-9999	15.768200	-9999	-9999	-9999	-9999
10	3	3.593056	7.234940	10.263700	2.131930	0.715895	-9999	13.442000	-9999	-9999	-9999	-9999
10	4	2.368371	8.094040	10.220400	5.055750	0.862314	-9999	26.648000	-9999	-9999	-9999	-9999
10	5	3.327938	8.375960	10.763200	4.471010	1.012955	-9999	7.704180	-9999	-9999	-9999	-9999
10	6	3.732886	8.058970	11.658600	4.230100	1.013922	-9999	0.753249	-9999	-9999	-9999	-9999
10	7	10.711699	9.470380	15.693300	3.070430	1.299374	-9999	0.000000	-9999	-9999	-9999	-9999
10	8	9.067939	9.460800	15.123300	4.699430	1.518247	-9999	0.000001	-9999	-9999	-9999	-9999
10	9	10.864714	5.422530	11.444500	1.898740	1.571185	-9999	0.000002	-9999	-9999	-9999	-9999
10	10	10.573805	6.425790	12.440900	1.309420	2.388860	-9999	0.000000	-9999	-9999	-9999	-9999
10	11	8.542489	11.100400	16.675800	4.961060	2.145854	-9999	0.012684	-9999	-9999	-9999	-9999
10	12	0.889574	7.393960	11.717000	2.893490	0.315147	-9999	5.602070	-9999	-9999	-9999	-9999
10	13	5.907324	4.954240	9.508560	1.411010	0.743548	-9999	2.619500	-9999	-9999	-9999	-9999
10	14	9.700560	5.505230	11.523600	1.184420	0.957009	-9999	0.000033	-9999	-9999	-9999	-9999
10	15	9.508838	7.183580	13.581500	2.450290	1.809414	-9999	0.000000	-9999	-9999	-9999	-9999
10	16	8.791632	8.819470	14.090500	3.900820	1.471662	-9999	0.000000	-9999	-9999	-9999	-9999
10	17	8.995449	11.157500	17.110800	6.051240	2.027045	-9999	0.000000	-9999	-9999	-9999	-9999
10	18	2.574202	9.474590	12.865200	6.399930	0.664284	-9999	4.079110	-9999	-9999	-9999	-9999
10	19	2.372198	4.084520	9.283310	0.792876	1.073912	-9999	5.062400	-9999	-9999	-9999	-9999
10	20	6.836409	3.861040	7.286510	0.639434	1.440984	-9999	1.161890	-9999	-9999	-9999	-9999
10	21	4.068619	6.112290	9.872940	1.733030	1.264431	-9999	7.833960	-9999	-9999	-9999	-9999
10	22	3.152511	3.893230	6.134050	1.736540	0.906741	-9999	3.838880	-9999	-9999	-9999	-9999
10	23	7.700772	5.079690	8.835010	0.668395	1.682382	-9999	3.719020	-9999	-9999	-9999	-9999
10	24	3.515953	3.816940	6.512470	1.395660	0.996864	-9999	9.668300	-9999	-9999	-9999	-9999
10	25	4.602467	0.751143	4.279310	-1.641820	0.483529	-9999	11.521200	-9999	-9999	-9999	-9999
10	26	3.501420	3.383650	5.115550	-1.318240	0.137576	-9999	17.280900	-9999	-9999	-9999	-9999
10	27	6.211045	5.158670	8.152360	2.194120	0.946890	-9999	1.714280	-9999	-9999	-9999	-9999
10	28	7.272729	10.180100	13.037400	4.864410	4.931670	-9999	0.000000	-9999	-9999	-9999	-9999
10	29	7.281135	10.396200	16.196300	5.302550	2.836071	-9999	0.000000	-9999	-9999	-9999	-9999
10	30	3.005528	10.481700	14.752000	6.738520	1.423782	-9999	0.580772	-9999	-9999	-9999	-9999
10	31	5.369838	13.699400	19.031100	7.295160	3.042905	-9999	1.190330	-9999	-9999	-9999	-9999
11	1	1.953150	11.344900	15.797400	8.404150	1.136565	-9999	6.748100	-9999	-9999	-9999	-9999
11	2	2.080858	13.202200	15.859900	8.192880	2.749165	-9999	1.023460	-9999	-9999	-9999	-9999
11	3	6.454910	14.848800	21.137100	11.080400	4.061369	-9999	0.000000	-9999	-9999	-9999	-9999
11	4	6.341535	13.698000	18.979900	9.314770	2.944528	-9999	0.000000	-9999	-9999	-9999	-9999
11	5	1.927774	9.811460	14.094700	7.666760	0.593025	-9999	1.082760	-9999	-9999	-9999	-9999
11	6	6.176736	13.679400	18.605500	7.555980	5.655161	-9999	0.000000	-9999	-9999	-9999	-9999
11	7	6.125052	15.327300	19.312300	12.602000	7.743008	-9999	0.000000	-9999	-9999	-9999	-9999
11	8	5.700525	15.050500	20.633200	10.748500	7.585500	-9999	0.000000	-9999	-9999	-9999	-9999
11	9	5.097928	13.841400	19.303700	11.195200	4.656103	-9999	0.000000	-9999	-9999	-9999	-9999
11	10	5.226068	15.099800	20.576600	11.467800	3.946302	-9999	0.210439	-9999	-9999	-9999	-9999
11	11	2.962984	14.561500	18.187200	12.160000	1.254398	-9999	7.491550	-9999	-9999	-9999	-9999
11	12	3.205086	6.495210	14.533600	3.433360	1.442015	-9999	6.233240	-9999	-9999	-9999	-9999
11	13	5.201997	5.911770	9.404130	2.887640	1.098700	-9999	0.820745	-9999	-9999	-9999	-9999
11	14	1.793958	5.015380	8.823900	3.672250	1.280490	-9999	2.703210	-9999	-9999	-9999	-9999
11	15	3.081534	9.059330	13.381500	3.537030	1.457840	-9999	4.756770	-9999	-9999	-9999	-9999
11	16	4.444580	11.287700	14.996800	8.090920	2.085276	-9999	1.020670	-9999	-9999	-9999	-9999
11	17	2.937073	12.307400	16.379200	8.906560	1.918668	-9999	1.355890	-9999	-9999	-9999	-9999
11	18	1.757868	2.429990	12.394900	-1.059260	0.939169	-9999	12.789800	-9999	-9999	-9999	-9999
11	19	2.578055	0.687744	2.606710	-1.150230	0.689272	-9999	18.405000	-9999	-9999	-9999	-9999
11	20	2.276035	2.862640	4.242420	0.776680	0.419342	-9999	25.549300	-9999	-9999	-9999	-9999
11	21	2.669008	2.636720	4.566950	0.604927	0.302136	-9999	8.014130	-9999	-9999	-9999	-9999
11	22	3.782445	2.484190	4.876970	-1.507410	1.022829	-9999	3.630180	-9999	-9999	-9999	-9999
11	23	0.977746	1.298640	4.099450	-0.254326	0.228801	-9999	10.304200	-9999	-9999	-9999	-9999
11	24	1.517910	0.605957	2.577380	-1.268240	0.295210	-9999	8.049430	-9999	-9999	-9999	-9999
11	25	3.419617	-1.272830	2.552690	-5.791220	0.378536	-9999	0.452782	-9999	-9999	-9999	-9999
11	26	4.066114	2.557770	6.861750	-6.444630	2.161505	-9999	0.000000	-9999	-9999	-9999	-9999
11	27	3.987749	4.901890	6.908220	2.182840	3.206850	-9999	0.000000	-9999	-9999	-9999	-9999
11	28	3.892441	4.770570	9.338400	2.026370	4.282353	-9999	0.000000	-9999	-9999	-9999	-9999
11	29	3.882082	4.429930	8.989920	0.346290	2.514813	-9999	0.000000	-9999	-9999	-9999	-9999
11	30	3.879930	3.711730	6.128290	1.831000	1.705036	-9999	0.000000	-9999	-9999	-9999	-9999
12	1	3.773278	2.714810	4.784330	1.257470	1.825404	-9999	0.000000	-9999	-9999	-9999	-9999
12	2	3.733811	3.612790	7.709780	1.340630	3.521370	-9999	0.000000	-9999	-9999	-9999	-9999
12	3	3.747514	2.434750	7.610990	-0.098882	3.585998	-9999	0.000000	-9999	-9999	-9999	-9999
12	4	3.794671	2.639310	7.822780	-0.675389	2.967494	-9999	0.000000	-9999	-9999	-9999	-9999
12	5	3.686878	1.670990	5.842010	-0.604436	2.226266	-9999	0.000000	-9999	-9999	-9999	-9999
12	6	3.070665	1.509700	3.296330	-1.118500	0.461549	-9999	0.089053	-9999	-9999	-9999	-9999
12	7	1.431881	0.706935	2.900150	-1.683050	0.173739	-9999	0.530009	-9999	-9999	-9999	-9999
12	8	3.469038	0.286586	3.838410	-2.876680	0.635265	-9999	0.001549	-9999	-9999	-9999	-9999
12	9	3.262058	0.645808	3.755830	-3.371340	0.732705	-9999	0.000521	-9999	-9999	-9999	-9999
12	10	3.227636	2.483760	4.343510	0.498561	0.573066	-9999	6.554030	-9999	-9999	-9999	-9999
12	11	1.103561	2.162870	3.926180	1.019830	0.251377	-9999	10.067300	-9999	-9999	-9999	-9999
12	12	1.962844	0.407100	2.644530	-1.139440	0.212124	-9999	2.811490	-9999	-9999	-9999	-9999
12	13	1.822124	-2.305360	1.689270	-6.854830	0.538527	-9999	2.342730	-9999	-9999	-9999	-9999
12	14	3.365479	-1.590280	3.369450	-6.928320	1.510662	-9999	0.000000	-9999	-9999	-9999	-9999
12	15	3.157868	-1.120180	3.745120	-3.465030	1.345182	-9999	0.000000	-9999	-9999	-9999	-9999
12	16	2.379223	0.227778	3.168790	-3.416750	0.678223	-9999	0.229063	-9999	-9999	-9999	-9999
12	17	1.470442	1.695920	3.141880	-0.875402	0.316644	-9999	6.413700	-9999	-9999	-9999	-9999
12	18	1.108555	2.041800	3.444210	1.126860	0.248021	-9999	14.905800	-9999	-9999	-9999	-9999
12	19	2.666814	1.976800	3.404880	-0.463597	0.195533	-9999	4.666720	-9999	-9999	-9999	-9999
12	20	0.848495	2.471980	3.467740	1.849270	0.071329	-9999	6.729420	-9999	-9999	-9999	-9999
12	21	0.844474	2.217740	3.477140	1.337460	0.075221	-9999	17.703100	-9999	-9999	-9999	-9999
12	22	1.122880	-3.841250	2.704320	-6.400850	0.513922	-9999	5.781850	-9999	-9999	-9999	-9999
12	23	3.187607	-5.918000	-2.656800	-8.531220	0.564664	-9999	0.166732	-9999	-9999	-9999	-9999
12	24	3.043164	1.398830	4.873200	-6.086490	1.119978	-9999	0.964043	-9999	-9999	-9999	-9999
12	25	2.605228	2.612670	5.205540	1.724940	0.495890	-9999	7.086330	-9999	-9999	-9999	-9999
12	26	1.586382	1.858730	3.288910	0.899714	0.592946	-9999	6.357360	-9999	-9999	-9999	-9999
12	27	3.283416	2.472900	5.552310	-2.124030	1.434644	-9999	0.265693	-9999	-9999	-9999	-9999
12	28	2.697693	3.572500	5.573970	2.007410	0.996325	-9999	4.421760	-9999	-9999	-9999	-9999
12	29	2.529611	2.801450	4.455960	1.761470	0.544723	-9999	2.367630	-9999	-9999	-9999	-9999
12	30	1.085357	3.694790	5.488160	2.386870	0.659778	-9999	5.307990	-9999	-9999	-9999	-9999
12	31	2.095183	3.044920	7.012330	0.359706	0.818390	-9999	9.690130	-9999	-9999	-9999	-9999
