Month	n_days	Rg_f	Ta_f	Tmax	Tmin	VPD_f	Ts_f	Precip	SWC	LAI	ET	Litterfall
1	1	3.71477	-1.05578	2.365	-4.86733	0.381793	1.23536	0.7	18.244	-9999	0.251807	-9999
1	2	1.32946	2.28678	3.78167	-0.510667	1.62081	1.67394	1.2	17.585	-9999	0.0737508	-9999
1	3	2.83156	3.93551	7.16567	2.046	2.07442	2.77282	0	17.8704	-9999	0.0747204	-9999
1	4	3.78586	3.26831	6.10533	0.967	2.49206	2.84761	0.2	18.2325	-9999	0.226208	-9999
1	5	1.67052	4.71482	6.274	2.91833	2.20715	3.47956	4.2	17.8837	-9999	0.70656	-9999
1	6	1.78906	7.13645	10.5467	4.851	2.47957	4.77659	2	18.6452	-9999	1.03381	-9999
1	7	2.3094	4.14783	5.55	2.97167	1.75648	4.45924	0	18.2379	-9999	0.147287	-9999
1	8	2.49521	2.7343	3.73267	-0.291	1.30903	4.06608	0	17.8385	-9999	0.0842033	-9999
1	9	1.628	0.4925	1.60767	-0.779667	1.05442	3.10985	0.4	18.5977	-9999	0.218877	-9999
1	10	3.21105	0.926222	2.824	-0.212333	1.74622	2.7311	0.1	18.5092	-9999	0.156588	-9999
1	11	1.99004	-1.73502	0.079	-4.16867	0.457142	2.31868	1.2	18.9135	-9999	0.262834	-9999
1	12	1.99597	-3.30102	-2.067	-4.34433	0.399835	1.50485	0	18.2887	-9999	0.259256	-9999
1	13	2.23216	-4.53137	-3.58133	-5.695	1.2063	0.821618	0	17.8548	-9999	0.201307	-9999
1	14	1.61804	-4.01672	-2.738	-5.96467	1.02378	0.444736	0	17.6323	-9999	0.0948735	-9999
1	15	5.71866	-3.5179	-2.192	-5.704	1.18646	0.353882	0	17.3848	-9999	0.144327	-9999
1	16	5.55367	-4.75556	-1.42967	-6.952	1.09077	-0.278132	0	17.1856	-9999	0.073743	-9999
1	17	5.69026	-3.90372	-1.02633	-5.564	1.14584	-0.429444	0	16.5944	-9999	0.0495905	-9999
1	18	4.73656	-3.5682	-1.39267	-5.72233	1.02245	-0.546354	0.4	15.6923	-9999	0.0342613	-9999
1	19	4.75196	-1.85597	1.062	-3.194	1.27741	-0.130104	0.7	15.4137	-9999	0.401906	-9999
1	20	2.1278	-1.15382	0.295667	-1.983	1.24146	0.0821806	0	15.3919	-9999	0.0830459	-9999
1	21	1.79299	-1.05776	0.591667	-2.171	1.32666	0.333937	0	15.605	-9999	0.0585734	-9999
1	22	1.26507	-1.11843	0.829333	-2.84233	0.760486	0.384722	0.1	15.8131	-9999	0.116404	-9999
1	23	2.63064	0.512674	2.19633	-0.970333	1.02652	0.659389	0.1	15.8369	-9999	0.119139	-9999
1	24	1.19753	2.81212	4.44733	1.61333	1.73384	1.41936	7.2	15.4475	-9999	0.154536	-9999
1	25	7.17635	3.62533	6.512	1.387	1.72141	2.24145	0	17.4919	-9999	0.456295	-9999
1	26	5.35003	2.60044	5.145	0.977333	1.39034	2.34968	2.2	19.6604	-9999	0.705913	-9999
1	27	2.70549	1.73189	3.44967	-0.163333	1.70178	2.05533	0.2	20.4104	-9999	0.413683	-9999
1	28	7.72991	1.70137	3.86067	-0.178	2.11156	2.03868	0	20.0496	-9999	0.236614	-9999
1	29	2.03389	0.145965	0.971	-0.757	0.722453	1.8453	0	20.1962	-9999	0.0750038	-9999
1	30	1.6615	-0.553465	-0.061	-0.999667	0.447187	1.62598	4	20.6838	-9999	0.123233	-9999
1	31	0.536226	-1.8532	-1.045	-2.50767	0.349172	1.4131	2	21.0823	-9999	0.0971276	-9999
2	1	0.864495	-2.42202	-1.73067	-3.337	0.344801	1.25281	5.5	20.6154	-9999	0.253371	-9999
2	2	2.12061	-4.6824	-3.218	-6.07567	0.437776	1.19787	4.4	19.9258	-9999	0.586418	-9999
2	3	0.542151	-5.48969	-4.367	-6.22933	0.322754	1.1081	5.6	19.7325	-9999	0.169442	-9999
2	4	0.152148	-2.52319	1.925	-4.24933	0.327753	1.12914	7.2	19.9154	-9999	0.111089	-9999
2	5	4.57683	5.71158	7.49	2.804	1.84604	1.21581	5	25.4846	-9999	1.48219	-9999
2	6	3.53466	9.41889	11.77	7.19667	3.80358	3.03412	0.1	25.3231	-9999	0.384931	-9999
2	7	5.18332	11.2768	14.98	8.84667	6.36446	5.24044	0	23.1823	-9999	0.437688	-9999
2	8	2.39422	9.24346	11.2167	5.83067	5.32086	5.45023	0	22.7225	-9999	0.237577	-9999
2	9	3.13912	5.53021	9.02333	-0.0303333	2.79016	5.10101	1.3	22.164	-9999	0.221062	-9999
2	10	5.62033	-0.0679514	2.05467	-1.37933	0.74518	3.34351	0.4	21.8946	-9999	0.528602	-9999
2	11	7.84347	5.48493	11.3	-0.451667	3.71498	2.99185	0	21.976	-9999	0.33923	-9999
2	12	4.88738	9.77736	13.0733	7.79	4.8396	5.01518	0	21.0429	-9999	0.367304	-9999
2	13	1.8147	3.62403	8.55	1.46	1.23584	4.89944	1.2	20.3933	-9999	0.544779	-9999
2	14	8.9044	1.45944	3.384	-0.0343333	1.13486	3.69066	0	20.4473	-9999	0.238156	-9999
2	15	10.813	4.2954	8.79667	0.615667	3.38352	3.26141	0	20.746	-9999	0.453418	-9999
2	16	11.1339	7.15817	11.37	2.831	7.03633	3.35535	0	20.2654	-9999	0.559681	-9999
2	17	0.880053	-0.89125	2.395	-2.096	0.84895	2.75256	0.3	20.9383	-9999	0.166477	-9999
2	18	0.962605	-0.599132	1.64667	-2.43433	0.458763	1.98313	1.1	20.3819	-9999	0.0502761	-9999
2	19	2.00865	1.35789	2.77733	0.262	0.877522	2.44059	0.2	19.786	-9999	0.335907	-9999
2	20	6.85893	1.54587	3.33	0.383	1.38727	2.4646	1.7	19.7638	-9999	0.488301	-9999
2	21	1.17029	2.08898	3.228	0.957	1.14097	2.64863	1.8	19.405	-9999	0.922741	-9999
2	22	1.68115	0.2485	1.61533	-1.748	0.89314	2.30681	12.3	20.4952	-9999	0.738286	-9999
2	23	5.49332	-2.79295	-1.26733	-5.57133	0.400682	1.8198	4.6	21.2927	-9999	1.18003	-9999
2	24	4.37596	-7.92369	-5.86733	-10.6067	0.360879	1.59037	0.8	21.6087	-9999	0.655085	-9999
2	25	7.51691	-7.47628	-3.32533	-12.7833	0.408155	1.15156	13.6	21.876	-9999	0.854243	-9999
2	26	6.58636	-3.87832	-1.865	-6.44833	0.327633	1.0169	0.2	21.6665	-9999	0.776236	-9999
2	27	15.1979	-2.8731	0.224333	-5.731	0.354545	1.00223	0	21.5748	-9999	1.30306	-9999
2	28	12.5774	-1.35446	1.659	-3.57367	0.35857	0.911799	0	21.5138	-9999	1.49065	-9999
3	1	11.6154	0.88341	4.49667	-1.586	1.60485	1.05096	0	21.484	-9999	0.932345	-9999
3	2	5.54226	0.0940069	2.521	-1.30833	0.910238	1.18121	0.5	22.1277	-9999	0.521807	-9999
3	3	5.70664	-1.06521	0.436	-2.703	0.444623	1.15792	0	22.5271	-9999	0.069523	-9999
3	4	3.39724	0.0539792	3.37733	-1.94333	0.552126	1.21949	12	23.91	-9999	0.284034	-9999
3	5	1.18972	-1.76752	-0.735667	-2.34233	0.34199	1.20844	3.3	26.2981	-9999	0.165917	-9999
3	6	12.8579	-1.55135	1.98333	-6.02	0.574996	1.09901	0	25.3633	-9999	1.27331	-9999
3	7	12.4571	2.34555	5.26067	-1.755	2.36042	1.01431	0.1	25.426	-9999	0.491014	-9999
3	8	11.2007	5.59038	8.99333	2.81667	3.41264	1.16738	0.1	28.089	-9999	0.409219	-9999
3	9	7.75864	6.94453	10.0933	4.837	1.97896	2.6736	8.8	28.8983	-9999	1.16623	-9999
3	10	7.93593	8.39685	11.4667	6.074	3.27161	4.21531	0.3	26.7056	-9999	0.552559	-9999
3	11	9.1246	9.0591	11.97	7.05	2.5399	5.25675	3.3	26.886	-9999	1.16192	-9999
3	12	6.60763	10.603	14.5867	7.57	2.73956	6.35768	5.5	26.4698	-9999	0.594654	-9999
3	13	9.52036	6.1871	8.31	4.48967	2.49224	5.84075	2	28.7254	-9999	1.50988	-9999
3	14	11.7112	3.94551	5.95033	1.07933	2.52892	4.51742	0.4	27.2271	-9999	0.879437	-9999
3	15	3.84123	2.578	3.904	1.424	1.18654	3.88457	2.5	26.3069	-9999	0.484979	-9999
3	16	4.57921	5.25849	8.40667	1.21567	1.56621	3.93225	0.3	26.4277	-9999	0.592781	-9999
3	17	1.51068	2.2726	4.286	0.019	0.415541	4.13522	13.1	28.4077	-9999	0.0801888	-9999
3	18	5.18658	3.3253	7.55333	-0.459333	0.853464	3.46297	4.3	30.3979	-9999	0.971535	-9999
3	19	7.79015	2.60767	7.58	-3.54333	1.308	3.91256	7.4	29.7596	-9999	2.47403	-9999
3	20	9.95449	-3.3009	-1.28467	-4.92967	0.507654	2.34426	0.5	29.4127	-9999	1.00473	-9999
3	21	5.28647	-2.60531	-0.271333	-4.67167	0.310942	1.75602	6.4	28.6133	-9999	0.459945	-9999
3	22	5.0165	2.95908	6.02533	-1.79	0.779203	1.66548	4.1	30.3479	-9999	0.480389	-9999
3	23	3.04616	2.00185	6.14033	0.253667	0.419296	2.39329	10.2	31.1692	-9999	0.518333	-9999
3	24	7.83909	8.19649	12.6167	2.94933	1.67236	4.14435	1.1	30.4187	-9999	1.3573	-9999
3	25	2.11672	0.556722	2.61467	-1.03767	0.329395	3.51033	19.5	32.854	-9999	0.222255	-9999
3	26	1.90118	-3.48649	-1.31133	-4.99867	0.367495	2.0707	5.1	31.7002	-9999	0.510216	-9999
3	27	9.54145	-4.23478	-2.26467	-6.525	0.433711	1.49819	0	30.0829	-9999	1.35167	-9999
3	28	14.5054	-1.11299	1.37067	-4.08067	0.609263	1.25658	0	29.1821	-9999	1.39155	-9999
3	29	6.47751	2.00369	4.521	-0.0883333	1.50571	1.38722	0	29.6358	-9999	0.344769	-9999
3	30	2.83339	3.9599	5.55767	1.013	1.18589	2.31069	1	30.5935	-9999	0.361462	-9999
3	31	12.307	7.21638	11.4433	3.129	3.76635	3.50348	0.1	29.3819	-9999	0.859803	-9999
4	1	17.7033	10.4572	14.6067	5.69167	5.96941	4.605	0	27.8779	-9999	1.22334	-9999
4	2	17.8192	12.6371	16.88	8.31667	7.46125	5.92402	0	26.5944	-9999	1.7428	-9999
4	3	14.5946	12.324	18.3667	9.63667	5.84557	6.74803	1.8	25.296	-9999	1.21929	-9999
4	4	13.3873	11.2135	16.72	7.22667	4.34694	7.06467	2.2	24.8712	-9999	1.73253	-9999
4	5	16.3627	6.4681	9.16333	3.98933	3.88332	6.2	0.1	24.9725	-9999	1.55107	-9999
4	6	8.55825	7.09955	11.11	3.762	2.98713	5.56303	3.1	24.3487	-9999	1.41633	-9999
4	7	6.58171	8.70472	11.82	7.17333	2.80563	6.2696	1	23.9802	-9999	1.28124	-9999
4	8	6.67656	6.27533	8.35333	4.81	2.19021	5.94282	3.1	24.3858	-9999	1.45625	-9999
4	9	17.4721	5.02826	8.07333	1.59867	3.09961	5.26976	0.4	24.1792	-9999	1.19694	-9999
4	10	8.56655	7.08343	9.75667	5.14033	2.9605	5.31726	0.2	23.6327	-9999	0.626403	-9999
4	11	8.72795	7.59489	10.17	5.25167	2.05286	5.83838	0.2	23.0098	-9999	0.641384	-9999
4	12	17.1116	2.9029	6.43067	-1.14833	2.01745	5.20809	0.9	22.9498	-9999	1.08899	-9999
4	13	8.16271	-1.44273	0.484333	-2.44467	0.638711	3.35876	7.5	23.1717	-9999	1.11816	-9999
4	14	11.6701	-1.44742	1.11133	-2.53067	0.63617	2.64347	2.5	23.0858	-9999	1.26339	-9999
4	15	5.91864	0.423035	3.00567	-2.11167	0.524853	2.21792	5.6	25.1583	-9999	0.609254	-9999
4	16	7.00494	3.7024	5.52	2.33467	1.08648	3.11785	2.6	30.5694	-9999	1.12187	-9999
4	17	4.01353	2.1008	3.21733	1.044	0.747612	3.40828	3.1	30.6223	-9999	0.770227	-9999
4	18	10.4406	3.68217	6.56333	0.584	2.35645	3.37134	0.7	29.7069	-9999	1.07116	-9999
4	19	14.8225	2.47473	6.54467	-0.780333	2.775	3.18214	0	28.7967	-9999	1.02173	-9999
4	20	11.5742	3.52439	5.533	1.13167	2.71381	3.17518	0.3	27.875	-9999	0.696526	-9999
4	21	1.96076	2.10994	3.33233	0.852333	0.635231	3.35659	8.6	28.2348	-9999	0.624062	-9999
4	22	3.45139	1.07652	3.01833	-0.328667	0.659992	2.88749	0.8	31.2419	-9999	0.47892	-9999
4	23	11.4033	5.36027	9.66667	1.55467	2.91743	3.44226	-9999	29.8856	-9999	1.3546	-9999
4	24	18.1508	9.87348	14.8667	4.191	6.41103	4.59221	-9999	27.9992	-9999	1.60018	-9999
4	25	19.2529	12.686	18.78	7.11667	7.13647	6.29233	-9999	26.6565	-9999	1.70596	-9999
4	26	18.1156	8.62897	12.35	6.109	3.80636	6.48653	-9999	28.8725	-9999	1.99258	-9999
4	27	15.4223	8.69361	12.9667	4.74067	3.9258	6.30151	0.2	27.4015	-9999	1.63392	-9999
4	28	11.2746	9.72938	12.55	6.90167	3.71182	6.68328	0.5	26.0256	-9999	1.56751	-9999
4	29	12.5071	11.6694	15.98	7.87333	4.10265	7.27498	1.2	25.0785	-9999	1.78552	-9999
4	30	24.8108	17.8515	22.9433	11.3233	10.8098	8.94854	0	-9999	-9999	3.03937	-9999
5	1	24.1656	19.5389	25.0567	13.6433	10.1969	10.5591	0	22.8392	-9999	2.57992	-9999
5	2	24.5302	13.9589	19.68	7.49333	7.0697	10.2542	0	21.8833	-9999	1.88839	-9999
5	3	26.266	20.3548	25.8867	13.6867	13.679	11.0111	0	20.9065	-9999	2.89696	-9999
5	4	9.03939	14.4218	17.4667	12.6267	3.01822	11.2261	7.4	23.0448	-9999	1.71828	-9999
5	5	1.82289	7.42101	12.25	5.89667	0.582504	9.44993	16.7	31.3067	-9999	0.147669	-9999
5	6	2.67061	5.18222	5.77267	4.61367	0.540933	7.55813	10.6	33.076	-9999	0.379498	-9999
5	7	3.47703	4.64226	6.32067	3.446	0.587739	6.69646	0.7	31.7423	-9999	0.407289	-9999
5	8	5.41303	8.60206	10.46	6.362	0.925577	7.18265	0.2	29.7935	-9999	0.792531	-9999
5	9	24.2671	14.1048	18.4633	8.85	6.03064	8.69285	0	-9999	-9999	2.75918	-9999
5	10	26.8767	15.9286	19.9133	10.87	9.66438	9.54569	0	-9999	-9999	2.56672	-9999
5	11	27.6206	14.7389	18.3	10.1033	8.16078	10.0217	0	-9999	-9999	2.02958	-9999
5	12	27.4531	11.9746	16.8333	6.74633	6.62333	9.36243	0	24.7571	-9999	1.58886	-9999
5	13	26.9263	14.6751	19.1833	9.47	9.34584	9.51701	0	23.971	-9999	2.54901	-9999
5	14	27.5098	17.7624	22.4667	11.99	12.6698	10.2937	0	22.8765	-9999	2.32953	-9999
5	15	7.71081	14.8174	17.8733	11.75	5.25929	10.8896	4.6	23.259	-9999	1.17698	-9999
5	16	23.0159	16.1516	21.0633	10.91	7.95488	10.8428	0.1	24.6819	-9999	2.98281	-9999
5	17	9.72228	14.9241	18.7367	11.9433	5.15778	11.0958	2.8	23.4829	-9999	1.74844	-9999
5	18	10.0166	11.4707	12.71	9.11333	4.42359	10.4268	0.2	22.6967	-9999	1.61112	-9999
5	19	17.1957	9.87933	13.0767	6.651	4.12756	9.41583	1.5	22.5302	-9999	1.84939	-9999
5	20	26.2764	11.4129	15.2733	7.47	5.33984	9.33236	0	21.9158	-9999	1.75892	-9999
5	21	25.5847	11.2817	14.0967	8.23	5.04131	9.32625	0	21.1579	-9999	1.50306	-9999
5	22	18.6019	11.5424	15.1967	7.43333	5.81334	9.25583	0	20.4375	-9999	1.74759	-9999
5	23	30.3641	14.2478	19.5667	7.92	10.0372	9.40264	0	19.9483	-9999	2.44594	-9999
5	24	30.1126	17.2954	21.49	11.2833	12.4955	10.1779	0	18.9967	-9999	2.22915	-9999
5	25	29.2384	15.3891	18.3833	11.2967	8.47459	10.6865	0.1	18.1206	-9999	1.9749	-9999
5	26	27.1121	16.8188	21.05	11.7433	11.5352	10.6112	0	17.7296	-9999	2.88165	-9999
5	27	21.6052	17.4862	20.92	14.28	8.91123	11.4	0.2	16.9731	-9999	2.14955	-9999
5	28	6.37531	15.5034	16.75	13.0067	2.19257	11.831	7	16.4044	-9999	1.47888	-9999
5	29	23.0735	17.6685	21.2967	12.5633	7.75851	12.412	0	16.2444	-9999	2.53956	-9999
5	30	22.4536	13.4755	17.2367	9.75	6.17824	11.3508	0	15.7113	-9999	1.79968	-9999
5	31	11.6978	12.4652	16.7267	8.69333	3.93618	10.8339	0.7	15.4931	-9999	1.68301	-9999
6	1	15.7584	9.48806	11.7533	7.57667	2.46144	10.0113	1.2	15.5596	-9999	1.89113	-9999
6	2	13.315	11.2063	13.5933	8.98333	3.70424	9.80924	0.8	15.0652	-9999	1.77856	-9999
6	3	22.3351	7.634	10.96	4.87267	2.87812	9.09153	4.4	15.0437	-9999	2.38348	-9999
6	4	8.95235	6.60471	9.98333	5.00133	1.25303	8.14139	16.2	17.8148	-9999	1.87563	-9999
6	5	13.894	10.6566	14.06	7.78	3.17257	8.66826	2.2	19.9327	-9999	2.04239	-9999
6	6	15.3746	12.9218	15.99	7.73	5.34495	9.30674	0	19.3525	-9999	1.79816	-9999
6	7	22.6386	14.6143	18.0967	10.52	6.3602	10.2562	0	18.7063	-9999	2.7104	-9999
6	8	8.011	10.5181	13.1567	7.75333	2.2521	10.0757	1.2	18.2665	-9999	1.33102	-9999
6	9	13.1393	11.7277	14.3	8.84333	4.2801	9.72292	0	18.0175	-9999	1.66764	-9999
6	10	7.59548	11.6558	14.9867	8.37	2.23114	10.0295	7.4	18.5456	-9999	0.832105	-9999
6	11	12.6677	8.44368	11.2667	7.23333	1.62473	9.36549	5	21.6462	-9999	2.52156	-9999
6	12	13.7435	10.7879	18.5624	6.80167	4.12569	9.1398	0	-9999	-9999	2.136	-9999
6	13	19.4874	13.3285	17.2767	7.83	6.56957	9.48431	0	-9999	-9999	2.21723	-9999
6	14	26.1891	16.3961	20.5567	12.3633	8.88105	10.6399	0	20.6327	-9999	2.74595	-9999
6	15	22.2762	17.5577	22.72	10.9055	9.44839	11.2995	0	19.8827	-9999	2.79033	-9999
6	16	13.2719	12.3135	17.3805	10.8356	4.27378	10.2378	11.1	20.3749	-9999	2.31193	-9999
6	17	17.734	12.4782	17.4689	10.8439	4.30393	10.2943	9	24.3548	-9999	2.73931	-9999
6	18	9.09891	12.3796	14.9867	11.1286	2.27937	11.0009	14	27.1558	-9999	1.59269	-9999
6	19	11.6389	10.6962	14.19	8.15333	2.5606	10.5342	0	28.309	-9999	1.89288	-9999
6	20	23.3254	12.7167	17.2667	8.29333	4.81496	10.5029	0	26.2429	-9999	2.0568	-9999
6	21	13.8268	14.7493	18.98	11.6467	5.44234	11.0726	5.4	24.6079	-9999	2.60671	-9999
6	22	7.77453	9.50993	12.25	8.18667	1.2733	10.4591	11.1	27.7254	-9999	1.81736	-9999
6	23	7.24783	11.0883	14.0267	8.65	2.07018	9.94201	0.3	29.4356	-9999	1.68997	-9999
6	24	28.4545	14.9531	18.6667	10.83	6.1029	10.973	0	27.246	-9999	2.80612	-9999
6	25	25.3088	16.4138	19.9967	11.6933	6.99613	11.7243	0	25.4127	-9999	2.18632	-9999
6	26	30.3135	16.8112	20.6233	12.1067	7.89342	12.1681	0	24.0965	-9999	2.74226	-9999
6	27	29.3435	21.469	26.5467	15.1733	13.6437	13.0663	0	23.0067	-9999	3.22933	-9999
6	28	11.1111	18.2022	21.3	16.0433	4.73967	13.8682	2.6	21.8856	-9999	1.56237	-9999
6	29	22.0636	18.5585	22.4067	14.5633	6.73718	13.8031	0	21.064	-9999	2.52126	-9999
6	30	18.699	19.8597	24.5767	13.6867	9.12949	14.1522	2.2	20.1965	-9999	2.66991	-9999
7	1	17.7545	15.5846	18.62	13.38	4.44602	13.5371	0.7	19.0892	-9999	2.10973	-9999
7	2	14.0245	13.8201	15.74	12.5233	4.67092	12.7498	0	18.1495	-9999	2.00278	-9999
7	3	23.8625	15.4165	19.4167	11.37	7.01459	12.1355	0	17.6456	-9999	2.38514	-9999
7	4	19.221	18.4447	22.31	14.5767	7.28365	13.0219	0	-9999	-9999	2.4029	-9999
7	5	28.7689	20.4225	24.85	15.3333	10.4735	13.8276	0	-9999	-9999	3.58384	-9999
7	6	28.7732	21.7047	26	17.2233	13.2289	14.3419	0	-9999	-9999	3.38621	-9999
7	7	21.8995	21.4879	26.6867	14.1867	9.22139	15.0968	31.6	-9999	-9999	2.45402	-9999
7	8	10.3982	15.485	17.2233	13.8333	1.84905	14.3306	12.1	-9999	-9999	2.95097	-9999
7	9	4.99568	14.0894	14.6933	13.2767	1.42916	13.604	5.2	-9999	-9999	1.58692	-9999
7	10	22.4553	17.9305	22.8167	12.7	8.27022	13.5117	-9999	-9999	-9999	3.57029	-9999
7	11	13.8938	17.024	19.23	13.26	6.68876	13.8374	-9999	-9999	-9999	2.19558	-9999
7	12	25.749	16.5833	20.76	11.7833	9.47209	13.1304	-9999	21.7148	-9999	2.81292	-9999
7	13	13.9866	16.1455	19.13	13.2233	6.45207	13.3207	-9999	20.5281	-9999	2.3489	-9999
7	14	16.8476	19.6946	25.0033	12.96	9.37412	13.7275	-9999	19.5302	-9999	2.53133	-9999
7	15	9.15167	16.721	20.2533	11.5667	4.23028	14.2803	-9999	18.8644	-9999	1.2952	-9999
7	16	3.03476	11.2628	12.1367	10.13	0.53967	12.7538	-9999	24.8492	-9999	0.479982	-9999
7	17	9.30531	11.149	13.0233	9.50667	1.76834	11.7674	11.2	29.3865	-9999	0.0492799	-9999
7	18	16.574	14.601	19.32	9.06667	5.39086	11.8577	0.1	28.4102	-9999	-0.0164312	-9999
7	19	19.6487	16.2201	20.9533	11.5	6.67376	12.5434	0	26.1515	-9999	0.931426	-9999
7	20	16.3049	15.8183	19.83	13.7467	4.86775	12.9493	12.3	25.8333	-9999	1.9741	-9999
7	21	15.5081	14.9065	17.9133	12.3567	4.30767	12.8638	0	28.9565	-9999	2.3647	-9999
7	22	28.6634	18.8535	23.2867	12.43	10.3602	13.1706	0	27.0127	-9999	3.13291	-9999
7	23	27.6277	21.2619	24.53	17.2267	12.4732	14.1893	0	25.0796	-9999	3.21079	-9999
7	24	21.6497	20.7266	23.4367	18.5767	10.5813	14.6964	0	23.606	-9999	2.71447	-9999
7	25	23.1404	20.251	25.0433	15.2267	9.49918	14.941	0	22.2487	-9999	2.89935	-9999
7	26	25.4422	20.9719	24.7533	16.63	10.2445	15.3519	0	21.0869	-9999	3.18343	-9999
7	27	25.0566	21.7927	24.9767	17.39	12.4946	15.3901	0	19.7852	-9999	2.97057	-9999
7	28	24.532	23.4583	28.1267	17.78	17.18	15.4706	0	18.4937	-9999	2.95882	-9999
7	29	19.5572	20.389	23.27	16.24	9.62385	15.4816	5.5	17.4163	-9999	3.2264	-9999
7	30	26.4741	21.3976	25.5667	16.5133	11.3994	15.2909	0.1	16.4333	-9999	4.08277	-9999
7	31	21.3039	22.7035	28.1533	18.7133	11.5135	16.0122	5.4	15.6052	-9999	3.17265	-9999
8	1	16.7039	17.156	19.8633	14.4167	5.80624	15.458	0	14.8835	-9999	3.03041	-9999
8	2	23.4023	18.6962	23.0267	13.78	9.06971	14.5805	0	14.6376	-9999	3.16419	-9999
8	3	13.4158	22.1796	27.1633	18.6467	9.97448	15.69	0.6	14.0402	-9999	2.28518	-9999
8	4	10.2006	16.9871	22.2767	13.6767	3.23643	15.5416	5.7	13.4454	-9999	1.89949	-9999
8	5	18.6777	15.7223	20.3733	12.0567	5.21076	14.4074	2.6	13.3208	-9999	3.51925	-9999
8	6	16.3628	15.8316	20.5033	10.9033	6.27938	13.8353	1.5	-9999	-9999	2.84922	-9999
8	7	15.3687	17.7235	20.3733	15.2367	6.38961	14.2781	0.1	-9999	-9999	2.54059	-9999
8	8	15.8825	19.2957	22.62	15.0767	8.69992	14.6933	0	-9999	-9999	2.40693	-9999
8	9	19.3477	18.3685	21.62	14.9833	9.24218	14.5541	0.1	-9999	-9999	2.61021	-9999
8	10	15.4051	15.9367	19.0267	11.1933	6.72154	14.1734	0	11.106	-9999	2.00231	-9999
8	11	15.7864	12.8189	16.4167	8.90667	5.12405	12.9879	0	10.4454	-9999	1.97277	-9999
8	12	21.6781	16.0481	22.0367	9.23	9.11051	12.7165	0	10.2842	-9999	2.47432	-9999
8	13	4.71896	16.7302	18.73	15.1367	5.74375	13.4411	3.3	9.99792	-9999	1.41407	-9999
8	14	22.7933	22.2849	28.3167	16.98	10.3847	14.8397	0	9.86583	-9999	3.00377	-9999
8	15	25.1728	25.8202	30.14	21.5467	17.2611	16.325	0	9.59562	-9999	2.79994	-9999
8	16	19.3157	26.1825	31.2067	21	17.9298	17.1416	0	9.235	-9999	2.56854	-9999
8	17	6.13762	18.1277	23.1733	16.7767	2.83622	16.4444	8.5	9.06	-9999	1.38241	-9999
8	18	12.3606	18.9352	21.92	16.6667	2.02533	16.1405	1	9.16125	-9999	1.78529	-9999
8	19	11.1502	20.5826	23.77	17.4667	5.58835	16.4766	3.1	9.25292	-9999	2.92615	-9999
8	20	19.9793	21.1371	25.8667	15.2933	10.3317	16.2156	3.7	9.06646	-9999	2.45184	-9999
8	21	3.01726	15.7183	16.8567	14.3933	1.14281	15.331	5.2	8.79417	-9999	0.70826	-9999
8	22	9.28953	18.3599	21.56	15.6133	3.6585	15.3896	0	8.96813	-9999	1.4119	-9999
8	23	19.8605	20.5165	24.73	17.3967	6.40675	16.0781	0	9.01792	-9999	2.16996	-9999
8	24	20.7264	21.9801	26.71	17.0633	9.82223	16.3363	0	8.85063	-9999	2.61072	-9999
8	25	18.951	24.2531	28.5567	20.4167	14.2938	16.9119	0	8.67833	-9999	2.16325	-9999
8	26	16.7017	23.8928	28.3667	20.72	12.3578	17.2592	0	8.47458	-9999	2.06197	-9999
8	27	12.1084	18.8937	28.1933	10.8667	8.22637	16.6876	12	8.09271	-9999	1.84575	-9999
8	28	17.1579	12.4917	16.2633	8.57	5.04895	13.7322	0.1	7.93396	-9999	1.88929	-9999
8	29	11.7899	12.6428	16.0233	9.89333	4.84043	13.0035	0	7.79688	-9999	1.22724	-9999
8	30	22.4385	15.3592	19.8533	10.5467	7.42602	12.8237	0	7.97104	-9999	1.87446	-9999
8	31	4.28538	14.9311	17.1533	13.73	3.86851	13.2823	4.4	7.82667	-9999	0.906118	-9999
9	1	2.60954	13.4067	14.6867	12.63	1.46727	13.1438	12.3	7.7525	-9999	0.89096	-9999
9	2	11.4555	12.8099	15.3033	9.83	3.8063	12.6144	0.3	7.7725	-9999	1.81723	-9999
9	3	13.5886	15.9912	19.65	13.29	5.58823	13.0837	0.2	8.06479	-9999	1.97661	-9999
9	4	8.32914	13.179	16.1	10.7367	2.26683	13.0842	5.8	7.77896	-9999	1.97216	-9999
9	5	7.10742	11.4767	13.3867	9.34	2.37546	12.2008	0	7.76875	-9999	1.08475	-9999
9	6	10.9565	12.3773	14.92	10.7567	3.41801	12.1031	0.1	7.83958	-9999	1.23241	-9999
9	7	7.39134	10.8984	12.31	9.77667	1.56431	11.7212	4.4	7.71542	-9999	1.80329	-9999
9	8	8.16996	9.8808	14.24	6.63233	1.36323	11.3356	14.2	8.09083	-9999	2.85321	-9999
9	9	6.83435	7.33551	8.87333	6.02833	1.60912	9.80688	10	8.70667	-9999	2.75362	-9999
9	10	2.6282	8.53652	9.71	6.80933	0.898684	9.59306	22.7	9.53583	-9999	0.524529	-9999
9	11	9.2031	9.44875	10.8867	8.29667	2.78625	9.75528	0.5	9.69167	-9999	2.15175	-9999
9	12	6.20339	9.29083	10.7833	7.79	1.18347	9.80951	4.7	-9999	-9999	1.64399	-9999
9	13	5.87164	11.2022	13.7	7.97333	2.19418	10.2365	2.2	-9999	-9999	1.87922	-9999
9	14	6.47253	11.0473	12.7367	8.4	2.67881	10.5618	2	9.97021	-9999	1.4743	-9999
9	15	10.4193	10.6395	14.4333	7.42	3.35214	10.1775	0	10.1027	-9999	1.42482	-9999
9	16	5.3549	8.8566	10.5267	7.19333	1.51407	10.0751	5.3	9.97062	-9999	1.01126	-9999
9	17	9.705	9.45646	12.3633	7.10333	2.4365	9.63125	0	10.2408	-9999	1.24666	-9999
9	18	4.61022	8.30194	9.39333	7.16667	1.34155	9.45694	2.1	10.3092	-9999	0.701037	-9999
9	19	18.217	10.6795	13.6767	7.22333	3.86273	9.35882	0	10.4104	-9999	1.2734	-9999
9	20	5.86073	11.3401	13.7833	9.28	2.78837	10.0035	5	10.2377	-9999	1.41875	-9999
9	21	7.81456	10.8747	13.17	9.65667	2.32358	10.2476	2.8	10.3588	-9999	1.88276	-9999
9	22	14.1312	10.7013	13.3633	7.73	3.9959	9.9809	0	10.5098	-9999	1.50368	-9999
9	23	14.9061	10.9676	14.7133	7.068	4.52997	9.57882	0	10.5823	-9999	1.49082	-9999
9	24	1.27366	9.6534	10.3767	8.91667	0.633152	9.91007	8.5	10.5683	-9999	0.130395	-9999
9	25	1.45249	9.59854	9.89	9.23333	0.518226	10.0222	2.3	11.6606	-9999	0.236401	-9999
9	26	2.20764	9.48764	9.92667	8.20667	0.661645	10.0051	1.6	12.8294	-9999	0.297619	-9999
9	27	5.5984	10.8431	13.1133	7.59	1.94221	9.70667	3.4	13.789	-9999	1.1041	-9999
9	28	2.57477	11.9423	12.9633	10.2767	1.44361	10.6103	2.8	14.5152	-9999	1.07405	-9999
9	29	14.009	14.0022	17.5267	11.3567	3.8828	11.0736	0	15.1694	-9999	1.97715	-9999
9	30	4.56969	13.7917	16.5567	12.2267	2.50308	11.5137	3.3	15.4356	-9999	0.615586	-9999
10	1	4.90028	14.3176	17.0233	10.9333	3.15446	11.7049	1.2	15.9921	-9999	1.37559	-9999
10	2	12.4271	18.1963	22.9433	13.3667	6.6763	12.823	0	16.1167	-9999	2.00284	-9999
10	3	13.1805	18.5397	22.5967	14.77	6.76469	13.9378	0.1	15.8335	-9999	1.60747	-9999
10	4	6.57972	12.4608	14.7667	9.94667	2.46199	12.7406	11.6	17.5623	-9999	1.5596	-9999
10	5	10.4512	11.643	15.5067	8.91667	3.84664	11.1729	0.1	19.5621	-9999	1.18952	-9999
10	6	12.4829	13.6495	18.88	9.46	4.5326	11.1221	0.1	19.3744	-9999	1.45904	-9999
10	7	6.43305	15.0888	18.4067	12.9733	4.26113	12.0003	0	18.6271	-9999	0.776266	-9999
10	8	11.5652	15.4988	20.4633	11.5467	5.38071	12.2862	1.7	-9999	-9999	1.51589	-9999
10	9	10.1439	13.2616	17.5967	10.44	4.8564	11.8269	0	-9999	-9999	1.20605	-9999
10	10	12.1672	13.0941	16.26	10.8433	5.00707	11.3721	0	-9999	-9999	1.42253	-9999
10	11	6.73879	12.9337	15.0233	10.73	4.08513	11.3512	0	-9999	-9999	0.90984	-9999
10	12	12.7173	14.7733	19.4867	10.99	5.6233	11.7269	0	-9999	-9999	1.51293	-9999
10	13	11.6237	17.0367	22.2967	12.6733	10.482	11.6985	0	-9999	-9999	2.28836	-9999
10	14	10.2665	18.704	22.49	15.79	11.5041	12.3851	0	-9999	-9999	2.43945	-9999
10	15	9.78645	15.839	17.8267	13.77	6.79296	12.4199	0	-9999	-9999	1.20087	-9999
10	16	6.83158	14.9893	16.56	12.99	3.29954	12.3397	0	14.0763	-9999	0.404981	-9999
10	17	7.54166	12.5205	14.6133	10.7233	1.79524	11.9349	0	13.8923	-9999	0.608676	-9999
10	18	1.85916	10.5814	11.84	8.27	2.29742	11.2894	0	13.8363	-9999	0.372333	-9999
10	19	9.58458	10.1747	13.5033	8.11	3.09993	10.3693	0.2	13.6167	-9999	0.817938	-9999
10	20	11.0376	10.2577	12.5133	8.65	3.2623	9.95486	0.1	13.1087	-9999	0.728859	-9999
10	21	3.49325	10.5598	12.7667	9.15333	2.06264	9.91618	2.7	12.6942	-9999	0.496136	-9999
10	22	2.64143	10.8109	11.8067	9.46	1.29889	10.4006	5.8	13.5152	-9999	0.592116	-9999
10	23	0.885092	8.6566	9.47	7.01667	0.815667	9.9934	0.1	14.7367	-9999	0.238678	-9999
10	24	2.79198	8.51873	10.9	6.88067	1.54114	9.42146	1.2	14.7002	-9999	0.378283	-9999
10	25	6.73098	10.1429	12.66	8.18667	2.14499	9.63778	0.7	14.4133	-9999	0.796354	-9999
10	26	8.70248	10.4731	13.8267	8.35	2.94168	9.73063	0.1	14.0046	-9999	0.803089	-9999
10	27	6.29469	9.76764	12.0467	7.43667	2.15874	9.46396	2.2	13.5754	-9999	0.626972	-9999
10	28	2.33703	9.71722	11.48	8.63667	1.15193	9.82458	10.6	14.425	-9999	0.707696	-9999
10	29	3.11211	8.64236	10.3633	7.28667	1.98495	9.33194	0.4	16.014	-9999	1.10915	-9999
10	30	6.66028	13.3243	16.4533	9.78	5.1611	9.87681	0	15.2333	-9999	1.32655	-9999
10	31	7.41244	14.6363	20.57	6.12533	8.15488	11.0457	3.7	14.57	-9999	2.05162	-9999
11	1	3.60033	5.59857	7.59667	4.08133	1.97802	8.78319	1.7	14.6223	-9999	0.880551	-9999
11	2	2.99816	5.95525	7.34333	3.50667	0.852618	7.94597	1.7	14.6427	-9999	0.374328	-9999
11	3	2.02099	6.69567	7.54667	5.91	1.50173	8.12493	0	14.6646	-9999	0.585802	-9999
11	4	5.23996	7.28306	9.62667	5.98933	2.29761	8.00174	0	14.549	-9999	0.47877	-9999
11	5	4.09808	5.1585	6.59067	1.926	2.37569	7.53031	0.1	14.3717	-9999	0.523253	-9999
11	6	2.39738	4.7445	7.08167	1.37333	2.41066	6.39948	0	14.1846	-9999	0.406682	-9999
11	7	2.58657	6.18742	7.87	3.92667	1.82478	7.05974	4.9	13.9102	-9999	1.02076	-9999
11	8	1.13845	4.59916	6.76	0.557333	0.780175	6.6827	33.3	18.7606	-9999	0.746265	-9999
11	9	1.89819	-0.814389	0.442	-1.38767	0.546259	4.90008	1.9	21.0829	-9999	0.588399	-9999
11	10	7.95813	-1.30236	0.709	-2.717	0.449758	3.679	0	21.3054	-9999	0.540072	-9999
11	11	6.57025	0.426208	3.58533	-2.56967	2.11634	2.93736	0	20.8477	-9999	0.533468	-9999
11	12	2.43636	4.06964	5.643	2.64967	1.56081	4.06858	0.9	20.5883	-9999	0.146636	-9999
11	13	4.13135	1.41758	5.37033	-1.011	0.772793	4.62881	4.8	21.9312	-9999	0.919897	-9999
11	14	6.7637	-0.84625	1.11833	-3.43833	0.723255	3.33132	0	23.0494	-9999	0.271055	-9999
11	15	6.55362	-1.0351	0.861	-3.16867	0.392542	2.86161	0	23.0968	-9999	0.367791	-9999
11	16	1.57413	2.57014	4.17733	-0.0336667	0.568596	3.52102	0.7	22.1158	-9999	0.142934	-9999
11	17	3.56705	2.09108	3.63967	-0.564	1.20284	3.85371	0	22.0723	-9999	0.370713	-9999
11	18	1.94891	2.70616	3.46133	2.07467	1.07367	4.16761	0.1	21.7729	-9999	0.184997	-9999
11	19	1.0265	3.49257	4.19433	2.63033	0.477168	4.60635	4.8	22.1696	-9999	0.157829	-9999
11	20	4.93754	1.76631	2.831	0.856667	0.789747	4.36725	0	22.5081	-9999	0.817317	-9999
11	21	2.21002	4.01453	5.61033	1.513	1.73146	4.32917	0	23.0387	-9999	0.527537	-9999
11	22	0.788698	2.90534	5.50567	-0.796	1.25459	4.55134	9.9	23.3988	-9999	1.13101	-9999
11	23	3.4056	-1.07955	0.238	-1.955	0.570847	3.11231	1.4	26.6406	-9999	0.680237	-9999
11	24	3.98496	-0.526972	0.667667	-1.93467	0.465313	2.53546	0	26.296	-9999	0.0968993	-9999
11	25	2.93637	0.471611	1.885	-0.867667	1.0172	2.71481	0	25.691	-9999	0.186636	-9999
11	26	0.666449	3.81293	5.833	1.629	0.532152	3.66431	7.7	26.8425	-9999	0.0688255	-9999
11	27	1.57142	2.78559	3.44567	1.917	0.667464	4.23356	1.8	28.2246	-9999	0.214025	-9999
11	28	1.56217	2.3039	3.161	1.224	0.826977	3.9189	2.4	28.8052	-9999	0.580966	-9999
11	29	1.11331	2.46958	3.55467	1.564	0.677519	3.78668	8.7	29.3521	-9999	0.322133	-9999
11	30	1.39518	2.2571	3.34633	-0.652	0.72891	4.03905	0.2	29.2833	-9999	0.398597	-9999
12	1	5.45052	-0.28859	2.185	-1.834	1.75681	2.82011	0.1	28.6731	-9999	0.520038	-9999
12	2	5.30197	1.07294	4.23567	-0.816667	2.20158	2.18853	0	27.886	-9999	0.0592499	-9999
12	3	5.25192	-0.677583	1.44667	-3.291	1.39005	1.87806	0	27.5888	-9999	0.0873435	-9999
12	4	2.62206	0.782076	3.72933	-3.126	1.08399	1.71962	5.5	26.7798	-9999	0.261263	-9999
12	5	0.960557	3.84009	4.95167	2.73233	1.05036	3.15618	2.1	29.3356	-9999	0.384819	-9999
12	6	0.438449	3.74112	5.64767	1.689	0.635148	3.90924	24	31.6563	-9999	0.308326	-9999
12	7	1.22543	1.79956	2.41433	0.362333	0.483521	3.66565	0.7	30.5467	-9999	0.185945	-9999
12	8	0.598182	-2.27285	0.313	-4.21433	0.570624	2.70053	0.1	29.7758	-9999	0.608948	-9999
12	9	4.4367	-4.14626	-1.977	-5.28667	0.393258	1.6069	0	28.6629	-9999	0.271202	-9999
12	10	1.58277	-1.00362	0.416667	-2.482	0.374269	1.08224	0.6	-9999	-9999	0.423375	-9999
12	11	0.804035	-0.436118	-0.140667	-1.25767	0.36393	1.19692	4.9	-9999	-9999	0.207596	-9999
12	12	0.40235	0.00051389	1.899	-2.74633	0.428763	1.5266	5.9	-9999	-9999	0.406204	-9999
12	13	2.95475	-9.46725	-2.71567	-13.4867	0.399463	0.937597	0	-9999	-9999	0.555568	-9999
12	14	2.98515	-11.4703	-9.77333	-13.3333	0.289569	-0.406014	0.1	27.7344	-9999	0.113668	-9999
12	15	1.0028	-6.59941	-4.33033	-9.54333	0.324547	-0.841264	0.8	23.5325	-9999	0.203703	-9999
12	16	0.391885	-3.00202	-2.13733	-4.11067	0.346199	-0.575174	1.7	22.5298	-9999	-0.0362447	-9999
12	17	0.532794	-2.5491	-1.76233	-3.767	0.353626	-0.44966	1.9	23.3094	-9999	0.0108721	-9999
12	18	0.815717	-1.93133	-1.60967	-2.40467	0.350944	-0.358153	2.1	24.3152	-9999	0.103762	-9999
12	19	0.912387	0.175333	0.901333	-1.45933	0.609318	-0.218778	0.9	24.3296	-9999	0.830352	-9999
12	20	2.03965	-5.00143	0.0636667	-9.38667	0.355063	-0.0664722	9.8	24.8062	-9999	0.941889	-9999
12	21	1.3726	-4.09501	-1.237	-10.12	0.614606	-0.00957639	6.3	25.2415	-9999	1.59426	-9999
12	22	4.16479	-2.24645	-1.39133	-3.356	0.346129	0.0741458	4	25.3763	-9999	0.65626	-9999
12	23	5.14689	-8.3566	-2.66167	-10.93	0.340695	0.156771	4	25.3158	-9999	0.480877	-9999
12	24	2.37307	-5.52315	-2.605	-9.92333	0.325422	0.178479	1.7	24.9977	-9999	1.85537	-9999
12	25	1.35853	1.16031	2.46433	-2.18367	1.25875	0.260292	0.4	24.9352	-9999	1.21516	-9999
12	26	3.16016	0.210354	1.26333	-1.492	1.08604	0.36484	0.9	25.6435	-9999	0.317845	-9999
12	27	4.01768	-1.87508	-1.01533	-2.80033	0.61911	0.485167	2.4	26.099	-9999	0.514886	-9999
12	28	2.02902	1.37164	3.98567	-1.37133	0.982606	0.60675	6.1	26.8058	-9999	1.39652	-9999
12	29	1.16215	-0.122896	2.07367	-2.36767	0.829329	0.689118	3.8	29.476	-9999	0.441372	-9999
12	30	1.51406	-2.7385	-2.25867	-3.49833	0.388038	0.800806	12.2	29.8637	-9999	0.948664	-9999
12	31	1.77445	-6.54178	-2.031	-8.16	0.349622	0.903986	3.26809	29.1448	-9999	0.377965	-9999
