Month	n_days	Rg_f	Ta_f	Tmax	Tmin	VPD_f	Ts_f	Precip	SWC	LAI	ET	Litterfall
1	1	0.833214	0.287898	2.9764	-1.18896	0.0404278	3.09912	17.0	45.4692	-9999	-9999	-9999
1	2	3.05582	-1.24269	2.26863	-5.18004	0.616813	2.16572	3.6	43.8271	-9999	-9999	-9999
1	3	5.67135	-5.90903	-2.64114	-8.19958	0.703712	1.77991	0.0	43.7043	-9999	-9999	-9999
1	4	2.43864	-4.22112	-0.875558	-7.17969	0.281428	1.5263	0.0	43.1368	-9999	-9999	-9999
1	5	0.413057	1.39741	2.48122	-0.771052	0.0381371	1.34	32.4	43.5612	-9999	-9999	-9999
1	6	2.24506	0.63818	1.90223	-1.27754	0.0421686	1.07078	21.4	46.3689	-9999	-9999	-9999
1	7	2.33504	-0.436623	1.7481	-1.69191	0.062659	0.976284	5.4	44.7522	-9999	-9999	-9999
1	8	0.368936	2.53358	3.29797	1.15766	0.082228	0.809006	51.8	47.1048	-9999	-9999	-9999
1	9	0.715685	-1.27627	2.73299	-4.89095	0.0390776	0.622706	4.4	45.6527	-9999	-9999	-9999
1	10	2.48084	-4.08761	-1.59634	-6.00805	0.0650459	0.643865	0.0	43.9274	-9999	-9999	-9999
1	11	1.87523	-4.18739	-3.3288	-5.2793	0.0592069	0.659096	0.0	43.0983	-9999	-9999	-9999
1	12	2.67215	-4.91637	-1.24514	-7.61555	0.128849	0.673909	0.4	42.6941	-9999	-9999	-9999
1	13	2.38963	-5.34745	-3.12954	-7.79954	0.185888	0.677175	0.0	42.4464	-9999	-9999	-9999
1	14	9.88886	-4.10197	0.186285	-6.99231	0.136006	0.678808	1.6	42.1621	-9999	-9999	-9999
1	15	7.12336	-3.58526	-1.84495	-5.12597	0.311653	0.676016	0.2	41.967	-9999	-9999	-9999
1	16	7.42741	-3.87665	-0.619933	-6.30173	0.156909	0.685866	0.0	41.7697	-9999	-9999	-9999
1	17	2.69482	-2.96266	-1.37853	-5.80639	0.434456	0.684612	0.0	41.6015	-9999	-9999	-9999
1	18	8.01378	-2.40179	1.9655	-5.66328	0.666074	0.685414	1.2	41.3875	-9999	-9999	-9999
1	19	12.1442	-4.83803	-0.963369	-8.12448	0.900598	0.677952	0.2	41.2448	-9999	-9999	-9999
1	20	10.5232	-5.1235	1.71724	-8.73403	1.41539	0.621677	0.2	41.0513	-9999	-9999	-9999
1	21	11.607	-5.01281	-1.248	-6.85356	0.83306	0.543753	0.2	40.9623	-9999	-9999	-9999
1	22	8.96324	-6.52743	-1.86237	-8.95994	0.714686	0.468284	0.0	40.7963	-9999	-9999	-9999
1	23	12.0906	-6.86095	-0.860286	-9.40801	0.95876	0.389453	0.00	40.577	-9999	-9999	-9999
1	24	12.0729	-4.04312	2.8217	-9.12947	1.99342	0.31107	1.00	40.3902	-9999	-9999	-9999
1	25	5.56052	-5.58212	-2.48513	-9.79824	0.867162	0.252168	0.00	40.2438	-9999	-9999	-9999
1	26	0.632955	-2.34349	-1.85911	-3.57059	0.124477	0.231059	0.00	39.9138	-9999	-9999	-9999
1	27	1.30403	-2.87172	-1.41576	-4.92199	0.213485	0.237391	0.00	-9999	-9999	-9999	-9999
1	28	1.41606	-3.0435	0.0307435	-6.37505	0.300122	0.24501	0.20	-9999	-9999	-9999	-9999
1	29	2.03901	-3.1638	-0.662044	-6.29725	0.264125	0.25434	0.20	-9999	-9999	-9999	-9999
1	30	8.98732	-3.54343	-1.41331	-5.15958	0.491899	0.269522	0.24	-9999	-9999	-9999	-9999
1	31	12.37	-6.97263	-3.72162	-13.1154	0.611511	0.298068	0.00	-9999	-9999	-9999	-9999
2	1	13.9112	-8.11436	-4.54917	-13.2346	0.654934	0.312915	0.00	-9999	-9999	-9999	-9999
2	2	14.6416	-7.5258	-4.34521	-13.2941	1.2882	0.323879	0.00	-9999	-9999	-9999	-9999
2	3	13.3145	-4.39169	-0.354358	-10.7791	0.925337	0.326401	0.00	39.4089	-9999	-9999	-9999
2	4	11.1356	-2.47429	1.70226	-6.1114	0.769821	0.328829	1.40	39.6045	-9999	-9999	-9999
2	5	1.87237	-1.13914	-0.179633	-3.64031	1.82782	0.333966	6.40	39.4559	-9999	-9999	-9999
2	6	1.8721	-1.14453	-0.389147	-3.64031	1.82062	0.333956	0.00	-9999	-9999	-9999	-9999
2	7	1.8721	-1.14453	-0.389147	-3.64031	1.82062	0.333956	0.00	-9999	-9999	-9999	-9999
2	8	1.87946	-1.80888	-0.389147	-7.16411	1.64581	0.333101	0.24	-9999	-9999	-9999	-9999
2	9	9.02027	-3.09587	-0.525187	-5.36668	1.23476	0.329083	0.00	-9999	-9999	-9999	-9999
2	10	7.49003	-2.19969	0.195169	-3.96135	1.24008	0.330465	0.00	-9999	-9999	-9999	-9999
2	11	4.51883	-1.65721	-0.0660418	-2.70933	1.5227	0.332273	0.00	-9999	-9999	-9999	-9999
2	12	1.8738	-1.93997	-9999	-9999	1.59837	0.333032	0.00	-9999	-9999	-9999	-9999
2	13	8.65989	-2.62187	-9999	-9999	1.18371	0.329615	0.00	-9999	-9999	-9999	-9999
2	14	6.50105	-1.82453	-9999	-9999	1.30705	0.331356	0.00	-9999	-9999	-9999	-9999
2	15	1.87946	-1.80888	-9999	-9999	1.64581	0.333101	0.00	-9999	-9999	-9999	-9999
2	16	9.02027	-3.09587	-9999	-9999	1.23476	0.329083	0.00	-9999	-9999	-9999	-9999
2	17	7.49003	-2.19969	-9999	-9999	1.24008	0.330465	0.00	-9999	-9999	-9999	-9999
2	18	4.51883	-1.65721	-9999	-9999	1.5227	0.332273	1.68	-9999	-9999	-9999	-9999
2	19	1.8738	-1.93997	-9999	-9999	1.59837	0.333032	60.72	-9999	-9999	-9999	-9999
2	20	8.65989	-2.62187	-9999	-9999	1.18371	0.329615	4.08	-9999	-9999	-9999	-9999
2	21	6.50105	-1.82453	-9999	-9999	1.30705	0.331356	4.08	-9999	-9999	-9999	-9999
2	22	1.87946	-1.80888	-9999	-9999	1.64581	0.333101	0.48	-9999	-9999	-9999	-9999
2	23	9.02027	-3.09587	-9999	-9999	1.23476	0.329083	13.68	-9999	-9999	-9999	-9999
2	24	7.49003	-2.19969	-9999	-9999	1.24008	0.330465	9.60	-9999	-9999	-9999	-9999
2	25	4.51883	-1.65721	-9999	-9999	1.5227	0.332273	5.76	-9999	-9999	-9999	-9999
2	26	1.8738	-1.93997	-9999	-9999	1.59837	0.333032	0.24	-9999	-9999	-9999	-9999
2	27	8.65989	-2.62187	-9999	-9999	1.18371	0.329615	0.00	-9999	-9999	-9999	-9999
2	28	6.50105	-1.82453	-9999	-9999	1.30705	0.331356	0.00	-9999	-9999	-9999	-9999
3	1	1.87946	-1.80888	-9999	-9999	1.64581	0.333101	7.68	-9999	-9999	-9999	-9999
3	2	9.02027	-3.09587	-9999	-9999	1.23476	0.329083	0.24	-9999	-9999	-9999	-9999
3	3	7.49003	-2.19969	-9999	-9999	1.24008	0.330465	0.96	-9999	-9999	-9999	-9999
3	4	4.51883	-1.65721	-9999	-9999	1.5227	0.332273	36.48	-9999	-9999	-9999	-9999
3	5	1.8738	-1.93997	-9999	-9999	1.59837	0.333032	0.00	-9999	-9999	-9999	-9999
3	6	8.65989	-2.62187	-9999	-9999	1.18371	0.329615	7.44	-9999	-9999	-9999	-9999
3	7	6.50105	-1.82453	-9999	-9999	1.30705	0.331356	0.00	-9999	-9999	-9999	-9999
3	8	1.87946	-1.80888	-9999	-9999	1.64581	0.333101	0.00	-9999	-9999	-9999	-9999
3	9	9.02027	-3.09587	-9999	-9999	1.23476	0.329083	0.24	-9999	-9999	-9999	-9999
3	10	7.49003	-2.19969	-9999	-9999	1.24008	0.330465	10.32	-9999	-9999	-9999	-9999
3	11	4.51883	-1.65721	-9999	-9999	1.5227	0.332273	0.00	-9999	-9999	-9999	-9999
3	12	1.8738	-1.93997	-9999	-9999	1.59837	0.333032	0.00	-9999	-9999	-9999	-9999
3	13	8.65989	-2.62187	-9999	-9999	1.18371	0.329615	0.00	-9999	-9999	-9999	-9999
3	14	6.50105	-1.82453	-9999	-9999	1.30705	0.331356	0.00	-9999	-9999	-9999	-9999
3	15	1.87946	-1.80888	-9999	-9999	1.64581	0.333101	0.00	-9999	-9999	-9999	-9999
3	16	9.02027	-3.09587	-9999	-9999	1.23476	0.329083	0.24	-9999	-9999	-9999	-9999
3	17	7.49003	-2.19969	-9999	-9999	1.24008	0.330465	0.24	-9999	-9999	-9999	-9999
3	18	4.51795	-1.42489	-9999	-9999	1.52454	0.481332	0.00	-9999	-9999	-9999	-9999
3	19	16.5267	4.42776	-9999	-9999	2.98693	3.94922	0.00	-9999	-9999	-9999	-9999
3	20	30.5944	9.37022	-9999	-9999	3.29307	7.99766	0.00	-9999	-9999	-9999	-9999
3	21	27.8276	9.58194	-9999	-9999	3.91657	8.192	0.00	-9999	-9999	-9999	-9999
3	22	24.486	9.51484	-9999	-9999	3.84471	8.21319	0.00	-9999	-9999	-9999	-9999
3	23	31.4195	9.97044	-9999	-9999	3.99603	7.97855	10.80	-9999	-9999	-9999	-9999
3	24	30.1884	9.39019	-9999	-9999	3.38204	8.13813	0.00	-9999	-9999	-9999	-9999
3	25	25.5614	9.69405	-9999	-9999	4.22746	8.22946	0.24	-9999	-9999	-9999	-9999
3	26	31.4856	9.99061	-9999	-9999	4.21302	7.97364	0.00	-9999	-9999	-9999	-9999
3	27	30.5946	9.47609	-9999	-9999	3.30643	8.06923	0.00	-9999	-9999	-9999	-9999
3	28	27.8276	9.58194	-9999	-9999	3.91657	8.192	0.48	-9999	-9999	-9999	-9999
3	29	24.486	9.51484	-9999	-9999	3.84471	8.21319	0.00	-9999	-9999	-9999	-9999
3	30	31.4195	9.97044	-9999	-9999	3.99603	7.97855	0.00	-9999	-9999	-9999	-9999
3	31	30.1884	9.39019	-9999	-9999	3.38204	8.13813	0.00	-9999	-9999	-9999	-9999
4	1	25.5614	9.69405	-9999	-9999	4.22746	8.22946	0.00	-9999	-9999	-9999	-9999
4	2	31.4856	9.99061	-9999	-9999	4.21302	7.97364	0.00	-9999	-9999	-9999	-9999
4	3	30.5946	9.47609	-9999	-9999	3.30643	8.06923	0.00	-9999	-9999	-9999	-9999
4	4	27.8276	9.58194	-9999	-9999	3.91657	8.192	14.88	-9999	-9999	-9999	-9999
4	5	24.486	9.51484	-9999	-9999	3.84471	8.21319	2.40	-9999	-9999	-9999	-9999
4	6	31.4195	9.97044	-9999	-9999	3.99603	7.97855	0.00	-9999	-9999	-9999	-9999
4	7	30.1884	9.39019	-9999	-9999	3.38204	8.13813	0.00	-9999	-9999	-9999	-9999
4	8	25.5614	9.69405	-9999	-9999	4.22746	8.22946	0.00	-9999	-9999	-9999	-9999
4	9	31.4856	9.99061	-9999	-9999	4.21302	7.97364	0.00	-9999	-9999	-9999	-9999
4	10	30.5946	9.47609	-9999	-9999	3.30643	8.06923	0.00	-9999	-9999	-9999	-9999
4	11	27.8276	9.58194	-9999	-9999	3.91657	8.192	4.80	-9999	-9999	-9999	-9999
4	12	24.486	9.51484	-9999	-9999	3.84471	8.21319	14.64	-9999	-9999	-9999	-9999
4	13	31.4195	9.97044	-9999	-9999	3.99603	7.97855	2.16	-9999	-9999	-9999	-9999
4	14	30.1884	9.39019	-9999	-9999	3.38204	8.13813	0.24	-9999	-9999	-9999	-9999
4	15	25.5614	9.69405	-9999	-9999	4.22746	8.22946	0.00	-9999	-9999	-9999	-9999
4	16	31.4856	9.99061	-9999	-9999	4.21302	7.97364	0.96	-9999	-9999	-9999	-9999
4	17	30.5946	9.47609	-9999	-9999	3.30643	8.06923	2.64	-9999	-9999	-9999	-9999
4	18	27.8276	9.58194	-9999	-9999	3.91657	8.192	9.36	-9999	-9999	-9999	-9999
4	19	24.486	9.51484	-9999	-9999	3.84471	8.21319	0.24	-9999	-9999	-9999	-9999
4	20	31.4195	9.97044	-9999	-9999	3.99603	7.97855	0.00	-9999	-9999	-9999	-9999
4	21	30.1884	9.39019	-9999	-9999	3.38204	8.13813	0.00	-9999	-9999	-9999	-9999
4	22	25.5614	9.69405	-9999	-9999	4.22746	8.22946	1.68	-9999	-9999	-9999	-9999
4	23	31.4856	9.99061	-9999	-9999	4.21302	7.97364	33.84	-9999	-9999	-9999	-9999
4	24	30.5946	9.47609	14.137	3.7843	3.30643	8.06923	13.44	-9999	-9999	-9999	-9999
4	25	27.8276	9.58194	13.6058	5.20732	3.91657	8.192	0.48	-9999	-9999	-9999	-9999
4	26	24.486	9.51484	12.8709	6.17032	3.84471	8.21319	0.24	-9999	-9999	-9999	-9999
4	27	31.4195	9.97044	14.2855	5.76023	3.99603	7.97855	30.00	-9999	-9999	-9999	-9999
4	28	31.5147	9.48978	14.2855	3.57279	3.3452	7.94801	0.72	-9999	-9999	-9999	-9999
4	29	31.5147	9.48978	14.2855	3.57279	3.3452	7.94801	0.00	-9999	-9999	-9999	-9999
4	30	31.48	9.47929	14.4975	3.57279	3.33661	7.94928	0.00	42.2061	-9999	-9999	-9999
5	1	29.0524	9.29691	14.1973	3.18565	3.39655	8.31687	0.00	41.7273	-9999	-9999	-9999
5	2	16.4134	9.80526	13.7643	6.51683	4.88037	8.35915	2.00	41.2771	-9999	-9999	-9999
5	3	16.6575	8.34305	11.6209	5.7032	1.35735	8.09728	2.60	41.3366	-9999	-9999	-9999
5	4	10.8338	9.55467	12.655	7.83085	2.48166	8.00281	3.80	41.3841	-9999	-9999	-9999
5	5	3.93002	7.51209	11.5144	2.20297	1.80889	7.65948	2.80	41.6621	-9999	-9999	-9999
5	6	11.1104	2.36048	4.76314	-0.0796817	0.31212	6.38085	11.80	43.5213	-9999	-9999	-9999
5	7	11.1642	3.58393	6.52947	0.0878103	0.510492	5.54714	0.80	44.037	-9999	-9999	-9999
5	8	12.5513	4.29196	8.03639	2.18738	0.482447	5.66925	1.40	43.1433	-9999	-9999	-9999
5	9	25.3178	6.6642	11.1747	0.989616	2.49036	5.92898	0.20	42.805	-9999	-9999	-9999
5	10	21.5891	9.80247	15.2545	5.26086	4.69238	6.50302	0.00	42.186	-9999	-9999	-9999
5	11	12.8762	9.11792	14.2253	6.58811	2.65565	6.95759	1.60	41.6568	-9999	-9999	-9999
5	12	17.6961	8.38021	13.4719	3.64413	1.93265	7.01493	3.80	41.1832	-9999	-9999	-9999
5	13	12.4552	6.02119	9.26229	1.82941	0.779956	6.87262	8.00	42.9644	-9999	-9999	-9999
5	14	11.6087	6.22081	10.165	2.25542	1.06144	6.38108	9.60	43.5905	-9999	-9999	-9999
5	15	11.7754	6.63938	9.89195	2.92436	0.994199	6.364	52.80	-9999	-9999	-9999	-9999
5	16	19.0317	5.6372	9.14591	2.65313	1.22151	5.6027	5.04	-9999	-9999	-9999	-9999
5	17	20.1799	5.35762	9.75219	2.2922	1.63257	5.3166	2.80	-9999	-9999	-9999	-9999
5	18	21.7378	7.22999	12.4767	1.99724	3.05616	5.49781	0.00	44.2124	-9999	-9999	-9999
5	19	7.83636	3.99437	7.81581	1.91391	0.497837	5.6303	7.80	44.3594	-9999	-9999	-9999
5	20	7.87245	3.93429	7.29813	2.05057	0.481208	5.56551	0.60	-9999	-9999	-9999	-9999
5	21	7.87247	3.93309	7.29813	2.05057	0.481342	5.566	1.60	-9999	-9999	-9999	-9999
5	22	7.87247	3.93309	7.29813	2.05057	0.481342	5.566	0.00	-9999	-9999	-9999	-9999
5	23	16.5191	5.48435	8.40914	2.23919	1.61916	5.48431	0.00	-9999	-9999	-9999	-9999
5	24	15.5203	5.56636	8.59959	2.23919	1.71205	5.53433	0.00	-9999	-9999	-9999	-9999
5	25	11.8615	4.92559	8.18645	2.05199	1.22564	5.58036	0.20	-9999	-9999	-9999	-9999
5	26	8.68793	4.17215	3.05433	2.31644	0.595921	5.58293	0.00	-9999	-9999	-9999	-9999
5	27	16.544	5.52469	-9999	-9999	1.65657	5.50306	0.00	-9999	-9999	-9999	-9999
5	28	14.9246	5.63354	-9999	-9999	1.78565	5.55629	0.40	-9999	-9999	-9999	-9999
5	29	7.8624	3.97061	-9999	-9999	0.491725	5.60289	0.00	-9999	-9999	-9999	-9999
5	30	16.5191	5.48435	-9999	-9999	1.61916	5.48431	0.00	-9999	-9999	-9999	-9999
5	31	15.5203	5.56636	-9999	-9999	1.71205	5.53433	2.60	-9999	-9999	-9999	-9999
6	1	11.8615	4.92559	-9999	-9999	1.22564	5.58036	0.00	-9999	-9999	-9999	-9999
6	2	8.68793	4.17215	-9999	-9999	0.595921	5.58293	17.80	-9999	-9999	-9999	-9999
6	3	16.544	5.52469	-9999	-9999	1.65657	5.50306	15.20	-9999	-9999	-9999	-9999
6	4	14.9246	5.63354	-9999	-9999	1.78565	5.55629	12.20	-9999	-9999	-9999	-9999
6	5	7.8624	3.97061	-9999	-9999	0.491725	5.60289	0.00	-9999	-9999	-9999	-9999
6	6	16.5191	5.48435	-9999	-9999	1.61916	5.48431	0.00	-9999	-9999	-9999	-9999
6	7	15.5203	5.56636	-9999	-9999	1.71205	5.53433	0.20	-9999	-9999	-9999	-9999
6	8	11.8615	4.92559	-9999	-9999	1.22564	5.58036	0.00	-9999	-9999	-9999	-9999
6	9	9.07583	4.6308	-9999	-9999	0.833764	5.82747	0.20	-9999	-9999	-9999	-9999
6	10	27.411	13.6582	-9999	-9999	5.60892	9.63907	0.00	-9999	-9999	-9999	-9999
6	11	26.9322	15.7538	-9999	-9999	6.09955	10.9799	0.00	-9999	-9999	-9999	-9999
6	12	28.389	16.1124	-9999	-9999	6.36773	11.1565	0.00	-9999	-9999	-9999	-9999
6	13	26.9687	16.262	-9999	-9999	6.32377	11.3093	0.00	-9999	-9999	-9999	-9999
6	14	27.4892	16.1526	-9999	-9999	6.40352	11.1609	0.00	-9999	-9999	-9999	-9999
6	15	29.4636	16.2012	-9999	-9999	6.42926	11.0739	0.60	-9999	-9999	-9999	-9999
6	16	27.8942	16.1163	-9999	-9999	6.38758	11.2284	0.00	-9999	-9999	-9999	-9999
6	17	30.3395	16.4971	-9999	-9999	6.76055	11.1614	0.00	-9999	-9999	-9999	-9999
6	18	26.931	15.8331	-9999	-9999	6.11118	11.0336	0.20	-9999	-9999	-9999	-9999
6	19	28.389	16.1124	-9999	-9999	6.36773	11.1565	6.80	-9999	-9999	-9999	-9999
6	20	26.9687	16.262	-9999	-9999	6.32377	11.3093	21.60	-9999	-9999	-9999	-9999
6	21	27.4892	16.1526	-9999	-9999	6.40352	11.1609	6.60	-9999	-9999	-9999	-9999
6	22	29.4636	16.2012	-9999	-9999	6.42926	11.0739	0.00	-9999	-9999	-9999	-9999
6	23	27.8942	16.1163	-9999	-9999	6.38758	11.2284	0.00	-9999	-9999	-9999	-9999
6	24	30.3395	16.4971	-9999	-9999	6.76055	11.1614	0.00	-9999	-9999	-9999	-9999
6	25	26.931	15.8331	21.5393	11.9575	6.11118	11.0336	0.00	-9999	-9999	-9999	-9999
6	26	28.389	16.1124	21.8221	11.1131	6.36773	11.1565	4.60	-9999	-9999	-9999	-9999
6	27	26.9687	16.262	21.4613	11.6663	6.32377	11.3093	0.00	-9999	-9999	-9999	-9999
6	28	27.4892	16.1526	21.7374	11.8384	6.40352	11.1609	0.00	-9999	-9999	-9999	-9999
6	29	27.9928	15.8007	21.0433	11.3611	6.19578	10.9635	0.00	-9999	-9999	-9999	-9999
6	30	27.9928	15.8007	21.0433	11.3611	6.19578	10.9635	0.00	-9999	-9999	-9999	-9999
7	1	28.07	15.7936	21.2603	11.3611	6.18908	10.9633	0.00	-9999	-9999	-9999	-9999
7	2	30.6647	16.5918	23.1492	10.7907	6.64897	11.1805	0.00	-9999	-9999	-9999	-9999
7	3	24.9684	15.9673	22.5469	10.3675	6.19306	11.4496	0.00	-9999	-9999	-9999	-9999
7	4	21.0534	16.9908	22.9795	12.223	5.85967	11.8283	0.00	-9999	-9999	-9999	-9999
7	5	31.4032	17.7297	22.9539	12.0455	6.19847	12.0936	0.00	-9999	-9999	-9999	-9999
7	6	26.2511	16.9923	22.5882	11.3807	6.30419	12.3209	0.00	-9999	-9999	-9999	-9999
7	7	29.6666	16.7806	21.7553	11.831	3.8691	12.4965	0.60	-9999	-9999	-9999	-9999
7	8	33.3039	16.0394	21.5018	12.3516	5.23474	12.2626	0.00	-9999	-9999	-9999	-9999
7	9	33.1797	18.0608	22.9178	13.4937	12.7471	12.1937	0.00	-9999	-9999	-9999	-9999
7	10	32.4086	18.3134	24.5889	12.6049	12.8392	12.3676	0.00	-9999	-9999	-9999	-9999
7	11	30.7009	17.6306	23.6843	10.9061	6.41226	12.5449	0.00	-9999	-9999	-9999	-9999
7	12	21.9487	16.265	23.2262	10.3225	3.47133	12.8527	1.00	-9999	-9999	-9999	-9999
7	13	29.0597	17.6686	23.447	11.5082	5.10989	12.7712	0.00	-9999	-9999	-9999	-9999
7	14	40.7679	20.0319	25.0234	11.907	9.76386	12.8805	0.00	-9999	-9999	-9999	-9999
7	15	30.2896	19.5246	26.0671	12.8793	9.1344	13.1671	0.00	-9999	-9999	-9999	-9999
7	16	27.8396	19.9413	25.9589	13.458	7.88684	13.5779	0.00	-9999	-9999	-9999	-9999
7	17	28.987	19.8714	25.7276	13.8785	8.34706	13.835	0.00	-9999	-9999	-9999	-9999
7	18	29.6507	19.268	25.8137	13.8045	9.89141	13.7684	0.00	-9999	-9999	-9999	-9999
7	19	23.4669	17.4915	22.7657	12.6038	4.64635	13.6544	0.00	-9999	-9999	-9999	-9999
7	20	21.1041	16.6631	21.4268	12.3732	3.41315	13.5932	0.00	-9999	-9999	-9999	-9999
7	21	29.9	17.0339	22.0898	11.4203	3.86984	13.4522	2.20	-9999	-9999	-9999	-9999
7	22	31.8122	18.2003	24.1894	12.9051	5.9214	13.5827	0.20	-9999	-9999	-9999	-9999
7	23	29.963	19.6872	25.8791	12.0426	11.586	13.6058	0.00	-9999	-9999	-9999	-9999
7	24	23.5604	16.8088	21.1666	11.5577	6.23321	13.5698	0.00	-9999	-9999	-9999	-9999
7	25	32.0653	12.9682	17.9312	8.28949	5.81561	12.7162	0.00	-9999	-9999	-9999	-9999
7	26	20.561	10.3726	15.9962	6.38356	3.22407	11.773	7.60	-9999	-9999	-9999	-9999
7	27	23.7553	10.5797	17.7145	5.55025	2.81889	11.04	3.40	-9999	-9999	-9999	-9999
7	28	29.1931	12.2067	18.0304	6.11107	3.53778	10.9687	0.20	-9999	-9999	-9999	-9999
7	29	26.4281	13.1319	18.2337	7.40364	3.73115	11.1879	0.00	-9999	-9999	-9999	-9999
7	30	10.2093	12.6034	16.0349	11.0064	1.4923	11.3901	25.40	-9999	-9999	-9999	-9999
7	31	20.2463	13.328	17.2411	9.62518	3.10988	11.2199	0.00	-9999	-9999	-9999	-9999
8	1	20.4216	13.3778	16.8484	10.4401	3.16944	11.2188	0.24	-9999	-9999	-9999	-9999
8	2	20.4214	13.326	16.8484	8.73627	3.13635	11.2155	0.48	-9999	-9999	-9999	-9999
8	3	20.7613	12.4994	16.8484	8.26454	3.0024	11.1445	0.24	-9999	-9999	-9999	-9999
8	4	20.1905	12.7355	16.1074	9.15242	2.81402	11.2151	4.08	-9999	-9999	-9999	-9999
8	5	17.0902	12.8974	15.6851	10.41	2.48207	11.2759	2.64	-9999	-9999	-9999	-9999
8	6	17.3604	13.0951	16.2217	9.2584	2.50212	11.2625	0.00	-9999	-9999	-9999	-9999
8	7	19.4914	12.5428	-9999	-9999	2.96168	11.1585	0.24	-9999	-9999	-9999	-9999
8	8	20.7667	13.2852	-9999	-9999	3.14927	11.3614	0.24	-9999	-9999	-9999	-9999
8	9	20.7561	14.7123	-9999	-9999	4.64381	11.768	0.00	-9999	-9999	-9999	-9999
8	10	24.7949	16.7431	-9999	-9999	7.26841	12.2715	0.00	-9999	-9999	-9999	-9999
8	11	29.9769	17.1576	-9999	-9999	7.28876	12.35	6.48	-9999	-9999	-9999	-9999
8	12	26.1039	16.1162	21.5483	12.2165	6.69611	12.1286	0.00	-9999	-9999	-9999	-9999
8	13	26.5629	17.2422	22.8845	12.7137	7.86218	12.3731	0.24	-9999	-9999	-9999	-9999
8	14	25.7977	17.8385	23.4651	13.3969	8.249	12.6628	1.68	-9999	-9999	-9999	-9999
8	15	27.4249	16.548	23.0174	11.5777	6.46937	12.3326	16.32	-9999	-9999	-9999	-9999
8	16	27.9638	15.8723	22.2155	11.5777	6.38315	12.0144	0.00	-9999	-9999	-9999	-9999
8	17	27.9638	15.8723	22.2155	11.5777	6.38315	12.0144	0.00	-9999	-9999	-9999	-9999
8	18	27.9588	15.8693	22.2155	11.1213	6.38692	12.0141	0.00	-9999	-9999	-9999	-9999
8	19	27.1443	17.4104	23.8508	11.4135	8.24667	12.36	0.00	26.5487	-9999	-9999	-9999
8	20	23.6842	19.4455	27.6937	13.5881	10.1706	13.0792	0.00	25.2519	-9999	-9999	-9999
8	21	24.0767	17.9007	24.7197	13.0909	6.92447	13.422	11.20	27.7913	-9999	-9999	-9999
8	22	18.3329	17.2869	23.7505	12.4469	4.02275	13.6219	0.00	31.2989	-9999	-9999	-9999
8	23	26.7271	18.0039	23.847	13.1077	5.17047	13.9426	0.20	28.9124	-9999	-9999	-9999
8	24	27.0468	17.5378	23.9346	10.7813	6.87526	13.8861	0.00	27.0726	-9999	-9999	-9999
8	25	26.4718	17.9193	23.9635	12.2982	8.47748	13.7898	0.00	25.4446	-9999	-9999	-9999
8	26	26.4392	18.2677	24.927	11.4873	7.99023	13.8586	0.00	24.3757	-9999	-9999	-9999
8	27	26.041	19.4296	25.8461	13.4389	7.79314	14.1917	0.00	23.137	-9999	-9999	-9999
8	28	25.4654	17.3155	21.0162	10.2538	6.50663	14.2723	0.00	21.8638	-9999	-9999	-9999
8	29	16.6145	14.2197	19.2363	9.95499	2.40168	13.6693	0.00	21.2378	-9999	-9999	-9999
8	30	13.6807	12.0802	15.1681	8.16762	2.14523	13.1343	0.20	20.8088	-9999	-9999	-9999
8	31	22.1591	10.2037	15.2891	6.21847	5.95811	11.9299	0.00	20.2357	-9999	-9999	-9999
9	1	24.2431	10.2313	16.4496	4.55046	6.40186	11.1767	0.00	19.7701	-9999	-9999	-9999
9	2	25.3707	10.7449	17.1315	4.47344	4.7194	10.9218	0.00	19.1079	-9999	-9999	-9999
9	3	13.8976	11.0813	17.4045	5.33137	4.64484	10.8499	0.00	18.733	-9999	-9999	-9999
9	4	20.3978	12.6838	19.1022	7.27816	5.08333	10.8652	0.00	18.3418	-9999	-9999	-9999
9	5	16.5662	12.2776	18.8058	7.43554	2.82929	11.038	1.60	18.0066	-9999	-9999	-9999
9	6	19.0046	12.3078	17.4971	6.85675	2.31659	11.1125	0.20	17.7406	-9999	-9999	-9999
9	7	22.3271	13.5088	17.5083	9.54264	4.79546	11.1517	0.00	17.5142	-9999	-9999	-9999
9	8	3.5116	12.6917	14.8879	10.1122	0.992715	11.464	23.20	21.6082	-9999	-9999	-9999
9	9	20.3949	11.1856	15.5115	6.23921	3.08622	11.2717	0.00	26.7805	-9999	-9999	-9999
9	10	9.06755	8.66697	11.8709	6.62323	0.919381	10.5797	1.60	25.3505	-9999	-9999	-9999
9	11	11.1759	9.25278	13.9557	7.06292	0.754137	10.1925	1.40	25.1875	-9999	-9999	-9999
9	12	18.8075	11.0178	17.7856	5.49952	2.51366	10.2094	0.20	24.8676	-9999	-9999	-9999
9	13	21.3874	11.1526	17.2192	5.49146	2.47017	10.3746	0.20	24.047	-9999	-9999	-9999
9	14	20.4817	10.5633	16.4699	7.0975	1.89537	10.4195	0.00	23.0663	-9999	-9999	-9999
9	15	23.0529	11.2057	17.2483	4.64976	3.18215	10.1991	0.00	22.2674	-9999	-9999	-9999
9	16	21.999	12.0381	17.2062	5.40478	2.85231	10.4376	0.00	21.5742	-9999	-9999	-9999
9	17	21.6531	12.6021	16.5111	8.87835	3.37904	10.7225	0.00	20.9665	-9999	-9999	-9999
9	18	14.2484	13.716	18.2279	10.5862	3.04972	10.9886	0.60	20.4283	-9999	-9999	-9999
9	19	12.9983	12.4371	16.4467	8.59331	1.48755	11.2506	3.00	21.9484	-9999	-9999	-9999
9	20	22.33	11.2478	17.6135	6.90322	3.05842	10.9435	0.00	24.0771	-9999	-9999	-9999
9	21	12.4727	10.4837	17.0861	4.635	3.20624	10.471	0.20	22.3438	-9999	-9999	-9999
9	22	13.1318	10.7585	16.6309	5.20486	3.74656	10.2964	0.60	21.2822	-9999	-9999	-9999
9	23	20.237	10.9131	16.782	5.27542	3.53752	10.0259	0.00	20.5613	-9999	-9999	-9999
9	24	3.61308	9.76384	12.0223	8.47439	0.742513	10.1384	2.60	19.9698	-9999	-9999	-9999
9	25	8.68894	9.61072	13.1644	4.25837	0.392114	10.1459	29.40	33.5602	-9999	-9999	-9999
9	26	12.8908	6.11337	10.884	2.21277	0.890087	9.25392	3.20	33.54	-9999	-9999	-9999
9	27	8.92473	5.8057	8.32467	2.80029	1.10018	8.65729	0.80	32.7264	-9999	-9999	-9999
9	28	13.4775	6.09997	11.2074	1.79109	1.60635	8.26216	0.00	30.7547	-9999	-9999	-9999
9	29	18.7881	6.90118	13.3847	1.12605	2.35903	8.01181	0.00	29.6903	-9999	-9999	-9999
9	30	16.9544	6.80738	12.0254	2.35817	1.53877	8.02065	0.20	28.9531	-9999	-9999	-9999
10	1	15.4269	7.6878	13.0894	3.32225	1.64371	8.06293	0.80	28.2299	-9999	-9999	-9999
10	2	19.2133	8.85402	14.9876	4.08305	1.85218	8.32967	0.20	27.5253	-9999	-9999	-9999
10	3	9.36529	10.2022	15.5982	6.04585	1.40873	8.7821	0.20	26.8879	-9999	-9999	-9999
10	4	15.5816	11.1375	15.0387	6.75498	2.84212	9.07672	0.00	26.1604	-9999	-9999	-9999
10	5	1.9237	10.2858	12.1115	7.00844	0.621407	9.64466	28.00	32.6893	-9999	-9999	-9999
10	6	14.846	9.785	16.2118	5.63272	1.8293	9.55707	0.20	34.0642	-9999	-9999	-9999
10	7	19.1717	11.1533	17.402	5.99387	3.07827	9.52246	0.20	31.9256	-9999	-9999	-9999
10	8	13.7132	9.99255	15.4585	7.63214	1.49382	9.69822	0.20	30.7985	-9999	-9999	-9999
10	9	17.9376	7.57673	12.6852	2.89017	1.54117	9.3503	0.00	30.0905	-9999	-9999	-9999
10	10	16.5634	7.34834	13.905	1.63414	2.82274	8.62774	0.20	29.3749	-9999	-9999	-9999
10	11	7.55656	7.13108	9.47705	5.60072	0.664186	8.41728	8.40	35.7705	-9999	-9999	-9999
10	12	12.0861	9.64721	14.4178	5.51618	1.83242	8.64452	0.40	33.9544	-9999	-9999	-9999
10	13	12.4678	10.3126	15.6644	7.72408	1.29292	9.12196	30.80	39.359	-9999	-9999	-9999
10	14	7.03331	8.47008	11.2877	6.75391	0.476056	9.03541	7.60	38.7566	-9999	-9999	-9999
10	15	6.19073	6.94983	9.59503	3.91497	0.321905	8.7401	0.00	38.5896	-9999	-9999	-9999
10	16	7.48273	6.04721	8.64169	4.52484	0.56889	8.32664	1.80	36.3846	-9999	-9999	-9999
10	17	5.17532	4.42941	6.53044	0.275623	0.559429	7.82208	3.20	37.172	-9999	-9999	-9999
10	18	11.5768	4.43068	8.33874	0.353092	1.27743	7.1592	1.40	35.6386	-9999	-9999	-9999
10	19	7.57531	4.06952	7.08137	1.99179	0.29095	7.00068	2.80	35.4085	-9999	-9999	-9999
10	20	5.62146	3.60913	6.15741	1.52144	0.296028	6.77045	0.20	35.0493	-9999	-9999	-9999
10	21	13.4745	5.19683	11.1687	1.50535	1.53987	6.65322	0.20	34.3909	-9999	-9999	-9999
10	22	12.3825	4.06135	10.2173	0.695192	1.2689	6.67275	0.00	33.8598	-9999	-9999	-9999
10	23	7.14796	5.28778	9.3178	1.16562	0.860532	6.58758	0.20	33.4552	-9999	-9999	-9999
10	24	5.27183	5.99374	8.08246	4.60866	0.530301	6.85859	0.40	33.121	-9999	-9999	-9999
10	25	2.90639	5.69686	7.61699	3.90801	0.194004	6.9871	13.80	38.3459	-9999	-9999	-9999
10	26	1.9834	1.67628	3.15592	-0.0372371	0.0615803	6.37262	10.20	42.9388	-9999	-9999	-9999
10	27	7.70786	0.316938	3.42573	-0.704019	0.314667	5.39773	0.20	39.278	-9999	-9999	-9999
10	28	15.2974	5.39172	12.2619	0.302371	5.2444	5.16466	0.00	37.1294	-9999	-9999	-9999
10	29	14.9637	6.05851	12.3005	1.4055	6.82767	5.22539	0.00	36.0698	-9999	-9999	-9999
10	30	13.5036	4.94019	9.95862	1.51214	2.60322	5.26874	0.00	35.364	-9999	-9999	-9999
10	31	1.56035	6.04428	6.99776	4.15115	0.269439	5.78712	1.00	34.9039	-9999	-9999	-9999
11	1	0.896223	6.92147	8.44181	3.98257	0.152354	6.35542	75.40	41.1653	-9999	-9999	-9999
11	2	3.80739	4.81164	7.52698	2.33675	0.59781	6.18879	3.60	41.7875	-9999	-9999	-9999
11	3	9.743	6.06761	10.8493	1.56795	1.5948	6.0143	0.20	38.0001	-9999	-9999	-9999
11	4	12.7856	8.09162	13.5012	3.7101	3.43821	6.04993	0.00	36.7417	-9999	-9999	-9999
11	5	12.7956	9.87208	15.7942	4.48578	5.33992	6.26189	0.00	35.9762	-9999	-9999	-9999
11	6	13.0233	10.8907	17.0135	5.11832	6.62315	6.60583	0.00	35.4204	-9999	-9999	-9999
11	7	3.12016	5.6324	8.71292	3.50868	0.803078	6.42067	0.20	35.029	-9999	-9999	-9999
11	8	0.691663	3.52668	5.4368	0.65472	0.162027	6.21714	47.40	45.2805	-9999	-9999	-9999
11	9	0.83337	3.3086	4.67439	1.40114	0.0476362	5.27214	38.40	46.0291	-9999	-9999	-9999
11	10	6.06998	4.28894	6.2316	2.81508	0.520259	5.28916	40.20	46.8933	-9999	-9999	-9999
11	11	6.93079	2.74262	7.60428	-0.718722	1.02429	4.9398	0.20	40.6717	-9999	-9999	-9999
11	12	9.32877	2.82892	7.96042	-1.3981	1.33287	4.49323	0.00	38.4932	-9999	-9999	-9999
11	13	12.3835	9.62504	16.3766	3.6811	5.36183	4.87828	0.00	37.4351	-9999	-9999	-9999
11	14	12.1861	9.45953	16.5024	5.24971	6.13149	5.21304	0.00	36.7059	-9999	-9999	-9999
11	15	9.92603	7.56658	11.9731	5.63373	2.06018	5.5086	0.00	36.1921	-9999	-9999	-9999
11	16	0.809486	4.05325	6.69503	1.24354	0.0552696	5.77375	21.60	42.7466	-9999	-9999	-9999
11	17	3.55766	0.887668	2.18403	-1.4494	0.0578859	4.96794	5.40	42.4638	-9999	-9999	-9999
11	18	1.60246	1.97242	4.32657	-1.34725	0.0772121	4.3896	23.60	42.927	-9999	-9999	-9999
11	19	6.11841	1.72367	4.51194	-1.22385	0.415941	4.2985	1.20	42.4709	-9999	-9999	-9999
11	20	3.1453	2.22275	3.93862	-0.267531	0.60159	3.79431	19.60	43.2408	-9999	-9999	-9999
11	21	0.742514	4.31631	5.58656	2.91726	0.0755711	4.04587	58.80	46.7394	-9999	-9999	-9999
11	22	1.81239	1.65072	3.99349	0.0148453	0.0465596	4.17231	22.80	46.7239	-9999	-9999	-9999
11	23	4.50131	-0.479545	1.78088	-3.00484	0.161204	3.37889	4.40	43.2076	-9999	-9999	-9999
11	24	9.91627	-0.763284	3.44733	-2.70619	0.558483	2.89582	1.40	40.9179	-9999	-9999	-9999
11	25	1.9509	-1.70632	0.37661	-2.52165	0.293693	2.6056	0.00	39.4234	-9999	-9999	-9999
11	26	2.57887	-2.76955	-0.859852	-4.46939	0.499167	2.48111	0.00	38.3835	-9999	-9999	-9999
11	27	8.08025	-2.09586	0.171739	-5.23474	1.30516	2.40827	0.60	37.8411	-9999	-9999	-9999
11	28	0.592396	4.29948	5.96453	0.200621	0.0476253	1.48426	59.20	47.8074	-9999	-9999	-9999
11	29	3.38984	-0.138596	2.48965	-1.34761	0.83173	1.18517	0.20	42.7987	-9999	-9999	-9999
11	30	0.710337	5.66406	7.64639	0.354627	0.0454961	1.39264	63.80	48.4279	-9999	-9999	-9999
12	1	0.798792	4.97315	7.85846	1.57002	0.240804	4.37763	66.80	49.1155	-9999	-9999	-9999
12	2	4.16109	0.830485	2.06441	0.033694	0.228155	3.43123	20.40	44.9977	-9999	-9999	-9999
12	3	5.89054	-0.965809	1.29948	-3.72961	0.338655	2.23823	7.80	44.8805	-9999	-9999	-9999
12	4	5.78578	-3.56509	-0.132863	-8.07328	0.690442	1.91472	0.20	40.7422	-9999	-9999	-9999
12	5	6.74966	-3.16639	-0.129236	-8.08474	1.68433	1.56468	0.00	39.2068	-9999	-9999	-9999
12	6	0.284555	2.29952	3.77397	-1.59419	0.0577629	1.31236	11.40	42.7998	-9999	-9999	-9999
12	7	7.47073	6.25955	9.34185	3.72436	0.628897	1.89024	1.00	43.4346	-9999	-9999	-9999
12	8	5.70449	8.64535	11.3598	5.87148	2.04535	3.48879	2.40	40.51	-9999	-9999	-9999
12	9	6.49242	6.0763	9.11735	-0.877073	1.877	4.00001	0.20	39.6464	-9999	-9999	-9999
12	10	6.49354	-3.25885	1.32797	-7.03944	1.60688	2.94952	0.00	38.5925	-9999	-9999	-9999
12	11	6.49354	-2.9531	0.808294	-7.38035	1.7555	1.81335	0.00	37.9516	-9999	-9999	-9999
12	12	6.4963	-0.709872	4.12329	-3.50246	0.969438	1.36872	0.00	37.4486	-9999	-9999	-9999
12	13	5.81879	-5.06817	-1.52656	-8.3691	0.527658	1.23839	0.00	37.1604	-9999	-9999	-9999
12	14	6.32714	-8.40745	-2.67795	-12.0164	1.39338	0.956441	0.00	36.5863	-9999	-9999	-9999
12	15	4.97139	-10.4041	-6.25413	-12.4313	0.407597	0.65959	0.00	35.2816	-9999	-9999	-9999
12	16	1.94652	-11.7036	-7.87389	-15.2415	0.455415	0.434263	0.00	33.4405	-9999	-9999	-9999
12	17	0.423395	-6.9679	-1.63647	-15.6022	0.539322	0.260926	0.00	31.4177	-9999	-9999	-9999
12	18	0.423302	-4.97676	-1.686	-9.99911	0.309993	0.230826	0.00	31.4308	-9999	-9999	-9999
12	19	0.430406	-1.60315	2.24346	-10.1384	1.10323	0.241193	11.60	32.3325	-9999	-9999	-9999
12	20	0.430406	3.20546	4.87972	1.4602	0.0469017	0.164686	9.20	35.067	-9999	-9999	-9999
12	21	0.430296	2.75031	4.92817	1.47719	0.110756	0.19987	0.00	37.4836	-9999	-9999	-9999
12	22	0.430752	4.11229	4.81868	2.54194	0.0620105	0.184127	4.60	43.9251	-9999	-9999	-9999
12	23	0.423542	4.84027	5.59535	4.32052	0.0449252	0.155205	11.60	-9999	-9999	-9999	-9999
12	24	0.422131	4.8398	5.56405	4.32052	0.0449276	0.155214	36.96	-9999	-9999	-9999	-9999
12	25	3.38665	1.47118	5.54989	-3.19624	0.295496	0.179385	0.24	-9999	-9999	-9999	-9999
12	26	5.67999	-2.13971	1.20884	-6.4094	0.860928	0.209581	0.24	-9999	-9999	-9999	-9999
12	27	5.76004	-4.07808	1.20884	-6.4094	1.17399	0.225062	0.24	-9999	-9999	-9999	-9999
12	28	10.6552	-3.97905	2.04662	-6.58939	1.81366	0.233195	1.00	-9999	-9999	-9999	-9999
12	29	8.88189	-2.91045	2.51107	-6.30497	2.4306	0.221349	0.00	35.9302	-9999	-9999	-9999
12	30	7.22785	-1.96405	3.04369	-4.6357	2.27103	0.197581	0.60	34.7548	-9999	-9999	-9999
12	31	2.41237	0.42652	2.2279	-1.15089	0.528594	0.196914	0.60	34.2997	-9999	-9999	-9999
