Month	n_days	Rg_f	Ta_f	Tmax	Tmin	VPD_f	Ts_f	Precip	SWC	LAI	ET	Litterfall											
1	1	-9999	-9999	-9999	-9999	-9999	-9999	-9999	-9999	-9999	-9999	-9999											
1	2	-9999	-9999	-9999	-9999	-9999	-9999	-9999	-9999	-9999	-9999	-9999											
1	3	2.74	-5.07	-3.54	-6.84	-9999	-9999	0.2	-9999	-9999	-9999	-9999											
1	4	4.76	-5.21	-0.28	-7.74	-9999	-9999	2.6	-9999	-9999	-9999	-9999											
1	5	6.86	-4.88	0.81	-8.76	-9999	-9999	1.0	-9999	-9999	-9999	-9999											
1	6	6.70	-3.06	2.76	-5.88	-9999	-9999	0.0	-9999	-9999	-9999	-9999											
1	7	7.28	-2.73	1.10	-4.90	-9999	-9999	0.0	-9999	-9999	-9999	-9999											
1	8	2.40	-1.21	1.05	-2.47	-9999	-9999	0.5	-9999	-9999	-9999	-9999											
1	9	1.78	-1.21	-0.05	-2.28	-9999	-9999	0.7	-9999	-9999	-9999	-9999											
1	10	7.02	-1.41	2.33	-4.50	-9999	-9999	0.2	-9999	-9999	-9999	-9999											
1	11	9.07	-1.90	1.74	-5.21	-9999	-9999	0.0	-9999	-9999	-9999	-9999											
1	12	3.80	2.18	3.91	-0.15	-9999	-9999	1.2	-9999	-9999	-9999	-9999											
1	13	4.01	3.67	5.30	2.63	-9999	-9999	0.0	-9999	-9999	-9999	-9999											
1	14	5.79	4.39	6.47	2.27	-9999	-9999	0.0	-9999	-9999	-9999	-9999											
1	15	7.13	-1.37	1.89	-4.51	-9999	-9999	1.4	-9999	-9999	-9999	-9999											
1	16	6.23	-2.99	-1.59	-4.58	-9999	-9999	0.0	-9999	-9999	-9999	-9999											
1	17	0.80	-1.26	0.00	-2.45	-9999	-9999	2.4	-9999	-9999	-9999	-9999											
1	18	-9999	-9999	-9999	-9999	-9999	-9999	-9999	-9999	-9999	-9999	-9999											
1	19	-9999	-9999	-9999	-9999	-9999	-9999	-9999	-9999	-9999	-9999	-9999											
1	20	-9999	-9999	-9999	-9999	-9999	-9999	-9999	-9999	-9999	-9999	-9999											
1	21	-9999	-9999	-9999	-9999	-9999	-9999	-9999	-9999	-9999	-9999	-9999											
1	22	-9999	-9999	-9999	-9999	-9999	-9999	-9999	-9999	-9999	-9999	-9999											
1	23	-9999	-9999	-9999	-9999	-9999	-9999	-9999	-9999	-9999	-9999	-9999											
1	24	-9999	-9999	-9999	-9999	-9999	-9999	-9999	-9999	-9999	-9999	-9999											
1	25	-9999	-9999	-9999	-9999	-9999	-9999	-9999	-9999	-9999	-9999	-9999											
1	26	-9999	-9999	-9999	-9999	-9999	-9999	-9999	-9999	-9999	-9999	-9999											
1	27	-9999	-9999	-9999	-9999	-9999	-9999	-9999	-9999	-9999	-9999	-9999											
1	28	-9999	-9999	-9999	-9999	-9999	-9999	-9999	-9999	-9999	-9999	-9999											
1	29	-9999	-9999	-9999	-9999	-9999	-9999	-9999	-9999	-9999	-9999	-9999											
1	30	-9999	-9999	-9999	-9999	-9999	-9999	-9999	-9999	-9999	-9999	-9999											
1	31	10.53	-9999	-9999	-9999	-9999	-9999	-9999	-9999	-9999	-9999	-9999											
2	1	11.82	0.53	4.09	-3.00	-9999	-9999	-9999	-9999	-9999	-9999	-9999											
2	2	10.25	7.27	10.38	3.74	-9999	-9999	-9999	-9999	-9999	-9999	-9999											
2	3	11.68	5.87	8.36	3.24	-9999	-9999	-9999	-9999	-9999	-9999	-9999											
2	4	12.84	6.99	10.56	3.41	-9999	-9999	-9999	-9999	-9999	-9999	-9999											
2	5	13.08	8.38	10.59	6.12	-9999	-9999	-9999	-9999	-9999	-9999	-9999											
2	6	8.92	9.56	12.27	6.90	-9999	-9999	-9999	-9999	-9999	-9999	-9999											
2	7	8.22	2.19	6.26	-1.20	-9999	-9999	-9999	-9999	-9999	-9999	-9999											
2	8	12.92	0.06	1.57	-1.50	-9999	-9999	-9999	-9999	-9999	-9999	-9999											
2	9	9.16	1.48	3.66	-1.80	-9999	-9999	-9999	-9999	-9999	-9999	-9999											
2	10	4.57	-2.65	-0.94	-4.49	-9999	-9999	-9999	-9999	-9999	-9999	-9999											
2	11	7.73	-3.10	-1.21	-4.68	-9999	-9999	-9999	-9999	-9999	-9999	-9999											
2	12	12.21	-6.67	-3.20	-9.63	-9999	-9999	-9999	-9999	-9999	-9999	-9999											
2	13	14.81	-7.44	-4.40	-10.60	-9999	-9999	-9999	-9999	-9999	-9999	-9999											
2	14	11.13	-2.58	0.59	-5.23	-9999	-9999	-9999	-9999	-9999	-9999	-9999											
2	15	12.71	-2.14	0.87	-4.79	-9999	-9999	-9999	-9999	-9999	-9999	-9999											
2	16	15.29	-1.96	0.69	-4.47	-9999	-9999	-9999	-9999	-9999	-9999	-9999											
2	17	15.52	-4.38	-1.14	-7.13	-9999	-9999	-9999	-9999	-9999	-9999	-9999											
2	18	1.79	-3.52	-0.86	-5.68	-9999	-9999	-9999	-9999	-9999	-9999	-9999											
2	19	7.59	-2.43	-0.58	-3.74	-9999	-9999	-9999	-9999	-9999	-9999	-9999											
2	20	4.55	1.83	4.27	0.04	-9999	-9999	-9999	-9999	-9999	-9999	-9999											
2	21	1.32	4.77	6.52	3.27	-9999	-9999	-9999	-9999	-9999	-9999	-9999											
2	22	7.78	3.27	3.70	2.61	-9999	-9999	-9999	-9999	-9999	-9999	-9999											
2	23	3.24	-0.15	3.53	-2.30	-9999	-9999	-9999	-9999	-9999	-9999	-9999											
2	24	6.57	-3.55	-1.63	-5.00	-9999	-9999	-9999	-9999	-9999	-9999	-9999											
2	25	0.60	-1.23	1.00	-5.15	-9999	-9999	-9999	-9999	-9999	-9999	-9999											
2	26	2.21	1.70	2.52	0.19	-9999	-9999	-9999	-9999	-9999	-9999	-9999											
2	27	1.79	-2.78	0.12	-5.19	-9999	-9999	-9999	-9999	-9999	-9999	-9999											
2	28	4.20	-4.86	-3.11	-6.83	-9999	-9999	-9999	-9999	-9999	-9999	-9999											
3	1	2.03	-6.57	-5.18	-7.98	-9999	-9999	1.0	-9999	-9999	-9999	-9999											
3	2	-9999	-9999	-9999	-9999	-9999	-9999	-9999	-9999	-9999	-9999	-9999											
3	3	-9999	-9999	-9999	-9999	-9999	-9999	-9999	-9999	-9999	-9999	-9999											
3	4	-9999	-9999	-9999	-9999	-9999	-9999	-9999	-9999	-9999	-9999	-9999											
3	5	-9999	-9999	-9999	-9999	-9999	-9999	-9999	-9999	-9999	-9999	-9999											
3	6	-9999	-9999	-9999	-9999	-9999	-9999	-9999	-9999	-9999	-9999	-9999											
3	7	-9999	-9999	-9999	-9999	-9999	-9999	-9999	-9999	-9999	-9999	-9999											
3	8	-9999	-9999	-9999	-9999	-9999	-9999	-9999	-9999	-9999	-9999	-9999											
3	9	-9999	-9999	-9999	-9999	-9999	-9999	-9999	-9999	-9999	-9999	-9999											
3	10	-9999	-9999	-9999	-9999	-9999	-9999	-9999	-9999	-9999	-9999	-9999											
3	11	-9999	-9999	-9999	-9999	-9999	-9999	-9999	-9999	-9999	-9999	-9999											
3	12	-9999	-9999	-9999	-9999	-9999	-9999	-9999	-9999	-9999	-9999	-9999											
3	13	-9999	-9999	-9999	-9999	-9999	-9999	-9999	-9999	-9999	-9999	-9999											
3	14	-9999	-9999	-9999	-9999	-9999	-9999	-9999	-9999	-9999	-9999	-9999											
3	15	-9999	-9999	-9999	-9999	-9999	-9999	-9999	-9999	-9999	-9999	-9999											
3	16	-9999	-9999	-9999	-9999	-9999	-9999	-9999	-9999	-9999	-9999	-9999											
3	17	-9999	8.50	10.01	6.66	-9999	-9999	1.4	-9999	-9999	-9999	-9999											
3	18	19.23	7.64	9.69	5.92	-9999	-9999	0.0	-9999	-9999	-9999	-9999											
3	19	19.00	6.60	8.48	4.89	-9999	-9999	0.0	-9999	-9999	-9999	-9999											
3	20	18.82	4.37	6.90	0.85	-9999	-9999	0.0	-9999	-9999	-9999	-9999											
3	21	7.16	1.37	3.06	-0.51	-9999	-9999	0.0	-9999	-9999	-9999	-9999											
3	22	5.43	1.61	2.96	-0.49	-9999	-9999	0.0	-9999	-9999	-9999	-9999											
3	23	5.61	-1.30	0.44	-3.79	-9999	-9999	15.1	-9999	-9999	-9999	-9999											
3	24	7.15	-4.00	-3.34	-4.57	-9999	-9999	0.7	-9999	-9999	-9999	-9999											
3	25	3.91	-3.19	-2.24	-4.09	-9999	-9999	2.9	-9999	-9999	-9999	-9999											
3	26	13.09	-1.46	0.52	-3.76	-9999	-9999	0.0	-9999	-9999	-9999	-9999											
3	27	17.33	-1.65	0.49	-3.94	-9999	-9999	0.0	-9999	-9999	-9999	-9999											
3	28	18.70	0.33	3.58	-2.37	-9999	-9999	0.0	-9999	-9999	-9999	-9999											
3	29	19.02	2.92	5.83	-0.83	-9999	-9999	0.5	-9999	-9999	-9999	-9999											
3	30	9.54	4.42	5.50	3.00	-9999	-9999	0.0	-9999	-9999	-9999	-9999											
3	31	14.45	4.61	7.61	1.99	-9999	-9999	13.0	-9999	-9999	-9999	-9999											
4	1	5.49	3.82	5.04	2.57	-9999	-9999	13.0	-9999	-9999	-9999	-9999											
4	2	21.47	5.48	7.76	3.10	-9999	-9999	0.2	-9999	-9999	-9999	-9999											
4	3	16.35	4.91	6.56	3.65	-9999	-9999	0.0	-9999	-9999	-9999	-9999											
4	4	18.37	5.04	7.74	3.43	-9999	-9999	0.0	-9999	-9999	-9999	-9999											
4	5	15.40	3.25	4.88	1.22	-9999	-9999	0.2	-9999	-9999	-9999	-9999											
4	6	13.72	1.61	3.00	0.31	-9999	-9999	0.0	-9999	-9999	-9999	-9999											
4	7	3.61	-0.28	0.75	-1.85	-9999	-9999	1.2	-9999	-9999	-9999	-9999											
4	8	23.10	0.44	3.12	-1.87	-9999	-9999	0.0	-9999	-9999	-9999	-9999											
4	9	1.82	2.70	4.21	0.29	-9999	-9999	13.2	-9999	-9999	-9999	-9999											
4	10	2.22	3.70	4.60	2.81	-9999	-9999	22.8	-9999	-9999	-9999	-9999											
4	11	4.47	3.44	4.28	2.40	-9999	-9999	14.6	-9999	-9999	-9999	-9999											
4	12	2.77	1.97	3.27	-0.87	-9999	-9999	16.1	-9999	-9999	-9999	-9999											
4	13	5.34	-1.33	-0.72	-1.70	-9999	-9999	2.6	-9999	-9999	-9999	-9999											
4	14	9.38	-0.51	1.47	-2.40	-9999	-9999	3.1	-9999	-9999	-9999	-9999											
4	15	20.21	1.77	4.82	-1.42	-9999	-9999	0.2	-9999	-9999	-9999	-9999											
4	16	3.21	3.06	4.48	1.55	-9999	-9999	22.3	-9999	-9999	-9999	-9999											
4	17	5.49	3.51	4.06	2.86	-9999	-9999	13.4	-9999	-9999	-9999	-9999											
4	18	6.70	2.62	3.23	1.09	-9999	-9999	7.2	-9999	-9999	-9999	-9999											
4	19	2.02	0.28	1.16	-2.60	-9999	-9999	15.8	-9999	-9999	-9999	-9999											
4	20	5.38	-0.84	1.04	-2.54	-9999	-9999	9.6	-9999	-9999	-9999	-9999											
4	21	20.61	3.91	7.47	1.00	-9999	-9999	0.0	-9999	-9999	-9999	-9999											
4	22	24.23	7.02	9.70	5.28	-9999	-9999	0.2	-9999	-9999	-9999	-9999											
4	23	7.35	6.16	7.99	3.90	-9999	-9999	5.3	-9999	-9999	-9999	-9999											
4	24	14.20	5.96	9.48	3.23	-9999	-9999	1.7	-9999	-9999	-9999	-9999											
4	25	2.44	0.38	5.30	-1.20	-9999	-9999	12.7	-9999	-9999	-9999	-9999											
4	26	6.34	0.85	1.76	-0.49	-9999	-9999	0.7	-9999	-9999	-9999	-9999											
4	27	15.63	3.84	6.88	0.97	-9999	-9999	1.7	-9999	-9999	-9999	-9999											
4	28	19.53	5.77	8.99	3.04	-9999	-9999	0.0	-9999	-9999	-9999	-9999											
4	29	16.16	5.61	7.97	3.91	-9999	-9999	4.3	-9999	-9999	-9999	-9999											
4	30	3.62	4.39	5.56	3.10	-9999	-9999	4.1	-9999	-9999	-9999	-9999											
5	1	16.19	5.30	8.41	2.79	-9999	-9999	0.5	-9999	-9999	-9999	-9999											
5	2	21.38	5.68	8.87	2.43	-9999	-9999	0.2	-9999	-9999	-9999	-9999											
5	3	22.21	8.76	12.56	4.91	-9999	-9999	10.8	-9999	-9999	-9999	-9999											
5	4	5.22	3.94	5.12	2.56	-9999	-9999	23.3	-9999	-9999	-9999	-9999											
5	5	2.89	2.89	4.08	1.64	-9999	-9999	61.4	-9999	-9999	-9999	-9999											
5	6	2.14	-0.47	0.70	-1.08	-9999	-9999	12.0	-9999	-9999	-9999	-9999											
5	7	5.62	-0.35	0.41	-1.14	-9999	-9999	12.7	-9999	-9999	-9999	-9999											
5	8	9.25	-0.56	0.98	-1.89	-9999	-9999	3.4	-9999	-9999	-9999	-9999											
5	9	18.73	2.86	5.06	-1.42	1.33	-9999	1.8	-9999	-9999	-9999	-9999											
5	10	16.92	4.87	5.74	-0.94	1.88	-9999	0.2	-9999	-9999	-9999	-9999											
5	11	12.67	7.01	7.09	0.96	1.81	-9999	0.0	-9999	-9999	-9999	-9999											
5	12	14.95	8.35	8.71	1.78	3.00	-9999	3.2	-9999	-9999	-9999	-9999											
5	13	10.64	5.75	5.44	1.58	1.16	-9999	3.4	-9999	-9999	-9999	-9999											
5	14	8.41	5.97	6.04	2.12	0.93	-9999	4.4	-9999	-9999	-9999	-9999											
5	15	16.25	7.33	7.04	1.46	2.71	-9999	0.0	-9999	-9999	-9999	-9999											
5	16	17.20	6.96	7.57	0.83	3.12	-9999	1.0	-9999	-9999	-9999	-9999											
5	17	19.76	4.80	5.96	0.62	2.68	-9999	0.8	-9999	-9999	-9999	-9999											
5	18	22.03	7.34	7.53	0.91	3.94	-9999	0.0	-9999	-9999	-9999	-9999											
5	19	21.88	10.81	9.27	1.04	4.30	-9999	0.0	-9999	-9999	-9999	-9999											
5	20	17.80	11.22	9.80	3.31	3.17	-9999	4.6	-9999	-9999	-9999	-9999											
5	21	17.96	11.14	8.57	3.19	2.25	-9999	0.0	-9999	-9999	-9999	-9999											
5	22	27.76	7.72	10.91	4.43	-9999	-9999	0.0	-9999	-9999	-9999	-9999											
5	23	-9999.00	5.97	6.86	4.57	-9999	-9999	20.9	-9999	-9999	-9999	-9999											
5	24	25.99	3.57	7.32	0.43	-9999	-9999	2.4	-9999	-9999	-9999	-9999											
5	25	29.05	5.98	11.91	-0.18	-9999	-9999	0.0	-9999	-9999	-9999	-9999											
5	26	27.45	8.29	12.19	4.41	-9999	-9999	0.0	-9999	-9999	-9999	-9999											
5	27	25.16	8.34	10.93	6.07	-9999	-9999	0.0	-9999	-9999	-9999	-9999											
5	28	13.53	7.67	9.45	4.59	-9999	-9999	3.1	-9999	-9999	-9999	-9999											
5	29	14.64	6.99	6.49	1.49	1.078887161	-9999	0.2	-9999	-9999	-9999	-9999											
5	30	20.11	8.55	8.90	2.32	2.11	-9999	0.2	-9999	-9999	-9999	-9999											
5	31	16.67	9.72	9.54	1.98	1.76	-9999	0.0	-9999	-9999	-9999	-9999											
6	1	10.03	8.83	7.65	2.19	1.08	-9999	0.0	-9999	-9999	-9999	-9999											
6	2	11.64	11.54	7.99	3.99	0.61	-9999	0.0	-9999	-9999	-9999	-9999											
6	3	6.36	7.49	7.20	2.63	0.11	-9999	19.6	-9999	-9999	-9999	-9999											
6	4	2.53	6.64	3.73	2.60	0.10	-9999	3.2	-9999	-9999	-9999	-9999											
6	5	11.32	9.34	8.78	2.59	0.38	-9999	11.8	-9999	-9999	-9999	-9999											
6	6	12.49	8.83	7.02	2.38	0.15	-9999	2.2	-9999	-9999	-9999	-9999											
6	7	16.33	11.27	9.61	2.47	0.92	-9999	0.0	-9999	-9999	-9999	-9999											
6	8	15.06	12.81	10.83	3.66	1.74	-9999	0.2	-9999	-9999	-9999	-9999											
6	9	26.47	15.76	11.77	3.96	6.90	-9999	0.0	-9999	-9999	-9999	-9999											
6	10	26.42	17.81	12.69	4.53	7.82	-9999	0.0	-9999	-9999	-9999	-9999											
6	11	26.65	18.08	12.63	5.17	6.85	-9999	0.0	-9999	-9999	-9999	-9999											
6	12	26.49	17.10	12.49	4.61	9.03	-9999	0.0	-9999	-9999	-9999	-9999											
6	13	18.49	13.52	9.69	4.30	3.69	-9999	2.0	-9999	-9999	-9999	-9999											
6	14	16.99	12.04	10.00	3.69	1.60	-9999	0.4	-9999	-9999	-9999	-9999											
6	15	24.37	12.69	9.94	2.38	2.89	-9999	0.0	-9999	-9999	-9999	-9999											
6	16	24.17	13.40	10.07	2.23	5.30	-9999	0.0	-9999	-9999	-9999	-9999											
6	17	6.57	10.68	6.50	4.23	0.74	-9999	2.8	-9999	-9999	-9999	-9999											
6	18	26.82	16.16	11.68	4.37	3.99	-9999	0.0	-9999	-9999	-9999	-9999											
6	19	23.50	16.09	11.41	3.84	4.49	-9999	0.2	-9999	-9999	-9999	-9999											
6	20	-9999	9.90	11.21	6.75	-9999	-9999	-9999	-9999	-9999	-9999	-9999											
6	21	-9999	8.03	10.42	5.57	-9999	-9999	-9999	-9999	-9999	-9999	-9999											
6	22	-9999	9.89	13.73	5.37	-9999	-9999	-9999	-9999	-9999	-9999	-9999											
6	23	-9999	12.34	15.65	8.70	-9999	-9999	-9999	-9999	-9999	-9999	-9999											
6	24	-9999	12.48	15.82	8.66	-9999	-9999	-9999	-9999	-9999	-9999	-9999											
6	25	-9999	13.17	16.02	10.15	-9999	-9999	-9999	-9999	-9999	-9999	-9999											
6	26	-9999	13.37	17.39	9.76	-9999	-9999	-9999	-9999	-9999	-9999	-9999											
6	27	-9999	13.79	17.23	10.57	-9999	-9999	-9999	-9999	-9999	-9999	-9999											
6	28	-9999	15.95	20.13	11.54	-9999	-9999	-9999	-9999	-9999	-9999	-9999											
6	29	-9999	15.52	18.94	12.36	-9999	-9999	-9999	-9999	-9999	-9999	-9999											
6	30	-9999	14.18	17.13	11.69	-9999	-9999	-9999	-9999	-9999	-9999	-9999											
7	1	-9999	13.42	17.04	9.05	-9999	-9999	-9999	-9999	-9999	-9999	-9999											
7	2	28.14	14.56	16.98	11.92	-9999	-9999	0.0	-9999	-9999	-9999	-9999											
7	3	19.16	13.34	16.75	9.86	-9999	-9999	0.0	-9999	-9999	-9999	-9999											
7	4	28.07	13.32	16.63	10.19	-9999	-9999	0.0	-9999	-9999	-9999	-9999											
7	5	28.64	14.64	18.85	10.30	-9999	-9999	0.0	-9999	-9999	-9999	-9999											
7	6	28.72	17.22	21.65	13.22	-9999	-9999	0.0	-9999	-9999	-9999	-9999											
7	7	27.81	18.65	22.50	14.17	-9999	-9999	0.0	-9999	-9999	-9999	-9999											
7	8	25.64	20.87	23.96	17.35	-9999	-9999	0.0	-9999	-9999	-9999	-9999											
7	9	25.18	16.79	19.12	13.09	-9999	-9999	0.0	-9999	-9999	-9999	-9999											
7	10	29.43	12.71	14.78	8.48	-9999	-9999	0.0	-9999	-9999	-9999	-9999											
7	11	27.56	10.30	13.75	7.39	-9999	-9999	0.0	-9999	-9999	-9999	-9999											
7	12	16.81	6.72	9.73	3.51	-9999	-9999	5.8	-9999	-9999	-9999	-9999											
7	13	22.29	6.47	10.17	3.58	-9999	-9999	1.0	-9999	-9999	-9999	-9999											
7	14	26.74	7.23	9.83	4.53	-9999	-9999	0.0	-9999	-9999	-9999	-9999											
7	15	21.54	9.72	13.25	5.27	-9999	-9999	0.0	-9999	-9999	-9999	-9999											
7	16	22.24	12.73	15.94	8.19	-9999	-9999	0.0	-9999	-9999	-9999	-9999											
7	17	27.25	14.08	17.52	10.43	-9999	-9999	0.0	-9999	-9999	-9999	-9999											
7	18	27.74	14.39	18.04	10.27	-9999	-9999	0.0	-9999	-9999	-9999	-9999											
7	19	28.58	15.00	19.27	10.18	-9999	-9999	0.0	-9999	-9999	-9999	-9999											
7	20	27.94	16.15	20.45	11.71	-9999	-9999	0.0	-9999	-9999	-9999	-9999											
7	21	27.76	17.29	21.41	12.73	-9999	-9999	0.0	-9999	-9999	-9999	-9999											
7	22	27.55	18.27	22.93	13.71	-9999	-9999	0.0	-9999	-9999	-9999	-9999											
7	23	26.74	20.81	25.39	15.72	-9999	-9999	0.0	-9999	-9999	-9999	-9999											
7	24	26.72	19.38	23.86	15.12	-9999	-9999	0.0	-9999	-9999	-9999	-9999											
7	25	7.26	12.00	16.37	9.62	-9999	-9999	10.8	-9999	-9999	-9999	-9999											
7	26	18.89	11.31	15.15	9.66	-9999	-9999	1.7	-9999	-9999	-9999	-9999											
7	27	16.55	10.53	13.31	7.89	-9999	-9999	18.0	-9999	-9999	-9999	-9999											
7	28	24.79	11.03	14.62	7.55	-9999	-9999	0.0	-9999	-9999	-9999	-9999											
7	29	15.53	12.56	8.37	3.88	2.50	-9999	0.0	-9999	-9999	-9999	-9999											
7	30	17.29	14.52	9.57	4.98	2.56	-9999	0.2	-9999	-9999	-9999	-9999											
7	31	22.22	16.42	10.94	6.14	6.01	-9999	0.0	-9999	-9999	-9999	-9999											
8	1	24.68	17.71	12.80	6.07	7.36	-9999	0.0	-9999	-9999	-9999	-9999											
8	2	15.87	17.61	11.08	6.66	5.42	-9999	0.0	-9999	-9999	-9999	-9999											
8	3	18.35	16.61	10.37	6.25	4.09	-9999	0.0	-9999	-9999	-9999	-9999											
8	4	23.66	17.31	11.26	6.13	3.82	-9999	0.0	-9999	-9999	-9999	-9999											
8	5	17.22	15.85	11.13	5.46	3.21	-9999	8.0	-9999	-9999	-9999	-9999											
8	6	10.89	13.35	8.92	5.33	0.57	-9999	4.0	-9999	-9999	-9999	-9999											
8	7	19.61	14.85	10.14	5.03	1.44	-9999	0.2	-9999	-9999	-9999	-9999											
8	8	19.25	15.68	10.38	5.50	1.68	-9999	0.2	-9999	-9999	-9999	-9999											
8	9	20.15	16.66	11.36	5.51	3.89	-9999	0.0	-9999	-9999	-9999	-9999											
8	10	22.71	19.00	12.31	6.91	5.28	-9999	0.0	-9999	-9999	-9999	-9999											
8	11	22.28	19.60	12.18	7.24	5.89	-9999	0.0	-9999	-9999	-9999	-9999											
8	12	23.37	18.26	11.35	6.41	4.70	-9999	0.0	-9999	-9999	-9999	-9999											
8	13	21.46	16.12	10.72	5.51	4.52	-9999	0.0	-9999	-9999	-9999	-9999											
8	14	17.75	15.50	10.86	4.86	4.98	-9999	0.2	-9999	-9999	-9999	-9999											
8	15	22.22	15.63	10.41	5.40	7.10	-9999	0.0	-9999	-9999	-9999	-9999											
8	16	21.43	15.00	10.53	4.92	6.22	-9999	0.0	-9999	-9999	-9999	-9999											
8	17	22.90	16.42	11.44	5.12	5.35	-9999	0.0	-9999	-9999	-9999	-9999											
8	18	22.60	17.82	11.48	6.26	8.08	-9999	0.0	-9999	-9999	-9999	-9999											
8	19	21.68	20.45	13.05	7.00	11.54	-9999	0.0	-9999	-9999	-9999	-9999											
8	20	22.54	21.21	13.22	7.95	12.48	-9999	0.0	-9999	-9999	-9999	-9999											
8	21	19.62	15.67	9.93	4.52	6.54	-9999	0.0	-9999	-9999	-9999	-9999											
8	22	22.46	14.32	10.40	4.45	7.33	-9999	0.0	-9999	-9999	-9999	-9999											
8	23	22.02	15.22	10.99	4.65	5.58	-9999	0.0	-9999	-9999	-9999	-9999											
8	24	20.89	18.18	12.12	5.48	10.31	-9999	0.0	-9999	-9999	-9999	-9999											
8	25	19.66	20.22	11.84	8.16	14.64	-9999	0.0	-9999	-9999	-9999	-9999											
8	26	18.64	13.98	9.65	4.47	2.91	-9999	15.0	-9999	-9999	-9999	-9999											
8	27	17.81	12.38	9.81	3.31	3.41	-9999	0.0	-9999	-9999	-9999	-9999											
8	28	21.04	14.15	9.92	4.55	4.06	-9999	0.2	-9999	-9999	-9999	-9999											
8	29	20.62	14.62	10.00	5.06	4.92	-9999	0.0	-9999	-9999	-9999	-9999											
8	30	9.06	14.21	9.96	4.11	4.48	-9999	0.0	-9999	-9999	-9999	-9999											
8	31	21.81	14.05	9.57	4.91	-9999	-9999	0.0	-9999	-9999	-9999	-9999											
9	1	19.47	13.58	16.83	10.94	-9999	-9999	0.0	-9999	-9999	-9999	-9999											
9	2	23.28	14.52	18.11	11.60	-9999	-9999	0.0	-9999	-9999	-9999	-9999											
9	3	18.69	17.22	11.69	6.50	5.818081172	-9999	0.0	-9999	-9999	-9999	-9999											
9	4	17.54	17.45	11.87	6.24	8.72	-9999	0.0	-9999	-9999	-9999	-9999											
9	5	21.82	14.50	9.78	5.41	6.02	-9999	0.0	-9999	-9999	-9999	-9999											
9	6	14.88	12.64	9.27	4.48	3.80	-9999	0.2	-9999	-9999	-9999	-9999											
9	7	16.72	12.67	9.16	4.46	4.86	-9999	0.0	-9999	-9999	-9999	-9999											
9	8	21.63	12.97	9.55	4.26	7.44	-9999	0.0	-9999	-9999	-9999	-9999											
9	9	21.05	12.55	9.31	3.97	5.74	-9999	0.0	-9999	-9999	-9999	-9999											
9	10	20.69	12.60	9.72	3.97	6.11	-9999	0.0	-9999	-9999	-9999	-9999											
9	11	20.46	13.54	9.70	4.13	4.25	-9999	0.0	-9999	-9999	-9999	-9999											
9	12	17.76	13.96	10.05	4.82	4.43	-9999	0.0	-9999	-9999	-9999	-9999											
9	13	19.13	13.43	9.82	4.50	4.20	-9999	0.4	-9999	-9999	-9999	-9999											
9	14	19.13	15.03	10.47	4.93	5.06	-9999	0.2	-9999	-9999	-9999	-9999											
9	15	10.67	13.84	9.50	4.90	2.57	-9999	5.8	-9999	-9999	-9999	-9999											
9	16	9.41	13.09	8.34	5.13	2.33	-9999	7.6	-9999	-9999	-9999	-9999											
9	17	7.04	10.83	6.46	4.58	0.31	-9999	18.6	-9999	-9999	-9999	-9999											
9	18	5.02	10.34	6.07	4.39	0.25	-9999	3.2	-9999	-9999	-9999	-9999											
9	19	11.75	11.63	8.01	3.81	0.81	-9999	0.2	-9999	-9999	-9999	-9999											
9	20	14.67	12.57	9.24	4.34	1.09	-9999	21.4	-9999	-9999	-9999	-9999											
9	21	19.05	12.26	8.89	3.87	2.20	-9999	0.2	-9999	-9999	-9999	-9999											
9	22	18.58	12.00	9.18	2.72	2.03	-9999	0.0	-9999	-9999	-9999	-9999											
9	23	19.21	12.91	9.39	4.00	3.20	-9999	0.0	-9999	-9999	-9999	-9999											
9	24	4.63	11.87	6.76	5.36	0.95	-9999	0.0	-9999	-9999	-9999	-9999											
9	25	-9999	-9999	-9999	-9999	-9999	-9999	-9999	-9999	-9999	-9999	-9999											
9	26	-9999	-9999	-9999	-9999	-9999	-9999	-9999	-9999	-9999	-9999	-9999											
9	27	-9999	-9999	-9999	-9999	-9999	-9999	-9999	-9999	-9999	-9999	-9999											
9	28	-9999	-9999	-9999	-9999	-9999	-9999	-9999	-9999	-9999	-9999	-9999											
9	29	18.37	7.52	9.74	4.73	-9999	-9999	0.0	-9999	-9999	-9999	-9999											
9	30	16.68	8.94	10.90	6.71	-9999	-9999	0.0	-9999	-9999	-9999	-9999											
10	1	-9999	-9999	-9999	-9999	-9999	-9999	-9999	-9999	-9999	-9999	-9999											
10	2	-9999	-9999	-9999	-9999	-9999	-9999	-9999	-9999	-9999	-9999	-9999											
10	3	-9999	-9999	-9999	-9999	-9999	-9999	-9999	-9999	-9999	-9999	-9999											
10	4	-9999	11.15	8.72	3.88	1.412467276	-9999	0.0	-9999	-9999	-9999	-9999											
10	5	11.43	11.10	8.29	3.65	1.06	-9999	0.4	-9999	-9999	-9999	-9999											
10	6	13.64	11.52	8.82	4.00	0.81	-9999	0.2	-9999	-9999	-9999	-9999											
10	7	15.44	13.00	9.14	4.74	2.05	-9999	0.2	-9999	-9999	-9999	-9999											
10	8	15.10	12.98	9.91	4.42	3.57	-9999	0.0	-9999	-9999	-9999	-9999											
10	9	13.52	14.49	9.30	5.00	5.24	-9999	0.0	-9999	-9999	-9999	-9999											
10	10	7.65	13.12	8.01	4.14	3.57	-9999	1.8	-9999	-9999	-9999	-9999											
10	11	6.11	8.24	5.24	3.15	0.92	-9999	7.0	-9999	-9999	-9999	-9999											
10	12	6.93	7.93	6.75	2.52	0.33	-9999	0.0	-9999	-9999	-9999	-9999											
10	13	4.34	7.03	4.79	2.81	0.18	-9999	4.0	-9999	-9999	-9999	-9999											
10	14	5.41	7.27	4.81	2.57	0.24	-9999	7.8	-9999	-9999	-9999	-9999											
10	15	3.17	6.72	4.05	2.80	0.31	-9999	20.8	-9999	-9999	-9999	-9999											
10	16	5.03	6.36	4.73	2.38	0.88	-9999	12.0	-9999	-9999	-9999	-9999											
10	17	3.99	6.71	3.47	3.26	0.84	-9999	12.8	-9999	-9999	-9999	-9999											
10	18	12.02	7.37	4.74	3.28	2.46	-9999	0.0	-9999	-9999	-9999	-9999											
10	19	5.55	11.38	8.19	3.92	1.76	-9999	0.2	-9999	-9999	-9999	-9999											
10	20	12.97	10.47	7.14	4.70	1.75	-9999	0.0	-9999	-9999	-9999	-9999											
10	21	13.12	13.00	9.54	4.81	2.01	-9999	0.2	-9999	-9999	-9999	-9999											
10	22	11.85	12.93	9.35	4.60	2.98	-9999	0.0	-9999	-9999	-9999	-9999											
10	23	11.72	12.37	8.99	4.37	3.62	-9999	0.0	-9999	-9999	-9999	-9999											
10	24	11.81	11.10	8.32	3.29	2.24	-9999	0.2	-9999	-9999	-9999	-9999											
10	25	12.72	14.76	10.47	5.30	6.99	-9999	0.0	-9999	-9999	-9999	-9999											
10	26	11.01	14.38	10.20	4.74	8.24	-9999	0.0	-9999	-9999	-9999	-9999											
10	27	3.86	8.90	5.68	3.52	0.54	-9999	10.8	-9999	-9999	-9999	-9999											
10	28	6.36	8.09	5.22	2.70	1.98	-9999	0.6	-9999	-9999	-9999	-9999											
10	29	6.96	10.75	6.96	4.23	1.78	-9999	0.2	-9999	-9999	-9999	-9999											
10	30	1.02	11.39	6.33	5.10	1.00	-9999	2.8	-9999	-9999	-9999	-9999											
10	31	4.20	13.66	8.29	5.81	3.88	-9999	2.4	-9999	-9999	-9999	-9999											
11	1	7.35	15.54	19.56	13.46	-9999	-9999	0.8	-9999	-9999	-9999	-9999											
11	2	5.59	14.12	16.71	12.88	-9999	-9999	0.0	-9999	-9999	-9999	-9999											
11	3	8.08	12.03	13.42	10.80	-9999	-9999	0.0	-9999	-9999	-9999	-9999											
11	4	10.74	12.22	17.62	8.38	-9999	-9999	0.0	-9999	-9999	-9999	-9999											
11	5	10.63	10.55	16.67	6.62	-9999	-9999	0.0	-9999	-9999	-9999	-9999											
11	6	8.00	8.53	12.35	5.50	-9999	-9999	0.0	-9999	-9999	-9999	-9999											
11	7	1.62	3.77	7.17	0.28	-9999	-9999	19.2	-9999	-9999	-9999	-9999											
11	8	6.40	-1.33	1.04	-3.46	-9999	-9999	0.2	-9999	-9999	-9999	-9999											
11	9	7.38	-0.66	3.49	-4.95	-9999	-9999	4.4	-9999	-9999	-9999	-9999											
11	10	1.17	1.15	2.21	0.47	-9999	-9999	29.0	-9999	-9999	-9999	-9999											
11	11	1.53	3.57	5.68	1.34	-9999	-9999	13.2	-9999	-9999	-9999	-9999											
11	12	6.25	7.11	10.17	4.23	-9999	-9999	8.8	-9999	-9999	-9999	-9999											
11	13	2.05	6.19	9.28	4.60	-9999	-9999	11.0	-9999	-9999	-9999	-9999											
11	14	1.92	-1.13	5.23	-2.78	-9999	-9999	10.4	-9999	-9999	-9999	-9999											
11	15	4.60	-1.34	0.26	-2.41	-9999	-9999	0.0	-9999	-9999	-9999	-9999											
11	16	5.71	-0.90	0.74	-2.02	-9999	-9999	0.6	-9999	-9999	-9999	-9999											
11	17	10.62	2.51	5.68	-0.69	-9999	-9999	6.6	-9999	-9999	-9999	-9999											
11	18	10.37	4.49	9.50	0.43	-9999	-9999	0.4	-9999	-9999	-9999	-9999											
11	19	1.37	3.74	4.79	1.29	-9999	-9999	2.8	-9999	-9999	-9999	-9999											
11	20	10.00	-1.50	2.48	-3.68	-9999	-9999	0.0	-9999	-9999	-9999	-9999											
11	21	10.58	-2.69	0.78	-5.40	-9999	-9999	0.0	-9999	-9999	-9999	-9999											
11	22	7.67	-0.59	3.57	-5.35	-9999	-9999	0.6	-9999	-9999	-9999	-9999											
11	23	3.78	3.28	5.81	1.28	-9999	-9999	1.0	-9999	-9999	-9999	-9999											
11	24	9.04	2.84	6.63	-0.84	-9999	-9999	0.0	41.657	-9999	-9999	-9999											
11	25	9.51	0.74	4.57	-1.49	-9999	-9999	0.0	41.5965	-9999	-9999	-9999											
11	26	4.70	2.82	5.80	0.36	-9999	-9999	1.6	41.5293	-9999	-9999	-9999											
11	27	0.90	3.35	4.27	2.75	-9999	-9999	16.0	43.8386	-9999	-9999	-9999											
11	28	7.24	2.82	6.58	0.49	-9999	-9999	0.0	45.8046	-9999	-9999	-9999											
11	29	3.06	3.08	4.66	1.54	-9999	-9999	25.6	44.7545	-9999	-9999	-9999											
11	30	0.37	4.34	4.76	3.24	-9999	-9999	52.8	52.6691	-9999	-9999	-9999											
12	1	0.45	4.97	6.76	3.78	-9999	-9999	30.2	51.7665	-9999	-9999	-9999											
12	2	7.67	8.21	11.54	6.70	-9999	-9999	1.2	47.3565	-9999	-9999	-9999											
12	3	2.78	6.90	8.97	4.99	-9999	-9999	0.0	45.4033	-9999	-9999	-9999											
12	4	2.59	6.41	8.35	5.30	-9999	-9999	5.0	44.903	-9999	-9999	-9999											
12	5	1.73	6.01	6.95	5.55	-9999	-9999	6.0	45.2237	-9999	-9999	-9999											
12	6	5.29	6.47	9.41	4.95	-9999	-9999	12.8	48.199	-9999	-9999	-9999											
12	7	7.82	6.87	10.87	4.10	-9999	-9999	0.0	45.9403	-9999	-9999	-9999											
12	8	1.73	5.31	7.15	4.09	-9999	-9999	10.2	45.3638	-9999	-9999	-9999											
12	9	6.72	5.59	8.72	2.61	-9999	-9999	3.4	46.1245	-9999	-9999	-9999											
12	10	1.54	1.50	2.55	0.38	-9999	-9999	3.4	45.6737	-9999	-9999	-9999											
12	11	7.84	3.53	7.83	0.77	-9999	-9999	0.0	45.2504	-9999	-9999	-9999											
12	12	7.37	3.27	8.34	0.31	-9999	-9999	0.0	44.7322	-9999	-9999	-9999											
12	13	7.17	3.35	8.42	1.16	-9999	-9999	0.2	44.3415	-9999	-9999	-9999											
12	14	8.17	3.72	8.36	1.09	-9999	-9999	0.2	44.0225	-9999	-9999	-9999											
12	15	7.98	2.79	8.27	0.39	-9999	-9999	0.0	43.7941	-9999	-9999	-9999											
12	16	4.45	2.43	5.26	0.82	-9999	-9999	10.4	43.6345	-9999	-9999	-9999											
12	17	1.28	3.10	3.82	2.47	-9999	-9999	24.6	49.0037	-9999	-9999	-9999											
12	18	0.66	-0.48	2.05	-2.60	-9999	-9999	1.0	47.5452	-9999	-9999	-9999											
12	19	6.84	-0.12	2.32	-4.02	-9999	-9999	4.6	46.3123	-9999	-9999	-9999											
12	20	1.16	-1.10	1.98	-3.90	-9999	-9999	3.0	46.0021	-9999	-9999	-9999											
12	21	2.30	-4.38	-2.95	-5.40	-9999	-9999	0.0	45.7231	-9999	-9999	-9999											
12	22	6.76	-4.51	-0.09	-7.55	-9999	-9999	0.6	45.2688	-9999	-9999	-9999											
12	23	8.60	-2.88	2.38	-7.88	-9999	-9999	1.6	44.8746	-9999	-9999	-9999											
12	24	8.45	1.98	5.76	-0.23	-9999	-9999	4.4	44.5443	-9999	-9999	-9999											
12	25	1.26	1.61	2.17	0.88	-9999	-9999	13.2	44.4811	-9999	-9999	-9999											
12	26	0.48	1.60	3.48	-0.04	-9999	-9999	94.0	55.1788	-9999	-9999	-9999											
12	27	0.50	-0.74	0.06	-1.81	-9999	-9999	0.2	49.005	-9999	-9999	-9999											
12	28	1.62	-1.97	0.27	-4.59	-9999	-9999	0.0	46.9531	-9999	-9999	-9999											
12	29	1.00	-1.80	-1.07	-2.90	-9999	-9999	0.00	46.1445	-9999	-9999	-9999											
12	30	1.30	-3.55	-3.05	-4.14	-9999	-9999	0.00	45.6389	-9999	-9999	-9999											
12	31	3.47	-2.86	0.46	-4.13	-9999	-9999	0.20	45.3687	-9999	-9999	-9999											
