Month	n_days	Rg_f	Ta_f	Tmax	Tmin	VPD_f	Ts_f	Precip	SWC	LAI	ET	Litterfall
1	1	6.68823	-5.63017	-3.785	-7.85	1.23877	-1.77731	0.0	-9999	-9999	-9999	-9999
1	2	5.31076	-3.2526	0.189	-6.246	1.49395	-1.87256	0.0	-9999	-9999	-9999	-9999
1	3	6.06588	-1.29727	2.697	-3.752	2.07721	-1.89904	0.2	-9999	-9999	-9999	-9999
1	4	7.30175	0.977088	3.81	-2.73108	3.78431	-1.91427	0.4	-9999	-9999	-9999	-9999
1	5	7.25985	0.975026	3.607	-3.0158	3.76732	-1.91424	0.0	-9999	-9999	-9999	-9999
1	6	7.25985	0.975026	3.607	-3.0158	3.76732	-1.91424	0.0	-9999	-9999	-9999	-9999
1	7	4.7072	1.74305	3.607	-0.354333	2.22063	-1.93915	0.0	-9999	-9999	-9999	-9999
1	8	4.32494	0.391697	3.004	-2.05925	0.799587	-1.94753	0.0	-9999	-9999	-9999	-9999
1	9	4.32494	0.391697	3.004	-2.05925	0.799587	-1.94753	0.0	-9999	-9999	-9999	-9999
1	10	4.32012	0.400411	3.502	-2.235	0.800041	-1.94768	0.0	-9999	-9999	-9999	-9999
1	11	3.671	-0.460188	4.18	-2.66	0.570211	-1.95554	0.0	-9999	-9999	-9999	-9999
1	12	3.50724	-1.51325	-0.641	-2.77	0.354601	-1.94381	0.0	-9999	-9999	-9999	-9999
1	13	2.00405	0.115375	1.385	-1.405	0.330237	-1.93096	0.2	-9999	-9999	-9999	-9999
1	14	3.42069	0.566312	3.657	-0.651	0.811999	-1.90496	1.6	-9999	-9999	-9999	-9999
1	15	7.07943	0.191167	5.161	-3.54	1.6948	-1.87781	2.4	-9999	-9999	-9999	-9999
1	16	6.11441	-1.23533	3.334	-3.766	0.693381	-1.90752	0.2	-9999	-9999	-9999	-9999
1	17	7.56358	-2.09631	2.886	-6.991	2.30257	-1.906	0.0	-9999	-9999	-9999	-9999
1	18	7.98568	5.21027	9.8	0.387	4.87568	-1.9336	0.8	-9999	-9999	-9999	-9999
1	19	7.39332	-3.77208	-0.018	-6.168	1.46452	-1.914	1.6	-9999	-9999	-9999	-9999
1	20	8.11874	-3.51779	-0.065	-6.565	1.52427	-2.02181	0.0	-9999	-9999	-9999	-9999
1	21	3.14571	-1.26258	1.149	-2.994	0.344428	-2.06046	0.0	-9999	-9999	-9999	-9999
1	22	5.90623	-0.879958	2.651	-3.573	0.874987	-2.05834	0.4	-9999	-9999	-9999	-9999
1	23	2.60743	-3.32908	-1.257	-5.689	0.0267232	-2.05442	0.0	-9999	-9999	-9999	-9999
1	24	8.03346	-6.64631	-4.068	-9.005	0.807641	-2.01546	0.0	-9999	-9999	-9999	-9999
1	25	8.30771	-8.14398	-3.96	-12.4	1.19884	-2.02525	0.0	-9999	-9999	-9999	-9999
1	26	8.5907	-5.35806	-1.731	-8.9	1.54103	-2.07206	0.0	-9999	-9999	-9999	-9999
1	27	8.97942	-0.273833	4.626	-5.831	4.37283	-2.10252	1.4	-9999	-9999	-9999	-9999
1	28	7.07336	-0.373958	2.659	-3.122	1.88567	-2.10333	0.0	-9999	-9999	-9999	-9999
1	29	3.32973	-0.224708	1.509	-3.15	0.560126	-2.08208	0.6	-9999	-9999	-9999	-9999
1	30	8.72575	4.13675	8.46	-1.495	2.70025	-2.06017	1.2	-9999	-9999	-9999	-9999
1	31	9.22617	7.18381	13.625	2.718	4.80242	-2.03981	0.0	-9999	-9999	-9999	-9999
2	1	9.47205	5.95723	11.325	2.721	3.59929	-2.02363	0.0	-9999	-9999	-9999	-9999
2	2	8.94669	5.83715	11.41	3.118	3.52655	-2.00035	2.6	-9999	-9999	-9999	-9999
2	3	2.77143	2.1565	3.439	0.302	0.951669	-2.0076	3.6	-9999	-9999	-9999	-9999
2	4	7.46139	-1.19158	0.819	-3.202	1.65829	-1.95556	0.2	-9999	-9999	-9999	-9999
2	5	10.145	3.85956	7.95	-1.14	5.53071	-1.91296	0.0	-9999	-9999	-9999	-9999
2	6	10.0305	5.80719	10.265	1.99	4.28114	-1.88402	0.0	-9999	-9999	-9999	-9999
2	7	10.2662	4.21867	11.09	-0.321	3.23009	-1.86542	0.0	-9999	-9999	-9999	-9999
2	8	7.30106	1.74615	5.943	-1.847	1.06821	-1.8451	0.0	-9999	-9999	-9999	-9999
2	9	2.59752	2.04848	4.39	-2.384	0.0303422	-1.84154	1.0	-9999	-9999	-9999	-9999
2	10	6.55148	-3.33506	-1.265	-4.374	0.579474	-1.83504	1.9	-9999	-9999	-9999	-9999
2	11	10.446	0.8115	8.375	-3.824	2.92128	-1.80233	0.2	-9999	-9999	-9999	-9999
2	12	5.23128	0.554854	3.771	-0.686	0.553066	-1.78577	0.0	-9999	-9999	-9999	-9999
2	13	7.77411	0.107	3.32	-2.227	1.21495	-1.7759	2.0	-9999	-9999	-9999	-9999
2	14	10.5296	2.76983	8.35	-1.479	3.2956	-1.75538	3.4	-9999	-9999	-9999	-9999
2	15	9.46344	2.94683	9.06	-0.336	2.14675	-1.73846	0.8	-9999	-9999	-9999	-9999
2	16	5.91426	2.07627	6.9016	-0.447	0.609459	-1.7295	0.2	-9999	-9999	-9999	-9999
2	17	5.88262	2.07543	6.9016	-0.393667	0.613101	-1.72955	9.0	-9999	-9999	-9999	-9999
2	18	5.88262	2.07543	6.9016	-0.393667	0.613101	-1.72955	1.4	-9999	-9999	-9999	-9999
2	19	5.6665	1.61598	5.34017	-0.3005	0.988375	-1.74032	3.2	-9999	-9999	-9999	-9999
2	20	8.68205	2.2753	6.43754	-0.346824	2.08709	-1.74716	1.4	-9999	-9999	-9999	-9999
2	21	8.29059	2.57668	6.79371	-0.0663	1.8262	-1.73832	0.0	-9999	-9999	-9999	-9999
2	22	6.14677	2.15936	5.80133	0.0406667	0.971209	-1.73318	0.0	-9999	-9999	-9999	-9999
2	23	7.54256	1.98579	-0.38	-8.74	1.32939	-1.73985	0.0	-9999	-9999	-9999	-9999
2	24	8.9537	2.63749	-0.72	-8.11	2.20992	-1.74255	0.0	-9999	-9999	-9999	-9999
2	25	7.83159	2.54193	-9999	-9999	1.41166	-1.73405	0.0	-9999	-9999	-9999	-9999
2	26	6.80106	2.65774	6.82	-2.21	1.35951	-1.78162	0.0	-9999	-9999	-9999	-9999
2	27	11.356	4.54099	5.79	-0.17	2.77961	-1.86617	0.0	-9999	-9999	-9999	-9999
2	28	11.9549	5.38559	7.23	-1.70	2.848	-1.93155	0.0	-9999	-9999	-9999	-9999
3	1	15.3754	8.00531	-9999	-9999	3.59546	-2.02947	7.4	-9999	-9999	-9999	-9999
3	2	15.1921	7.66842	-9999	-9999	3.90061	-2.04812	0.2	-9999	-9999	-9999	-9999
3	3	15.9455	8.07555	-9999	-9999	4.48505	-2.03097	6.4	-9999	-9999	-9999	-9999
3	4	14.4006	8.00097	14.078	4.72867	3.73963	-2.02475	0.0	-9999	-9999	-9999	-9999
3	5	15.1036	7.84525	13.1544	4.13671	3.7988	-2.03934	0.0	-9999	-9999	-9999	-9999
3	6	14.2561	7.16412	11.7446	3.66856	3.51461	-2.053	0.0	-9999	-9999	-9999	-9999
3	7	14.71	7.95141	14.795	3.26453	4.39336	-2.03074	0.0	-9999	-9999	-9999	-9999
3	8	15.5719	8.48719	14.795	3.695	4.33099	-2.01349	0.0	-9999	-9999	-9999	-9999
3	9	15.5719	8.48719	14.795	3.695	4.33099	-2.01349	0.2	-9999	-9999	-9999	-9999
3	10	15.5859	8.49808	14.86	3.695	4.33359	-2.01348	0.0	-9999	-9999	-9999	-9999
3	11	15.2073	7.54696	13.3	3.499	2.93754	-2.04387	0.0	-9999	-9999	-9999	-9999
3	12	14.7565	6.79087	13.075	1.635	3.80444	-2.0764	0.0	-9999	-9999	-9999	-9999
3	13	8.65851	4.33612	9.57	0.548	1.33122	-2.07971	0.0	-9999	-9999	-9999	-9999
3	14	10.8425	4.81477	8.13	1.119	1.11965	-2.09073	0.0	-9999	-9999	-9999	-9999
3	15	6.34557	3.93633	7.126	0.785	0.478138	-2.12131	3.8	-9999	-9999	-9999	-9999
3	16	13.9907	1.74856	7.865	-3.774	2.98503	-2.12404	4.0	-9999	-9999	-9999	-9999
3	17	15.8248	3.58125	8.245	-1.298	2.97631	-2.0864	0.0	-9999	-9999	-9999	-9999
3	18	13.9217	2.9454	8.02	-2.509	2.54586	-2.10287	0.0	-9999	-9999	-9999	-9999
3	19	13.5819	-0.374688	4.526	-5.188	1.86326	-2.06448	0.2	-9999	-9999	-9999	-9999
3	20	7.82487	-3.06631	-0.7	-4.639	0.0226848	-2.00962	0.0	-9999	-9999	-9999	-9999
3	21	15.752	-0.646417	3.289	-4.327	2.04547	-1.97252	3.4	-9999	-9999	-9999	-9999
3	22	17.0179	3.35846	9.32	-1.732	3.69699	-1.9575	1.2	-9999	-9999	-9999	-9999
3	23	17.1621	5.43046	11.04	0.526	3.95867	-1.97296	0.0	-9999	-9999	-9999	-9999
3	24	10.1917	6.28785	11.155	1.409	6.00239	-1.97588	0.0	-9999	-9999	-9999	-9999
3	25	5.28839	4.36806	6.369	2.303	1.04564	-2.00746	5.8	-9999	-9999	-9999	-9999
3	26	5.88351	4.02881	6.915	1.432	0.165575	-2.08881	15.4	-9999	-9999	-9999	-9999
3	27	4.03546	1.54237	2.695	0.633	0.192338	-2.05219	8.0	-9999	-9999	-9999	-9999
3	28	1.56081	2.74015	5.344	0.76	0	-2.03506	13.4	-9999	-9999	-9999	-9999
3	29	1.6702	3.43421	5.684	-1.044	0.094238	-2.27415	30.7	-9999	-9999	-9999	-9999
3	30	16.7709	1.38731	5.358	-1.671	2.50829	-2.14633	0.0	-9999	-9999	-9999	-9999
3	31	14.9251	4.74487	9.23	-0.377	4.49977	-2.10427	0.8	-9999	-9999	-9999	-9999
4	1	4.54731	2.15346	4.543	-0.421	0.0384309	-2.12823	11.8	-9999	-9999	-9999	-9999
4	2	16.1696	3.93475	8.56	-1.7	3.0555	-2.08554	0.6	-9999	-9999	-9999	-9999
4	3	4.08065	6.68488	8.79	4.62	0.745487	-1.89035	7.6	-9999	-9999	-9999	-9999
4	4	4.34838	6.40559	7.96	5.1776	0.255781	-1.73593	0.0	-9999	-9999	-9999	-9999
4	5	4.34441	6.41034	7.96	5.1776	0.255781	-1.73622	0.4	-9999	-9999	-9999	-9999
4	6	4.34441	6.41034	7.96	5.1776	0.255781	-1.73622	3.6	-9999	-9999	-9999	-9999
4	7	9.74003	5.76763	7.41765	4.13247	1.42185	-0.717473	1.2	-9999	-9999	-9999	-9999
4	8	11.2696	5.36586	8.19296	2.721	2.12439	-0.049207	0.0	-9999	-9999	-9999	-9999
4	9	10.6001	4.89962	8.321	2.721	1.80206	1.12249	1.4	-9999	-9999	-9999	-9999
4	10	10.6001	4.89962	8.321	2.721	2.00028	1.12249	9.0	-9999	-9999	-9999	-9999
4	11	10.6001	4.89682	8.321	2.544	2.98821	1.12309	0.8	-9999	-9999	-9999	-9999
4	12	10.6151	4.96012	8.79	2.71	2.0215	1.50104	0.0	-9999	-9999	-9999	-9999
4	13	16.647	6.52834	9.885	3.705	3.70108	2.29535	0.0	-9999	-9999	-9999	-9999
4	14	13.5663	7.76023	11.99	3.747	4.238	2.61121	0.0	-9999	-9999	-9999	-9999
4	15	13.6149	7.76159	11.552	4.061	4.23834	2.61403		-9999	-9999	-9999	-9999
4	16	13.6149	7.76159	11.552	4.061	4.23834	2.61403		-9999	-9999	-9999	-9999
4	17	14.1245	7.55583	11.7067	3.8815	3.96429	2.42684	0.0	-9999	-9999	-9999	-9999
4	18	15.3224	6.82367	12.1175	3.8932	3.13866	2.56605	0.0	-9999	-9999	-9999	-9999
4	19	16.2106	7.67396	12.1175	4.09171	2.76543	3.67363	0.0	-9999	-9999	-9999	-9999
4	20	16.6439	8.9638	12.48	4.76311	2.73665	4.89244	0.0	-9999	-9999	-9999	-9999
4	21	16.0391	9.96012	13.1805	6.257	2.961	5.72731	0.0	-9999	-9999	-9999	-9999
4	22	15.3399	8.78293	13.3192	4.48167	1.98119	5.68959	0.0	-9999	-9999	-9999	-9999
4	23	15.7054	7.91089	12.5	4.3808	1.50091	5.51986	0.0	-9999	-9999	-9999	-9999
4	24	15.7988	7.95531	13.402	4.3808	1.56248	5.55017	0.0	-9999	-9999	-9999	-9999
4	25	15.8481	7.94909	13.402	4.3808	1.56354	5.54427	0.0	-9999	-9999	-9999	-9999
4	26	21.7392	10.3617	16.11	4.232	2.91233	6.38729	0.2	-9999	-9999	-9999	-9999
4	27	11.6202	11.7786	17.05	7.241	4.31518	6.50413	0.0	-9999	-9999	-9999	-9999
4	28	11.9456	11.6546	16.27	7.715	5.25718	6.45508	0.8	-9999	-9999	-9999	-9999
4	29	7.01524	7.6706	12.375	4.737	1.54207	5.87958	4.2	-9999	-9999	-9999	-9999
4	30	5.91206	6.73281	11.24	3.862	0.159082	4.97508	1.2	-9999	-9999	-9999	-9999
5	1	11.4671	8.30873	12.945	5.647	1.36793	5.23692	0.6	-9999	-9999	-9999	-9999
5	2	8.30833	7.81117	10.75	5.927	0.649667	5.40121	10.2	-9999	-9999	-9999	-9999
5	3	15.8986	9.62435	15.51	6.38	2.338	5.7231	4.4	-9999	-9999	-9999	-9999
5	4	12.6827	9.80397	15.2	4.67	2.08706	5.77881	0.0	-9999	-9999	-9999	-9999
5	5	10.8107	10.1425	14.375	5.801	1.29001	5.94973	0.2	-9999	-9999	-9999	-9999
5	6	19.5926	12.3738	18.44	6.247	5.72235	6.596	0.0	-9999	-9999	-9999	-9999
5	7	5.48897	11.0345	16.055	8.965	2.30482	6.37888	18.8	-9999	-9999	-9999	-9999
5	8	21.669	13.5758	19.56	7.247	4.44199	7.34267	3.6	-9999	-9999	-9999	-9999
5	9	10.0714	12.5252	20.14	8.915	3.78236	7.37108	8.6	-9999	-9999	-9999	-9999
5	10	18.508	14.7299	20.16	8.225	6.48199	7.66021	0.4	-9999	-9999	-9999	-9999
5	11	19.8731	14.4051	20.97	9.185	5.54712	8.06167	0.0	-9999	-9999	-9999	-9999
5	12	19.7314	13.7808	19.45	8.97	4.58937	8.02287	2.6	-9999	-9999	-9999	-9999
5	13	22.6035	13.6514	19.745	7.95	4.50556	8.11667	0.2	-9999	-9999	-9999	-9999
5	14	13.1788	11.3236	17.615	6.167	1.88921	7.75167	3.0	-9999	-9999	-9999	-9999
5	15	12.1385	9.67702	13.395	6.21	1.50013	6.82652	3.4	-9999	-9999	-9999	-9999
5	16	20.8899	12.6407	18.89	7.135	5.43797	6.88954	0.0	-9999	-9999	-9999	-9999
5	17	19.229	13.1897	19.88	8.005	4.91487	7.40133	0.0	-9999	-9999	-9999	-9999
5	18	22.3581	11.9984	17.85	6.379	5.767	7.13321	0.0	-9999	-9999	-9999	-9999
5	19	14.904	10.7965	15.16	7.276	2.59843	6.92529	0.0	-9999	-9999	-9999	-9999
5	20	24.7943	9.67681	14.815	3.371	5.05466	6.32548	0.0	-9999	-9999	-9999	-9999
5	21	24.5907	10.6526	17.015	2.455	5.16381	6.1156	0.0	-9999	-9999	-9999	-9999
5	22	16.3095	11.9059	16.71	7.93	3.23625	6.70269	0.0	-9999	-9999	-9999	-9999
5	23	18.1861	12.0079	19.12	6.98	2.33167	7.03702	5.2	-9999	-9999	-9999	-9999
5	24	20.9341	12.8618	19.595	7.025	3.01072	7.42944	0.2	-9999	-9999	-9999	-9999
5	25	15.0864	13.5349	19.985	9.025	2.84508	7.95437	0.5	-9999	-9999	-9999	-9999
5	26	13.632	13.1208	19.215	9.09	2.69876	7.99958	4.0	-9999	-9999	-9999	-9999
5	27	14.2722	12.877	18.55	8.935	1.92545	8.18146	1.9	-9999	-9999	-9999	-9999
5	28	16.3134	12.9117	17.815	9.105	2.34782	8.26271	0.3	-9999	-9999	-9999	-9999
5	29	14.3541	11.701	17.57	6.651	2.31911	7.96833	0.2	-9999	-9999	-9999	-9999
5	30	23.5324	13.4848	19.56	6.378	3.77999	7.91681	0.0	-9999	-9999	-9999	-9999
5	31	19.5204	13.5289	19.495	8.39	4.17103	8.37271	0.0	-9999	-9999	-9999	-9999
6	1	22.29	13.4573	20.17	9.185	6.08098	8.13438	0.2	-9999	-9999	-9999	-9999
6	2	25.9539	15.2292	23.285	9.445	10.8798	8.09583	0.0	-9999	-9999	-9999	-9999
6	3	25.0872	16.4924	23.07	9.885	6.52484	8.91021	0.0	-9999	-9999	-9999	-9999
6	4	24.8992	16.8859	22.85	11.145	5.89196	9.57167	0.2	-9999	-9999	-9999	-9999
6	5	25.6487	16.7733	23.455	10.48	10.0157	9.53979	0.0	-9999	-9999	-9999	-9999
6	6	24.3103	16.7357	22.55	10.785	9.62076	9.42258	0.4	-9999	-9999	-9999	-9999
6	7	9.5804	13.0398	16.625	9.755	3.613	9.15151	4.2	-9999	-9999	-9999	-9999
6	8	20.4995	15.2777	23.38	8.97	5.59413	8.89646	8.3	-9999	-9999	-9999	-9999
6	9	9.78909	13.3371	19.88	9.27	3.0951	8.34479	7.8	-9999	-9999	-9999	-9999
6	10	24.4523	15.4614	21.42	8.87	7.18606	8.90917	1.2	-9999	-9999	-9999	-9999
6	11	15.5571	15.6486	20.19	12.35	4.75107	9.44667	0.4	-9999	-9999	-9999	-9999
6	12	5.0937	12.7392	16.2	7.823	1.21612	9.36104	0.8	-9999	-9999	-9999	-9999
6	13	24.8407	14.2653	20.65	7.893	6.7253	8.84437	0.8	-9999	-9999	-9999	-9999
6	14	22.4183	15.427	21.7	8.865	6.52398	9.07083	0.6	-9999	-9999	-9999	-9999
6	15	20.6483	15.5552	21.335	10.395	6.45689	9.48521	0.0	-9999	-9999	-9999	-9999
6	16	18.9707	14.5702	20.53	9.365	5.35684	9.29146	0.0	-9999	-9999	-9999	-9999
6	17	25.5831	12.4272	17.185	7.72	5.76799	8.64048	0.6	-9999	-9999	-9999	-9999
6	18	26.0023	10.5291	16.715	5.339	7.82262	7.22829	0.2	-9999	-9999	-9999	-9999
6	19	26.2407	13.5903	20.445	6.798	9.77069	7.4739	0.4	-9999	-9999	-9999	-9999
6	20	25.8404	15.707	22.58	8.126	8.14314	8.41602	0.6	-9999	-9999	-9999	-9999
6	21	24.5756	16.8801	23.315	10.76	6.74455	9.49292	0.4	-9999	-9999	-9999	-9999
6	22	25.973	17.245	24.44	10.72	9.4909	9.86792	0.0	-9999	-9999	-9999	-9999
6	23	25.5292	17.2563	23.315	9.805	9.29072	9.9825	0.0	-9999	-9999	-9999	-9999
6	24	23.7467	15.952	20.76	10.535	5.14067	10.2373	0.0	-9999	-9999	-9999	-9999
6	25	24.4923	12.8566	19.385	6.763	4.0905	9.45729	0.2	-9999	-9999	-9999	-9999
6	26	15.9843	13.0348	20.24	7.378	3.91944	9.04521	0.2	-9999	-9999	-9999	-9999
6	27	21.9274	14.6708	21.85	9.03	5.43882	9.26313	0.4	-9999	-9999	-9999	-9999
6	28	24.8254	15.472	22.155	8.27	6.5899	9.50854	0.2	-9999	-9999	-9999	-9999
6	29	14.468	13.9358	19.355	10.35	2.56181	9.68256	5.2	-9999	-9999	-9999	-9999
6	30	20.5634	15.0458	21.31	9	4.48407	9.61208	0.4	-9999	-9999	-9999	-9999
7	1	24.6002	16.6705	22.86	8.98	6.40395	10.1523	0.0	-9999	-9999	-9999	-9999
7	2	25.6273	19.5866	26.755	12.68	12.8358	10.8469	0.8	-9999	-9999	-9999	-9999
7	3	25.2128	22.7093	27.24	16.985	21.8717	11.5502	0.4	-9999	-9999	-9999	-9999
7	4	20.4602	22.177	26.295	17.755	20.6358	12.0042	0.2	-9999	-9999	-9999	-9999
7	5	26.2842	21.0286	26.49	13.295	17.1171	12.0894	0.0	-9999	-9999	-9999	-9999
7	6	25.8703	20.6008	28.14	12.83	18.9172	11.6937	0.0	-9999	-9999	-9999	-9999
7	7	24.5504	24.117	30.105	18.615	21.7322	12.8575	0.0	-9999	-9999	-9999	-9999
7	8	25.7331	20.7706	25.815	12.675	17.7266	12.6788	0.0	-9999	-9999	-9999	-9999
7	9	22.2413	14.1909	21.595	7.085	6.92395	10.8898	0.0	-9999	-9999	-9999	-9999
7	10	24.5838	14.3245	18.965	9.26	5.6395	10.3725	0.0	-9999	-9999	-9999	-9999
7	11	5.12432	11.9199	14.35	9.11	1.59012	9.795	14.7	-9999	-9999	-9999	-9999
7	12	20.12	10.5684	16.12	4.064	5.09799	8.50396	3.9	-9999	-9999	-9999	-9999
7	13	19.388	10.0324	18.085	3.966	3.63989	7.65177	0.0	-9999	-9999	-9999	-9999
7	14	17.1087	10.2294	15.7	4.817	2.26545	7.85985	0.6	-9999	-9999	-9999	-9999
7	15	11.5292	10.9132	14.635	7.197	1.34025	8.15979	14.2	-9999	-9999	-9999	-9999
7	16	14.1923	10.5361	14.96	6.73	2.67302	7.80606	0.6	-9999	-9999	-9999	-9999
7	17	23.6282	11.3199	17.56	4.887	4.58478	7.71569	0.2	-9999	-9999	-9999	-9999
7	18	24.08	13.7941	20.505	5.705	7.59579	8.07638	0.6	-9999	-9999	-9999	-9999
7	19	22.3619	14.3014	19.71	9.6	6.39137	8.78298	0.2	-9999	-9999	-9999	-9999
7	20	12.8473	13.0184	20.385	9.42	4.27034	8.68815	11.0	-9999	-9999	-9999	-9999
7	21	23.2736	12.6374	18.8	7.827	5.50571	8.27958	0.2	-9999	-9999	-9999	-9999
7	22	23.4574	14.0285	20.775	7.97	6.63828	8.64458	0.2	-9999	-9999	-9999	-9999
7	23	22.9847	15.9931	23.055	9.195	9.05056	9.14956	0.0	-9999	-9999	-9999	-9999
7	24	19.5977	18.3684	22.485	13.39	13.3981	9.83646	0.0	-9999	-9999	-9999	-9999
7	25	19.7716	18.0411	22.84	13.725	10.049	10.1556	0.2	-9999	-9999	-9999	-9999
7	26	23.6444	19.6116	25.86	12.81	13.5164	11.0337	0.0	-9999	-9999	-9999	-9999
7	27	24.5441	19.524	26.575	12.69	12.406	11.3748	0.0	-9999	-9999	-9999	-9999
7	28	24.4853	18.6754	26.45	12.065	11.2562	11.5727	0.0	-9999	-9999	-9999	-9999
7	29	24.9012	17.3998	23.685	11.245	10.4938	11.289	0.0	-9999	-9999	-9999	-9999
7	30	13.1333	15.2447	20.88	10.185	5.94659	10.7298	0.0	-9999	-9999	-9999	-9999
7	31	21.5878	15.3114	21.205	10.97	8.49855	10.3125	0.0	-9999	-9999	-9999	-9999
8	1	24.6272	15.6264	23.45	9.435	10.2033	10.1175	0.0	-9999	-9999	-9999	-9999
8	2	18.5292	17.5278	24.185	12.04	9.83357	10.6419	0.0	-9999	-9999	-9999	-9999
8	3	22.9899	18.7942	25.33	12.73	11.6669	11.2656	0.0	-9999	-9999	-9999	-9999
8	4	22.9011	20.7469	31.765	13.11	18.8045	11.4548	0.6	-9999	-9999	-9999	-9999
8	5	9.80008	15.0967	23.96	6.965	5.36061	10.8367	3.5	-9999	-9999	-9999	-9999
8	6	21.2969	13.6536	21.685	5.673	6.02865	9.54146	0.0	-9999	-9999	-9999	-9999
8	7	14.4948	12.5252	21.395	7.544	3.91469	9.15563	2.4	-9999	-9999	-9999	-9999
8	8	21.0096	15.2694	24.145	9.33	6.86972	9.37271	0.2	-9999	-9999	-9999	-9999
8	9	17.1926	17.5469	25.75	12.1	10.5603	9.87646	0.0	-9999	-9999	-9999	-9999
8	10	16.8161	17.7969	26.955	11.645	10.5751	10.2698	0.8	-9999	-9999	-9999	-9999
8	11	18.0616	18.2345	27.335	11.56	10.1984	10.6227	0.0	-9999	-9999	-9999	-9999
8	12	18.8563	18.0322	24.94	12.785	8.38938	11.1098	0.0	-9999	-9999	-9999	-9999
8	13	19.635	18.5797	24.4	13.56	10.0755	11.4083	0.0	-9999	-9999	-9999	-9999
8	14	9.2376	14.8486	21.76	10.96	4.07572	10.7229	12.9	-9999	-9999	-9999	-9999
8	15	19.7726	18.0425	24.09	13.045	9.33133	10.8899	0.2	-9999	-9999	-9999	-9999
8	16	17.7907	18.2757	24.94	13.1	11.1591	11.1135	0.0	-9999	-9999	-9999	-9999
8	17	22.3383	19.1461	26.695	12.08	12.4973	11.4921	0.0	-9999	-9999	-9999	-9999
8	18	21.5883	20.7161	27.065	15.51	12.3444	12.3821	0.0	-9999	-9999	-9999	-9999
8	19	21.4846	20.826	27.34	15.39	10.8995	12.94	0.0	-9999	-9999	-9999	-9999
8	20	21.1223	21.3642	28.13	15.315	14.228	13.2235	0.0	-9999	-9999	-9999	-9999
8	21	21.376	23.364	30.875	15.825	22.6919	13.4379	0.0	-9999	-9999	-9999	-9999
8	22	20.5404	24.4852	31.81	18.79	24.0466	14.0123	0.0	-9999	-9999	-9999	-9999
8	23	19.9933	26.1616	31.42	20.415	28.2619	14.674	0.0	-9999	-9999	-9999	-9999
8	24	18.1033	24.2203	29.41	18.185	22.7158	14.824	0.0	-9999	-9999	-9999	-9999
8	25	20.9308	22.3671	29.325	16.335	19.9051	14.2694	0.0	-9999	-9999	-9999	-9999
8	26	19.9319	20.443	27.625	13.815	13.6098	13.8492	0.0	-9999	-9999	-9999	-9999
8	27	18.578	21.4486	28.45	15.305	17.9935	13.795	0.0	-9999	-9999	-9999	-9999
8	28	19.3547	17.1015	22.565	11.825	5.97031	13.0367	0.0	-9999	-9999	-9999	-9999
8	29	16.1412	15.7483	22.69	10.695	4.88979	12.1608	0.0	-9999	-9999	-9999	-9999
8	30	16.8492	16.9665	25.11	9.335	6.89544	11.9773	0.0	-9999	-9999	-9999	-9999
8	31	9.93241	17.4744	26.375	14.625	8.54361	12.0265	19.1	-9999	-9999	-9999	-9999
9	1	18.9177	16.4243	22.655	10.205	6.76741	11.7935	3.2	-9999	-9999	-9999	-9999
9	2	19.7458	15.2541	21.95	8.54	6.08556	11.1792	0.0	-9999	-9999	-9999	-9999
9	3	19.1241	14.1518	19.13	9.26	3.91815	10.9825	0.0	-9999	-9999	-9999	-9999
9	4	12.5768	11.4302	17.765	7.377	1.81742	9.79917	24.6	-9999	-9999	-9999	-9999
9	5	17.2843	9.47029	14.71	6.183	3.08451	7.89583	0.2	-9999	-9999	-9999	-9999
9	6	18.0825	10.5934	16.925	6.045	5.95549	7.5365	0.0	-9999	-9999	-9999	-9999
9	7	6.20856	9.36273	12.98	5.572	2.13905	7.42287	3.0	-9999	-9999	-9999	-9999
9	8	2.06653	7.69973	8.74	6.321	0.0667569	6.5216	24.2	-9999	-9999	-9999	-9999
9	9	13.3618	10.2816	14.965	7.53	1.57429	7.15	0.0	-9999	-9999	-9999	-9999
9	10	12.0767	12.0606	17.575	8.04	3.54283	7.86865	0.0	-9999	-9999	-9999	-9999
9	11	16.4835	13.6388	20.23	8.175	3.83716	8.62	0.0	-9999	-9999	-9999	-9999
9	12	16.7698	13.7235	20.45	8.795	3.85599	9.19021	0.2	-9999	-9999	-9999	-9999
9	13	16.2513	14.5589	21.495	9.285	5.9543	9.31427	0.4	-9999	-9999	-9999	-9999
9	14	17.4176	14.9946	21.475	9.245	8.14161	9.30792	0.2	-9999	-9999	-9999	-9999
9	15	17.0734	14.3201	20.92	8.72	5.1528	9.50979	0.0	-9999	-9999	-9999	-9999
9	16	16.2425	14.5859	20.35	9.39	3.58197	9.79958	0.2	-9999	-9999	-9999	-9999
9	17	16.6954	15.6899	19.265	11.765	7.09096	10.0242	0.0	-9999	-9999	-9999	-9999
9	18	10.2338	14.8152	19.12	12.655	2.68432	10.2863	0.0	-9999	-9999	-9999	-9999
9	19	8.15468	15.5777	19.015	12.145	5.81248	10.2431	0.2	-9999	-9999	-9999	-9999
9	20	15.6688	18.9844	23.3	15.105	12.8944	11.0883	0.0	-9999	-9999	-9999	-9999
9	21	10.3328	11.0765	14.95	5.275	3.74991	9.64375	1.0	-9999	-9999	-9999	-9999
9	22	16.258	10.8619	16.505	6.627	4.68325	8.36146	0.0	-9999	-9999	-9999	-9999
9	23	14.9374	10.975	16.29	6.762	4.11568	8.11375	0.0	-9999	-9999	-9999	-9999
9	24	13.6588	11.2685	17.155	6.394	3.57798	8.32104	0.0	-9999	-9999	-9999	-9999
9	25	11.5303	10.7369	17.455	6.067	4.09233	8.06042	0.0	-9999	-9999	-9999	-9999
9	26	15.9806	12.6811	17.27	6.961	8.3619	7.91375	0.0	-9999	-9999	-9999	-9999
9	27	16.1286	13.7582	19.23	9.03	7.78694	8.69693	0.0	-9999	-9999	-9999	-9999
9	28	14.2471	12.5909	19.1	7.945	4.23901	8.66776	0.2	-9999	-9999	-9999	-9999
9	29	5.81738	10.6261	13.64	7.357	1.39083	8.21646	20.8	-9999	-9999	-9999	-9999
9	30	1.2871	11.074	12.56	9.205	0	8.435	88.6	-9999	-9999	-9999	-9999
10	1	0.922414	10.9704	12.65	9.055	0	8.70958	83.6	-9999	-9999	-9999	-9999
10	2	3.63625	8.81	12.7	6.538	0.376369	7.94479	1.1	-9999	-9999	-9999	-9999
10	3	3.73563	8.61085	11.86	4.95	1.24924	7.22631	0.8	-9999	-9999	-9999	-9999
10	4	1.00042	9.37333	10.66	8.38	0.000927676	7.44554	15.6	-9999	-9999	-9999	-9999
10	5	3.81181	9.43029	12.75	7.331	0.502325	7.47346	1.4	-9999	-9999	-9999	-9999
10	6	5.82379	9.67975	14.455	5.321	1.60715	7.23863	0.5	-9999	-9999	-9999	-9999
10	7	3.19406	7.99612	11.125	3.759	0.455773	7.04231	3.5	-9999	-9999	-9999	-9999
10	8	6.20608	6.89258	11.405	3.871	1.11872	6.19648	0.0	-9999	-9999	-9999	-9999
10	9	7.12924	8.14969	13.395	4.377	1.65679	6.22483	0.0	-9999	-9999	-9999	-9999
10	10	3.28441	7.20594	10.625	3.644	0.906051	5.93099	8.4	-9999	-9999	-9999	-9999
10	11	6.82422	9.10375	12.095	7.585	1.67561	6.31923	13.2	-9999	-9999	-9999	-9999
10	12	8.2025	11.9524	15.725	8.67	3.90113	6.95229	0.0	-9999	-9999	-9999	-9999
10	13	6.57879	17.0364	21.505	11.63	12.4902	8.09708	0.0	-9999	-9999	-9999	-9999
10	14	5.42057	17.855	24.385	13.4	12.3212	9.14547	0.0	-9999	-9999	-9999	-9999
10	15	1.0066	9.58794	14.26	6.27	1.06607	8.02117	41.8	-9999	-9999	-9999	-9999
10	16	3.95021	7.4935	9.8	5.841	0.90306	6.7165	4.8	-9999	-9999	-9999	-9999
10	17	6.983	7.73504	12.275	4.902	1.30052	6.51781	6.0	-9999	-9999	-9999	-9999
10	18	4.299	6.89723	10.76	3.533	0.607328	6.08725	0.2	-9999	-9999	-9999	-9999
10	19	3.74146	7.70021	13	3.625	1.23615	6.04125	0.2	-9999	-9999	-9999	-9999
10	20	2.36867	8.414	12.5	4.67	0.571831	6.11106	0.2	-9999	-9999	-9999	-9999
10	21	2.39135	8.5164	14.195	5.08	0.984019	6.19121	0.0	-9999	-9999	-9999	-9999
10	22	4.99439	8.12604	13.96	3.793	2.10174	5.83981	0.0	-9999	-9999	-9999	-9999
10	23	4.02537	7.90067	12.845	4.055	2.657	5.38506	0.0	-9999	-9999	-9999	-9999
10	24	5.3131	7.66946	15.19	3.13	5.05467	4.84792	0.0	-9999	-9999	-9999	-9999
10	25	6.38265	6.9256	12.565	2.358	2.50816	4.86698	0.0	-9999	-9999	-9999	-9999
10	26	4.76957	7.94556	13.42	3.349	1.4432	5.1584	0.8	-9999	-9999	-9999	-9999
10	27	2.8746	8.8045	15.22	5.278	1.46031	5.56885	0.2	-9999	-9999	-9999	-9999
10	28	2.6578	8.2524	12.93	5.223	0.730813	5.63242	0.2	-9999	-9999	-9999	-9999
10	29	2.18895	8.24269	11.89	6.312	0.410086	5.77254	0.2	-9999	-9999	-9999	-9999
10	30	1.91191	7.53052	10.075	4.754	0.264762	5.59898	1.8	-9999	-9999	-9999	-9999
10	31	0.483701	8.22496	9.02	7.211	0	5.86979	36.0	-9999	-9999	-9999	-9999
11	1	7.79071	7.16698	9.525	4.314	0.485659	5.90112	12.7	-9999	-9999	-9999	-9999
11	2	7.98261	5.79565	9.125	2.276	0.962462	5.0434	0.4	-9999	-9999	-9999	-9999
11	3	0.544752	7.7365	9.235	5.809	0.0339411	5.38283	10.2	-9999	-9999	-9999	-9999
11	4	3.62716	5.46083	8.285	2.553	0.52891	4.49644	46.6	-9999	-9999	-9999	-9999
11	5	8.01687	4.52777	8.29	1.679	1.05121	3.96275	0.2	-9999	-9999	-9999	-9999
11	6	0.497469	5.62735	8.08	2.648	0.0489783	3.94879	50.1	-9999	-9999	-9999	-9999
11	7	1.98355	4.63835	8.56	2.516	0.0140048	4.05879	71.6	-9999	-9999	-9999	-9999
11	8	2.63132	3.10148	4.779	1.703	0.15553	2.83127	14.5	-9999	-9999	-9999	-9999
11	9	1.86864	3.21871	5.138	1.864	0.0618023	2.56354	15.0	-9999	-9999	-9999	-9999
11	10	6.12858	3.34096	7.79	-0.457	0.978244	2.39344	0.2	-9999	-9999	-9999	-9999
11	11	7.19333	2.78656	7.995	-0.103	0.992025	2.11198	0.0	-9999	-9999	-9999	-9999
11	12	6.13559	6.81065	10.24	0.775	3.29177	2.01165	0.0	-9999	-9999	-9999	-9999
11	13	0.524749	8.36875	8.705	7.8	0.100159	3.77648	0.0	-9999	-9999	-9999	-9999
11	14	0.970484	8.74073	9.37	8.455	0.116695	4.55883	1.4	-9999	-9999	-9999	-9999
11	15	1.91432	8.49135	10.045	7.505	0.49221	4.82592	1.2	-9999	-9999	-9999	-9999
11	16	6.08486	10.3545	13.535	8.495	4.2376	4.71758	0.0	-9999	-9999	-9999	-9999
11	17	1.16312	6.24388	8.93	3.827	0.581914	4.26279	19.1	-9999	-9999	-9999	-9999
11	18	3.1179	3.50946	5.143	2.418	0.192186	3.58371	11.4	-9999	-9999	-9999	-9999
11	19	1.33632	2.16521	3.168	0.088	0.0554776	2.83931	13.2	-9999	-9999	-9999	-9999
11	20	1.38197	3.0886	4.894	0.168	0.213034	2.3326	12.6	-9999	-9999	-9999	-9999
11	21	0.392434	3.61819	4.614	1.459	0	2.21792	29.6	-9999	-9999	-9999	-9999
11	22	6.82595	4.67498	8.185	1.384	0.485001	1.78956	0.2	-9999	-9999	-9999	-9999
11	23	6.85332	4.74956	8.16	2.658	1.72886	1.8456	0.0	-9999	-9999	-9999	-9999
11	24	0.292839	4.67292	5.487	3.615	0.0439902	2.32516	27.2	-9999	-9999	-9999	-9999
11	25	3.3046	3.25615	5.245	-0.749	0.205852	2.50456	1.6	-9999	-9999	-9999	-9999
11	26	1.63395	2.04306	5.173	-1.072	0.869523	1.29679	16.5	-9999	-9999	-9999	-9999
11	27	6.78385	1.64729	4.163	-0.494	1.2875	0.845896	2.8	-9999	-9999	-9999	-9999
11	28	7.08147	4.01273	7.8	0.349	4.95052	0.238688	0.2	-9999	-9999	-9999	-9999
11	29	7.45172	8.87748	14.67	5.01	3.63635	0.557104	0.0	-9999	-9999	-9999	-9999
11	30	4.37266	8.34608	12.61	5.96	3.33039	1.59373	0.0	-9999	-9999	-9999	-9999
12	1	8.04901	7.31825	12.015	4.654	3.1365	1.64458	0.0	-9999	-9999	-9999	-9999
12	2	7.84871	6.45125	12.41	3.405	2.1102	1.471	0.0	-9999	-9999	-9999	-9999
12	3	4.40233	5.2869	8.445	2.533	0.294784	1.91954	0.0	-9999	-9999	-9999	-9999
12	4	5.24833	4.73602	10.085	1.94	1.79518	1.70229	0.0	-9999	-9999	-9999	-9999
12	5	7.49874	4.42254	9.22	1.411	0.773152	1.26127	0.0	-9999	-9999	-9999	-9999
12	6	7.42261	3.97785	9.385	0.774	0.82583	0.952542	0.2	-9999	-9999	-9999	-9999
12	7	6.5384	6.77537	12.005	1.979	3.88232	1.07373	0.0	-9999	-9999	-9999	-9999
12	8	3.04394	9.8474	11.405	8.335	7.55234	1.93512	0.0	-9999	-9999	-9999	-9999
12	9	7.21544	9.05163	12.62	5.352	4.19349	2.29708	0.0	-9999	-9999	-9999	-9999
12	10	6.08005	5.37188	7.585	3.371	0.890456	2.20885	5.0	-9999	-9999	-9999	-9999
12	11	7.54572	8.7685	14.015	4.243	5.97335	1.67633	0.0	-9999	-9999	-9999	-9999
12	12	6.6159	8.33854	13.81	5.4	6.31829	1.52902	0.0	-9999	-9999	-9999	-9999
12	13	6.51251	8.51967	13.64	5.782	7.51472	1.54535	0.0	-9999	-9999	-9999	-9999
12	14	6.03478	7.28043	11.28	5.294	3.08249	1.85619	0.0	-9999	-9999	-9999	-9999
12	15	2.51869	5.44263	6.996	2.41	1.82994	1.69285	11.4	-9999	-9999	-9999	-9999
12	16	7.39585	0.429	3.422	-2.083	1.41324	0.668792	0.4	-9999	-9999	-9999	-9999
12	17	2.14039	-0.624729	0.844	-2.771	0.173333	0.077125	0.2	-9999	-9999	-9999	-9999
12	18	5.4384	0.679604	3.312	-0.763	0.696633	-0.0360833	5.2	-9999	-9999	-9999	-9999
12	19	7.46693	1.57221	6.931	-1.275	2.41034	-0.433958	0.0	-9999	-9999	-9999	-9999
12	20	5.09263	1.69223	4.956	-0.864	0.466621	-0.613875	0.2	-9999	-9999	-9999	-9999
12	21	2.55618	-0.00535417	1.622	-1.917	0.238631	-0.455208	0.6	-9999	-9999	-9999	-9999
12	22	5.86319	-3.49427	-1.398	-6.413	0.0468228	-0.72725	0.0	-9999	-9999	-9999	-9999
12	23	7.68959	-2.31508	2.847	-5.715	2.32423	-1.28138	0.0	-9999	-9999	-9999	-9999
12	24	2.69229	0.737646	3.461	-4.51	1.59664	-1.72571	24.0	-9999	-9999	-9999	-9999
12	25	0.742114	4.4249	5.023	2.926	0	-1.84077	35.0	-9999	-9999	-9999	-9999
12	26	2.62161	3.90425	5.039	2.213	0	-0.916979	31.0	-9999	-9999	-9999	-9999
12	27	0.505718	4.78665	5.821	3.087	0	0.860328	85.3	-9999	-9999	-9999	-9999
12	28	1.97818	1.95398	3.478	0.468	0.0100602	0.155625	12.4	-9999	-9999	-9999	-9999
12	29	1.80178	0.738833	2.148	-0.298	0.01949	-0.324542	4.0	-9999	-9999	-9999	-9999
12	30	2.59174	-0.804938	0.782	-3.662	0.372756	-0.573875	0.2	-9999	-9999	-9999	-9999
12	31	1.61113	-1.17163	0.852	-3.234	0.0697778	-0.613271	3.6	-9999	-9999	-9999	-9999
