Month	n_days	Rg_f	Ta_f	Tmax	Tmin	VPD_f	Ts_f	Precip	SWC	LAI	ET	LITTERFALL
1	1	1.715731	-1.155100	1.361390	-3.003270	0.332933	-9999	10.842000	-9999	-9999	-9999	-9999
1	2	1.065217	-3.223520	-0.594940	-5.841380	0.414295	-9999	5.215010	-9999	-9999	-9999	-9999
1	3	2.797580	-5.806610	-1.444180	-9.021770	0.385872	-9999	0.429910	-9999	-9999	-9999	-9999
1	4	3.590032	-4.518100	1.236330	-10.113900	1.005793	-9999	0.000014	-9999	-9999	-9999	-9999
1	5	3.625067	-1.765720	3.081850	-5.243260	1.228481	-9999	0.000000	-9999	-9999	-9999	-9999
1	6	3.532075	-0.398870	4.425630	-3.101630	1.655574	-9999	0.000000	-9999	-9999	-9999	-9999
1	7	3.664881	-0.987645	4.169370	-5.062350	1.992460	-9999	0.000000	-9999	-9999	-9999	-9999
1	8	3.722527	-3.461920	1.875980	-6.654610	2.114511	-9999	0.000000	-9999	-9999	-9999	-9999
1	9	3.741042	-5.529970	0.191742	-8.662940	0.930113	-9999	0.000000	-9999	-9999	-9999	-9999
1	10	3.786549	-5.269840	-0.380310	-8.626690	0.905616	-9999	0.000000	-9999	-9999	-9999	-9999
1	11	3.932695	-3.994270	2.355260	-7.854680	2.577560	-9999	0.000000	-9999	-9999	-9999	-9999
1	12	1.977705	-6.206520	0.308075	-14.182100	0.382143	-9999	4.038920	-9999	-9999	-9999	-9999
1	13	3.866901	-13.743200	-9.225130	-16.486300	0.415662	-9999	0.085710	-9999	-9999	-9999	-9999
1	14	3.237201	-11.699000	-7.753940	-16.691700	0.431829	-9999	1.761050	-9999	-9999	-9999	-9999
1	15	3.291589	-12.334100	-8.839690	-14.616000	0.389816	-9999	0.838492	-9999	-9999	-9999	-9999
1	16	3.020846	-10.485800	-5.215390	-16.561800	0.507307	-9999	0.299399	-9999	-9999	-9999	-9999
1	17	4.116070	-5.553960	-0.512878	-10.055300	0.570734	-9999	0.058593	-9999	-9999	-9999	-9999
1	18	3.380435	-9.426760	-4.466430	-13.633200	0.442758	-9999	1.686600	-9999	-9999	-9999	-9999
1	19	3.917825	-15.225700	-11.708200	-17.248900	0.383726	-9999	1.888830	-9999	-9999	-9999	-9999
1	20	3.934397	-18.561600	-13.510500	-22.939000	0.310463	-9999	1.019620	-9999	-9999	-9999	-9999
1	21	4.700601	-20.032900	-15.916800	-25.640500	0.356915	-9999	0.025103	-9999	-9999	-9999	-9999
1	22	4.469282	-10.380300	-6.689030	-18.646200	0.518098	-9999	3.593560	-9999	-9999	-9999	-9999
1	23	2.217810	-10.362800	-6.424190	-14.975800	0.460079	-9999	6.972200	-9999	-9999	-9999	-9999
1	24	3.798939	-16.794800	-13.050400	-20.352600	0.349098	-9999	1.648580	-9999	-9999	-9999	-9999
1	25	3.818889	-16.597000	-12.704000	-22.849200	0.310471	-9999	3.488510	-9999	-9999	-9999	-9999
1	26	3.755411	-9.131780	-5.877620	-14.633200	0.406010	-9999	6.948960	-9999	-9999	-9999	-9999
1	27	2.459419	-4.826880	-0.353455	-9.547040	0.384861	-9999	9.825450	-9999	-9999	-9999	-9999
1	28	4.112001	-6.069650	-1.180150	-10.174600	0.548517	-9999	0.637462	-9999	-9999	-9999	-9999
1	29	4.709802	0.807368	4.396360	-7.559760	1.476203	-9999	0.642953	-9999	-9999	-9999	-9999
1	30	4.519022	2.652890	5.370790	-0.300026	1.056698	-9999	0.002090	-9999	-9999	-9999	-9999
1	31	3.029486	1.076380	3.489810	-0.611458	0.279667	-9999	3.391130	-9999	-9999	-9999	-9999
2	1	3.195072	-0.958961	2.285700	-3.540740	0.279618	-9999	0.422065	-9999	-9999	-9999	-9999
2	2	4.344417	-2.934970	2.559470	-5.825560	0.545008	-9999	0.125181	-9999	-9999	-9999	-9999
2	3	3.850952	-7.261850	-2.308140	-13.669700	0.406200	-9999	2.003070	-9999	-9999	-9999	-9999
2	4	4.310280	-15.340200	-10.474700	-21.171200	0.316175	-9999	1.310830	-9999	-9999	-9999	-9999
2	5	5.626610	-20.153800	-16.103800	-23.323600	0.264629	-9999	0.286167	-9999	-9999	-9999	-9999
2	6	5.826514	-16.536900	-11.218700	-24.032700	0.325076	-9999	0.629328	-9999	-9999	-9999	-9999
2	7	5.855916	-10.719600	-5.701030	-16.508600	0.588155	-9999	0.310250	-9999	-9999	-9999	-9999
2	8	5.518091	-2.800090	2.588100	-10.852100	1.060503	-9999	0.000000	-9999	-9999	-9999	-9999
2	9	5.403948	-0.828529	3.678580	-6.437190	0.554774	-9999	1.637220	-9999	-9999	-9999	-9999
2	10	4.501267	-5.973640	0.310022	-11.004700	0.479414	-9999	5.518430	-9999	-9999	-9999	-9999
2	11	5.416563	-10.881400	-7.095830	-14.891800	0.416917	-9999	1.398930	-9999	-9999	-9999	-9999
2	12	6.580639	-12.321100	-7.741580	-16.895500	0.409510	-9999	0.222305	-9999	-9999	-9999	-9999
2	13	6.359610	-11.429100	-6.672710	-17.192600	0.520253	-9999	0.292251	-9999	-9999	-9999	-9999
2	14	5.479643	-10.328200	-3.976480	-15.546800	0.452493	-9999	0.500918	-9999	-9999	-9999	-9999
2	15	6.259136	-11.275100	-6.584780	-15.771600	0.423525	-9999	0.299644	-9999	-9999	-9999	-9999
2	16	6.134780	-7.433850	-3.113710	-12.945600	0.448365	-9999	2.050020	-9999	-9999	-9999	-9999
2	17	5.843387	-4.781200	-0.973547	-10.001500	0.556267	-9999	3.261760	-9999	-9999	-9999	-9999
2	18	5.032005	-5.787360	-2.843910	-8.834470	0.508298	-9999	3.054230	-9999	-9999	-9999	-9999
2	19	6.305878	-2.815620	1.620170	-8.665130	0.549975	-9999	2.854000	-9999	-9999	-9999	-9999
2	20	6.831570	-2.440280	2.206960	-6.699060	0.621563	-9999	0.800937	-9999	-9999	-9999	-9999
2	21	5.607956	-11.454500	-1.490450	-17.074800	0.377040	-9999	3.409690	-9999	-9999	-9999	-9999
2	22	8.097408	-14.500800	-7.145240	-21.857800	0.436363	-9999	0.284022	-9999	-9999	-9999	-9999
2	23	6.907974	-12.735400	-6.896060	-16.519300	0.408079	-9999	1.159680	-9999	-9999	-9999	-9999
2	24	7.405024	-11.471300	-6.636020	-16.016300	0.506814	-9999	0.406093	-9999	-9999	-9999	-9999
2	25	7.775974	-10.458600	-3.836550	-14.148100	0.524407	-9999	0.335181	-9999	-9999	-9999	-9999
2	26	6.280122	-14.535100	-10.717000	-18.225100	0.384888	-9999	0.584100	-9999	-9999	-9999	-9999
2	27	7.697463	-15.229400	-10.532500	-20.123500	0.368046	-9999	0.314150	-9999	-9999	-9999	-9999
2	28	7.285628	-13.312900	-8.019450	-16.945100	0.400565	-9999	0.748798	-9999	-9999	-9999	-9999
3	1	9.659779	-6.061400	0.383262	-14.338800	0.865204	-9999	0.000023	-9999	-9999	-9999	-9999
3	2	9.045821	-0.864865	3.758780	-7.457750	1.689476	-9999	0.000000	-9999	-9999	-9999	-9999
3	3	7.527634	2.137240	5.699940	-2.450730	0.987479	-9999	1.096110	-9999	-9999	-9999	-9999
3	4	8.769427	2.005890	5.612880	-2.023340	0.457097	-9999	1.627030	-9999	-9999	-9999	-9999
3	5	7.059459	0.657993	4.914570	-2.476430	0.672267	-9999	1.272380	-9999	-9999	-9999	-9999
3	6	7.221874	1.783120	4.824270	-2.273030	0.460192	-9999	1.991240	-9999	-9999	-9999	-9999
3	7	8.824810	2.083160	5.882930	-1.425130	0.778167	-9999	0.153914	-9999	-9999	-9999	-9999
3	8	6.474583	0.849338	4.876120	-3.338090	0.434502	-9999	2.175480	-9999	-9999	-9999	-9999
3	9	10.118477	-5.414030	-0.333535	-9.733180	0.539091	-9999	0.184367	-9999	-9999	-9999	-9999
3	10	8.681559	-2.059320	3.615350	-10.754300	0.829672	-9999	7.214600	-9999	-9999	-9999	-9999
3	11	5.429056	-1.269990	5.026240	-7.659810	0.384604	-9999	11.304500	-9999	-9999	-9999	-9999
3	12	11.654756	-4.289850	2.638330	-10.602800	0.682773	-9999	0.091984	-9999	-9999	-9999	-9999
3	13	10.683706	-1.548340	4.804430	-7.486500	0.652708	-9999	0.003665	-9999	-9999	-9999	-9999
3	14	11.678429	2.768340	8.100610	-4.183770	1.626392	-9999	0.000000	-9999	-9999	-9999	-9999
3	15	11.114323	4.335180	6.786980	0.995951	1.385943	-9999	0.421112	-9999	-9999	-9999	-9999
3	16	5.838627	4.083350	6.270410	1.562300	0.601295	-9999	1.767320	-9999	-9999	-9999	-9999
3	17	11.267165	3.823950	8.098990	0.044687	0.963680	-9999	1.563210	-9999	-9999	-9999	-9999
3	18	4.579295	1.472480	4.623400	-2.141380	0.153060	-9999	7.543760	-9999	-9999	-9999	-9999
3	19	12.999398	0.766422	5.559900	-5.314170	1.382278	-9999	0.012769	-9999	-9999	-9999	-9999
3	20	12.927255	2.919320	5.709130	0.656199	1.251492	-9999	0.000000	-9999	-9999	-9999	-9999
3	21	13.479610	6.979100	12.498500	1.099280	3.336072	-9999	0.000000	-9999	-9999	-9999	-9999
3	22	14.055206	9.449920	15.304500	5.102640	3.315318	-9999	0.000000	-9999	-9999	-9999	-9999
3	23	12.578976	8.170570	14.106100	4.685340	2.335357	-9999	0.306630	-9999	-9999	-9999	-9999
3	24	5.418740	7.151190	11.149200	4.547100	0.645872	-9999	6.683360	-9999	-9999	-9999	-9999
3	25	6.567912	6.173680	10.781100	3.044960	1.148169	-9999	1.484050	-9999	-9999	-9999	-9999
3	26	14.435625	7.035620	12.397300	3.067030	2.300912	-9999	0.000000	-9999	-9999	-9999	-9999
3	27	12.140151	7.689120	13.449500	3.776900	1.261047	-9999	2.774670	-9999	-9999	-9999	-9999
3	28	8.168766	5.461700	10.332600	2.962810	1.438873	-9999	0.048539	-9999	-9999	-9999	-9999
3	29	15.414710	4.944800	10.568300	1.458170	1.322741	-9999	0.000223	-9999	-9999	-9999	-9999
3	30	15.928877	2.032380	6.422200	-1.166460	1.821680	-9999	0.020952	-9999	-9999	-9999	-9999
3	31	14.784249	2.973360	7.375480	-1.054770	1.639236	-9999	0.166751	-9999	-9999	-9999	-9999
4	1	6.746095	-1.710380	4.790530	-8.403240	0.999617	-9999	2.415530	-9999	-9999	-9999	-9999
4	2	11.798525	-6.191490	-3.764950	-9.882970	0.754766	-9999	5.424980	-9999	-9999	-9999	-9999
4	3	5.052733	-2.622730	1.080200	-6.740700	0.362555	-9999	15.789200	-9999	-9999	-9999	-9999
4	4	10.118909	-1.700550	1.654390	-8.481940	0.601034	-9999	4.001660	-9999	-9999	-9999	-9999
4	5	3.790835	-0.019888	2.663000	-2.436810	0.469337	-9999	9.504590	-9999	-9999	-9999	-9999
4	6	8.567191	-0.726431	2.862950	-4.625990	0.376920	-9999	7.353740	-9999	-9999	-9999	-9999
4	7	6.343099	-3.913750	-1.297300	-6.597670	0.437084	-9999	5.536950	-9999	-9999	-9999	-9999
4	8	5.951543	-5.680230	-2.836730	-7.927590	0.412359	-9999	3.893530	-9999	-9999	-9999	-9999
4	9	9.847008	-4.408350	-0.331205	-8.373540	0.444452	-9999	6.168980	-9999	-9999	-9999	-9999
4	10	11.635142	-5.096210	-1.841340	-10.633100	0.485450	-9999	1.086190	-9999	-9999	-9999	-9999
4	11	10.528531	1.425730	3.630040	-5.516250	0.292980	-9999	8.110880	-9999	-9999	-9999	-9999
4	12	12.439181	0.782175	4.364720	-3.725690	0.493109	-9999	7.511270	-9999	-9999	-9999	-9999
4	13	5.810754	-0.521963	2.549200	-4.070570	0.407958	-9999	3.946950	-9999	-9999	-9999	-9999
4	14	10.618992	0.750315	4.166380	-3.461800	0.535443	-9999	8.603010	-9999	-9999	-9999	-9999
4	15	11.979187	-0.127798	3.034790	-2.988170	0.526415	-9999	6.149550	-9999	-9999	-9999	-9999
4	16	14.303693	-0.064138	3.417670	-3.375770	0.929831	-9999	1.475980	-9999	-9999	-9999	-9999
4	17	16.249939	1.954020	5.188600	-2.636390	0.457288	-9999	2.985290	-9999	-9999	-9999	-9999
4	18	16.758921	1.599310	5.550570	-1.259710	1.456966	-9999	0.849208	-9999	-9999	-9999	-9999
4	19	19.178035	3.644510	9.138490	-2.524880	2.644672	-9999	0.000000	-9999	-9999	-9999	-9999
4	20	11.391148	6.327680	10.923800	0.434866	1.522724	-9999	7.259400	-9999	-9999	-9999	-9999
4	21	3.653977	7.500440	9.759770	4.675340	0.492479	-9999	16.214500	-9999	-9999	-9999	-9999
4	22	19.279296	11.800000	18.912600	3.184320	3.568163	-9999	0.000001	-9999	-9999	-9999	-9999
4	23	19.903104	13.773500	21.946000	8.797050	6.100164	-9999	0.000000	-9999	-9999	-9999	-9999
4	24	18.258998	9.999830	19.597400	1.222550	2.753727	-9999	10.886400	-9999	-9999	-9999	-9999
4	25	11.223101	3.932140	7.899810	0.907217	1.585739	-9999	4.223730	-9999	-9999	-9999	-9999
4	26	10.385193	5.529790	8.264860	1.392200	0.730913	-9999	20.120700	-9999	-9999	-9999	-9999
4	27	8.437833	4.617110	7.375060	1.818350	0.984959	-9999	8.803050	-9999	-9999	-9999	-9999
4	28	13.992307	8.993360	14.284500	2.008050	1.943274	-9999	0.255809	-9999	-9999	-9999	-9999
4	29	8.797939	5.669440	10.512600	2.557640	1.478149	-9999	6.035100	-9999	-9999	-9999	-9999
4	30	15.164669	7.136360	12.855400	1.957140	1.613007	-9999	3.565340	-9999	-9999	-9999	-9999
5	1	11.247984	5.600760	9.217940	2.075810	1.553226	-9999	1.998530	-9999	-9999	-9999	-9999
5	2	20.344263	8.324150	14.557400	2.913060	2.117431	-9999	0.010117	-9999	-9999	-9999	-9999
5	3	11.223446	4.674430	9.451880	1.004430	1.494722	-9999	6.392880	-9999	-9999	-9999	-9999
5	4	14.297299	2.808530	6.410070	0.212043	1.808586	-9999	0.331388	-9999	-9999	-9999	-9999
5	5	17.698003	4.593200	9.552740	-1.301750	2.121883	-9999	0.000049	-9999	-9999	-9999	-9999
5	6	13.722567	7.088620	11.014600	2.121860	1.483654	-9999	0.810726	-9999	-9999	-9999	-9999
5	7	19.096214	10.502000	15.666900	4.712320	1.911747	-9999	0.756989	-9999	-9999	-9999	-9999
5	8	4.475598	6.238060	9.900250	1.367070	0.661970	-9999	18.054200	-9999	-9999	-9999	-9999
5	9	15.445383	6.462060	12.309100	1.340400	1.524814	-9999	3.124070	-9999	-9999	-9999	-9999
5	10	22.096887	10.019000	16.230000	3.333660	2.169418	-9999	0.000000	-9999	-9999	-9999	-9999
5	11	16.072474	9.578090	18.412500	2.529980	2.543430	-9999	11.237800	-9999	-9999	-9999	-9999
5	12	8.886067	5.102050	8.480300	2.151620	1.476503	-9999	2.494850	-9999	-9999	-9999	-9999
5	13	7.037462	3.649710	7.061750	1.316780	0.382821	-9999	13.052400	-9999	-9999	-9999	-9999
5	14	9.123149	4.506800	8.024480	1.261150	0.744954	-9999	8.612890	-9999	-9999	-9999	-9999
5	15	14.770512	6.314750	11.579600	1.882820	1.865743	-9999	0.158630	-9999	-9999	-9999	-9999
5	16	11.413959	8.042540	12.668400	2.493480	1.235969	-9999	7.868400	-9999	-9999	-9999	-9999
5	17	14.712365	9.474150	15.227100	4.241680	2.129225	-9999	4.084900	-9999	-9999	-9999	-9999
5	18	8.806925	6.237150	10.807700	2.705240	1.083955	-9999	10.897900	-9999	-9999	-9999	-9999
5	19	12.937104	6.528250	10.917500	2.586070	1.713699	-9999	1.107200	-9999	-9999	-9999	-9999
5	20	9.277114	5.603970	8.700570	2.270120	1.170481	-9999	5.004950	-9999	-9999	-9999	-9999
5	21	15.159052	8.699030	13.495200	3.348730	2.103410	-9999	1.884160	-9999	-9999	-9999	-9999
5	22	14.145408	13.159900	17.949300	6.451060	2.487658	-9999	1.737270	-9999	-9999	-9999	-9999
5	23	6.034029	12.688400	16.058200	9.664680	1.713725	-9999	1.283760	-9999	-9999	-9999	-9999
5	24	12.755664	13.675700	17.935000	9.150890	2.342992	-9999	2.706400	-9999	-9999	-9999	-9999
5	25	16.967145	15.164000	20.048600	9.942330	2.763820	-9999	0.900729	-9999	-9999	-9999	-9999
5	26	6.749758	12.660000	16.898400	9.073620	1.096307	-9999	11.360100	-9999	-9999	-9999	-9999
5	27	6.113716	10.052700	13.148000	7.195780	1.671322	-9999	6.111790	-9999	-9999	-9999	-9999
5	28	15.370214	9.981010	14.116300	6.227240	2.061349	-9999	2.220760	-9999	-9999	-9999	-9999
5	29	11.111559	9.034210	12.929900	6.006780	1.850301	-9999	2.218280	-9999	-9999	-9999	-9999
5	30	21.232713	10.599000	16.443600	4.643100	2.393015	-9999	0.000000	-9999	-9999	-9999	-9999
5	31	20.787926	15.328500	22.093900	6.557590	3.244573	-9999	1.210820	-9999	-9999	-9999	-9999
6	1	5.632252	9.208470	12.480700	7.105200	0.828475	-9999	8.842390	-9999	-9999	-9999	-9999
6	2	21.081687	15.055600	20.986400	6.742710	3.238328	-9999	1.276030	-9999	-9999	-9999	-9999
6	3	13.981334	15.045000	19.419600	10.933400	1.647969	-9999	18.451800	-9999	-9999	-9999	-9999
6	4	10.077523	15.382200	20.059800	11.467000	1.404623	-9999	25.039600	-9999	-9999	-9999	-9999
6	5	9.126605	11.238900	14.776900	8.235810	1.559503	-9999	11.952700	-9999	-9999	-9999	-9999
6	6	23.375780	14.143800	19.306400	8.376160	2.698875	-9999	0.000000	-9999	-9999	-9999	-9999
6	7	19.835798	14.864700	20.563100	9.502960	2.992760	-9999	0.000000	-9999	-9999	-9999	-9999
6	8	9.664272	12.055900	19.911400	7.331880	1.534292	-9999	1.307710	-9999	-9999	-9999	-9999
6	9	22.089283	11.833400	18.123900	6.239660	3.223683	-9999	0.254052	-9999	-9999	-9999	-9999
6	10	6.832788	9.495090	13.436100	6.941100	1.533149	-9999	10.589100	-9999	-9999	-9999	-9999
6	11	7.407642	6.929540	10.015600	5.344520	1.459632	-9999	3.239580	-9999	-9999	-9999	-9999
6	12	7.068358	7.102180	10.147200	5.017150	1.480869	-9999	3.864160	-9999	-9999	-9999	-9999
6	13	17.771184	9.255930	13.939400	4.909550	2.158297	-9999	0.011386	-9999	-9999	-9999	-9999
6	14	16.963345	13.184600	19.224900	5.941840	2.897235	-9999	0.229373	-9999	-9999	-9999	-9999
6	15	18.891446	15.834000	22.574200	8.181980	2.962841	-9999	1.097040	-9999	-9999	-9999	-9999
6	16	8.217063	13.486300	17.731900	11.083300	0.999287	-9999	25.502700	-9999	-9999	-9999	-9999
6	17	13.107917	14.611500	18.893200	10.836000	2.077093	-9999	3.942660	-9999	-9999	-9999	-9999
6	18	4.966764	11.273700	14.770400	7.606420	1.162342	-9999	7.971320	-9999	-9999	-9999	-9999
6	19	5.667512	7.612830	10.115000	4.926460	1.236263	-9999	18.779500	-9999	-9999	-9999	-9999
6	20	17.539545	9.808170	14.068400	4.302370	2.248057	-9999	0.001173	-9999	-9999	-9999	-9999
6	21	19.453132	11.959300	16.945500	6.577490	2.432776	-9999	0.000000	-9999	-9999	-9999	-9999
6	22	24.080543	16.445300	23.145300	8.118960	4.086900	-9999	0.000000	-9999	-9999	-9999	-9999
6	23	18.998496	18.186000	24.369200	12.472500	3.212879	-9999	21.072500	-9999	-9999	-9999	-9999
6	24	4.848034	16.255800	20.734000	14.334900	1.022962	-9999	10.839600	-9999	-9999	-9999	-9999
6	25	5.873601	13.823200	18.758500	11.024700	1.159794	-9999	9.626790	-9999	-9999	-9999	-9999
6	26	11.582784	13.395200	17.024100	10.533100	2.129382	-9999	0.002782	-9999	-9999	-9999	-9999
6	27	23.767430	15.775400	20.939200	9.314970	3.537569	-9999	0.000000	-9999	-9999	-9999	-9999
6	28	22.416481	20.057000	26.516500	12.014900	5.518328	-9999	0.622977	-9999	-9999	-9999	-9999
6	29	15.061767	19.748800	24.000800	16.326100	2.491695	-9999	10.641400	-9999	-9999	-9999	-9999
6	30	3.299322	13.226500	19.132800	9.586890	1.191349	-9999	45.384800	-9999	-9999	-9999	-9999
7	1	6.728953	9.237040	12.629800	6.573180	1.213871	-9999	49.030600	-9999	-9999	-9999	-9999
7	2	12.149136	10.316200	14.124600	7.568700	1.526003	-9999	10.194600	-9999	-9999	-9999	-9999
7	3	23.017911	13.161500	17.736600	7.942570	2.666101	-9999	0.000000	-9999	-9999	-9999	-9999
7	4	24.187249	15.562600	20.768800	9.136230	3.649223	-9999	0.000000	-9999	-9999	-9999	-9999
7	5	23.707382	17.839700	23.619000	11.963400	4.900648	-9999	0.000000	-9999	-9999	-9999	-9999
7	6	22.514372	19.902600	25.945100	13.630100	5.740329	-9999	0.180115	-9999	-9999	-9999	-9999
7	7	5.966041	17.498100	21.053500	13.724800	1.119728	-9999	1.968730	-9999	-9999	-9999	-9999
7	8	20.688221	17.653100	24.143700	13.242400	3.511380	-9999	0.234287	-9999	-9999	-9999	-9999
7	9	21.997526	19.137600	25.898000	12.832500	4.593914	-9999	0.265703	-9999	-9999	-9999	-9999
7	10	10.468656	18.382800	24.257600	14.558400	2.236108	-9999	17.022500	-9999	-9999	-9999	-9999
7	11	4.654057	17.558500	21.128700	14.572400	1.913242	-9999	29.892800	-9999	-9999	-9999	-9999
7	12	10.769241	15.832400	23.767900	11.494600	1.211610	-9999	21.849700	-9999	-9999	-9999	-9999
7	13	21.345811	17.899100	23.375000	10.475600	4.252562	-9999	0.231272	-9999	-9999	-9999	-9999
7	14	11.057559	18.800900	22.788800	14.827900	3.006872	-9999	7.639720	-9999	-9999	-9999	-9999
7	15	5.410774	12.019800	19.678100	6.484250	1.933830	-9999	34.444000	-9999	-9999	-9999	-9999
7	16	12.140756	8.183030	12.109800	4.634460	1.625241	-9999	12.375000	-9999	-9999	-9999	-9999
7	17	12.352348	8.149980	13.100700	4.903870	1.511730	-9999	10.976600	-9999	-9999	-9999	-9999
7	18	12.900211	12.741900	17.127100	5.199430	2.744090	-9999	1.180770	-9999	-9999	-9999	-9999
7	19	2.339522	14.690600	16.835400	11.746600	0.643614	-9999	15.677600	-9999	-9999	-9999	-9999
7	20	14.621990	17.804200	22.062900	13.009200	2.465004	-9999	1.693760	-9999	-9999	-9999	-9999
7	21	15.684365	20.610900	25.162000	15.334900	4.420689	-9999	5.328280	-9999	-9999	-9999	-9999
7	22	18.470679	20.714200	26.508300	14.588700	3.671533	-9999	4.133060	-9999	-9999	-9999	-9999
7	23	16.113600	15.739600	20.307000	11.141300	2.804140	-9999	0.000000	-9999	-9999	-9999	-9999
7	24	21.834835	16.182600	22.323900	9.060270	2.952714	-9999	0.000000	-9999	-9999	-9999	-9999
7	25	22.722681	20.408300	27.408600	12.810000	6.961601	-9999	0.000000	-9999	-9999	-9999	-9999
7	26	22.175250	21.939500	30.482500	16.138500	7.919579	-9999	0.000000	-9999	-9999	-9999	-9999
7	27	10.351066	19.739100	24.361700	16.071900	1.605258	-9999	8.315590	-9999	-9999	-9999	-9999
7	28	6.198803	17.003200	22.894100	12.406000	1.673250	-9999	10.110800	-9999	-9999	-9999	-9999
7	29	5.364922	9.735880	14.484600	5.759770	1.619491	-9999	8.694280	-9999	-9999	-9999	-9999
7	30	4.443733	8.430560	10.637300	4.918030	1.119304	-9999	22.977600	-9999	-9999	-9999	-9999
7	31	3.069152	9.621050	11.669300	7.511660	0.846411	-9999	7.686000	-9999	-9999	-9999	-9999
8	1	8.393803	11.397100	14.489300	8.907760	1.849149	-9999	2.292300	-9999	-9999	-9999	-9999
8	2	21.077021	14.625900	19.930100	7.923940	3.200648	-9999	0.001804	-9999	-9999	-9999	-9999
8	3	9.001152	15.400700	19.360600	11.454800	2.352940	-9999	0.483619	-9999	-9999	-9999	-9999
8	4	9.609322	15.041000	18.795100	11.365200	2.151632	-9999	0.000000	-9999	-9999	-9999	-9999
8	5	15.803079	15.804500	20.932000	9.243550	3.660561	-9999	0.000000	-9999	-9999	-9999	-9999
8	6	17.401652	18.727000	25.243200	12.283100	3.504988	-9999	2.479670	-9999	-9999	-9999	-9999
8	7	14.327107	17.893900	24.447900	13.625300	3.342065	-9999	10.095300	-9999	-9999	-9999	-9999
8	8	19.441036	19.396700	26.384200	12.363400	3.732797	-9999	0.000000	-9999	-9999	-9999	-9999
8	9	18.799430	22.352500	28.470400	15.664100	4.945281	-9999	0.422579	-9999	-9999	-9999	-9999
8	10	19.389024	24.205800	31.890200	16.837700	8.519436	-9999	0.000000	-9999	-9999	-9999	-9999
8	11	20.049293	25.386200	33.399900	19.343200	11.224068	-9999	0.000000	-9999	-9999	-9999	-9999
8	12	11.316586	19.875800	25.322800	15.258500	4.087248	-9999	0.000000	-9999	-9999	-9999	-9999
8	13	19.816964	22.041800	27.996000	15.249500	6.326659	-9999	0.000000	-9999	-9999	-9999	-9999
8	14	13.314586	21.251100	27.167700	16.838000	4.313507	-9999	2.783180	-9999	-9999	-9999	-9999
8	15	15.304896	20.054000	25.431000	16.103800	4.395204	-9999	0.000000	-9999	-9999	-9999	-9999
8	16	14.326416	20.125100	24.794300	16.180700	3.663518	-9999	4.189770	-9999	-9999	-9999	-9999
8	17	19.106669	19.936300	26.197400	15.630100	4.527125	-9999	0.000000	-9999	-9999	-9999	-9999
8	18	19.023033	21.967700	29.794700	14.864900	7.783666	-9999	0.000000	-9999	-9999	-9999	-9999
8	19	14.417655	20.314900	28.604700	14.956300	5.150505	-9999	21.297600	-9999	-9999	-9999	-9999
8	20	15.826061	19.834200	26.536100	14.538900	4.744841	-9999	16.807500	-9999	-9999	-9999	-9999
8	21	16.530739	20.948300	28.562400	15.474000	5.994944	-9999	0.025371	-9999	-9999	-9999	-9999
8	22	1.932561	13.823000	18.625300	10.377100	1.017977	-9999	6.685100	-9999	-9999	-9999	-9999
8	23	11.338186	13.622200	19.615000	9.012990	2.308320	-9999	0.000000	-9999	-9999	-9999	-9999
8	24	12.073277	15.705500	21.003300	10.509000	3.253194	-9999	0.182949	-9999	-9999	-9999	-9999
8	25	4.115500	15.132000	17.823800	12.486100	1.136930	-9999	14.701500	-9999	-9999	-9999	-9999
8	26	9.789897	12.716800	15.871700	10.208000	2.399814	-9999	18.507800	-9999	-9999	-9999	-9999
8	27	9.580205	9.533730	12.505900	6.738880	1.919603	-9999	12.503500	-9999	-9999	-9999	-9999
8	28	7.749103	8.234690	11.277500	5.927630	1.527569	-9999	16.145900	-9999	-9999	-9999	-9999
8	29	9.688032	7.188150	10.526700	4.844250	1.565744	-9999	2.765250	-9999	-9999	-9999	-9999
8	30	5.070047	7.239240	9.235880	4.808640	1.068727	-9999	10.707900	-9999	-9999	-9999	-9999
8	31	7.414338	8.664960	12.893800	5.561450	1.611261	-9999	1.689760	-9999	-9999	-9999	-9999
9	1	13.293159	8.940390	13.871800	4.148050	1.988123	-9999	0.005199	-9999	-9999	-9999	-9999
9	2	17.100633	13.559800	20.802600	5.528390	4.780112	-9999	0.000000	-9999	-9999	-9999	-9999
9	3	16.664487	14.398700	19.793600	9.714730	3.392273	-9999	0.000000	-9999	-9999	-9999	-9999
9	4	16.495488	15.526200	21.725100	9.499190	2.861489	-9999	0.000000	-9999	-9999	-9999	-9999
9	5	16.503351	16.421800	23.890700	10.697700	4.917987	-9999	0.000000	-9999	-9999	-9999	-9999
9	6	16.232140	18.010000	24.958400	12.671200	3.787222	-9999	0.121784	-9999	-9999	-9999	-9999
9	7	11.089786	17.060200	22.353300	13.950300	1.937291	-9999	0.000002	-9999	-9999	-9999	-9999
9	8	15.189638	17.984500	24.028900	12.727200	2.434412	-9999	0.067351	-9999	-9999	-9999	-9999
9	9	6.378463	17.026500	20.348000	13.668800	1.556562	-9999	0.000000	-9999	-9999	-9999	-9999
9	10	9.390470	14.789900	17.986700	12.091400	2.580639	-9999	0.000000	-9999	-9999	-9999	-9999
9	11	14.858381	14.459200	21.127500	9.501020	2.690588	-9999	0.000000	-9999	-9999	-9999	-9999
9	12	11.696487	14.831000	21.047900	10.167700	2.247926	-9999	0.000000	-9999	-9999	-9999	-9999
9	13	15.166052	15.960500	23.038900	10.676000	4.697942	-9999	0.000000	-9999	-9999	-9999	-9999
9	14	15.170285	17.501400	24.984100	11.797400	6.153518	-9999	0.000000	-9999	-9999	-9999	-9999
9	15	14.253926	17.509000	25.707900	12.665600	6.376685	-9999	0.012975	-9999	-9999	-9999	-9999
9	16	2.156414	9.473740	16.114200	1.269510	0.848616	-9999	31.201800	-9999	-9999	-9999	-9999
9	17	4.077942	4.061240	6.945990	1.168620	1.090776	-9999	15.879400	-9999	-9999	-9999	-9999
9	18	7.037271	2.453690	4.982580	0.653452	0.827213	-9999	7.556620	-9999	-9999	-9999	-9999
9	19	10.002096	3.815200	8.073550	0.262186	1.228547	-9999	1.818310	-9999	-9999	-9999	-9999
9	20	7.056521	4.746540	8.875730	1.249640	1.110411	-9999	10.381500	-9999	-9999	-9999	-9999
9	21	6.324558	4.027910	6.674470	1.068160	0.608765	-9999	7.631800	-9999	-9999	-9999	-9999
9	22	5.145232	5.522110	8.263220	2.574440	1.163544	-9999	0.698522	-9999	-9999	-9999	-9999
9	23	10.566201	6.735090	12.159800	2.815160	1.199096	-9999	0.139378	-9999	-9999	-9999	-9999
9	24	13.438829	9.292990	15.531600	2.488050	2.968253	-9999	0.000000	-9999	-9999	-9999	-9999
9	25	12.494909	12.433500	19.526000	7.504500	4.803951	-9999	0.000000	-9999	-9999	-9999	-9999
9	26	12.627706	12.680200	20.259100	7.808970	3.242772	-9999	0.000000	-9999	-9999	-9999	-9999
9	27	6.253650	12.789600	15.670900	9.058910	2.064378	-9999	1.163930	-9999	-9999	-9999	-9999
9	28	1.391973	9.530600	13.119400	7.989450	0.411045	-9999	24.305600	-9999	-9999	-9999	-9999
9	29	2.893268	11.165800	13.806300	8.031660	0.799700	-9999	3.264500	-9999	-9999	-9999	-9999
9	30	1.884920	8.584150	11.587100	3.883400	1.089306	-9999	16.854400	-9999	-9999	-9999	-9999
10	1	4.902897	7.580310	9.819720	4.064150	1.038801	-9999	8.105650	-9999	-9999	-9999	-9999
10	2	0.335582	11.960400	15.279000	6.568690	0.779969	-9999	5.298360	-9999	-9999	-9999	-9999
10	3	1.417470	12.440600	16.804000	7.666720	1.028485	-9999	0.413324	-9999	-9999	-9999	-9999
10	4	4.632716	10.177900	15.078900	6.197050	1.626331	-9999	0.000220	-9999	-9999	-9999	-9999
10	5	6.757776	13.781900	20.165200	8.710540	3.114825	-9999	0.000000	-9999	-9999	-9999	-9999
10	6	10.842422	12.972900	20.202200	6.271940	2.051659	-9999	4.790590	-9999	-9999	-9999	-9999
10	7	6.122874	4.205760	9.149980	1.572940	1.366714	-9999	4.545180	-9999	-9999	-9999	-9999
10	8	5.113999	4.054820	7.147320	1.284790	0.972911	-9999	2.008480	-9999	-9999	-9999	-9999
10	9	5.637661	5.878310	8.732620	2.101810	0.642803	-9999	6.532410	-9999	-9999	-9999	-9999
10	10	1.199284	10.245100	14.497000	4.744570	1.039155	-9999	12.581500	-9999	-9999	-9999	-9999
10	11	4.068671	7.583630	11.130900	5.356320	1.640537	-9999	1.132810	-9999	-9999	-9999	-9999
10	12	6.074119	12.302400	17.708500	5.762180	1.763588	-9999	0.666340	-9999	-9999	-9999	-9999
10	13	3.806948	11.032200	16.588500	7.050720	1.115720	-9999	3.958110	-9999	-9999	-9999	-9999
10	14	2.927751	7.566880	10.041300	4.834780	0.929665	-9999	7.422000	-9999	-9999	-9999	-9999
10	15	3.076540	8.413950	12.548700	5.851350	0.734510	-9999	1.693230	-9999	-9999	-9999	-9999
10	16	9.123754	12.929500	18.771400	5.957240	2.612591	-9999	0.000000	-9999	-9999	-9999	-9999
10	17	7.489886	16.574600	22.227000	11.210400	3.920131	-9999	0.000000	-9999	-9999	-9999	-9999
10	18	1.881386	13.436900	16.480400	10.509300	0.854817	-9999	1.268250	-9999	-9999	-9999	-9999
10	19	3.997650	12.116800	16.271000	8.805080	1.670324	-9999	0.138879	-9999	-9999	-9999	-9999
10	20	8.603323	12.403000	18.875800	7.566160	2.557832	-9999	0.000000	-9999	-9999	-9999	-9999
10	21	8.483927	13.924600	21.976400	7.937770	2.313506	-9999	0.000000	-9999	-9999	-9999	-9999
10	22	8.308898	12.688500	19.885100	7.654200	3.262938	-9999	0.000000	-9999	-9999	-9999	-9999
10	23	8.103448	12.652400	18.703700	8.745600	4.077294	-9999	0.000000	-9999	-9999	-9999	-9999
10	24	7.949482	11.677400	16.922700	7.719330	2.697145	-9999	0.000000	-9999	-9999	-9999	-9999
10	25	7.740464	11.391800	16.895200	7.251800	2.098341	-9999	0.000000	-9999	-9999	-9999	-9999
10	26	7.514070	11.082700	16.889100	6.469020	1.732584	-9999	0.000000	-9999	-9999	-9999	-9999
10	27	7.314140	11.317500	15.707700	6.997800	1.305339	-9999	6.862960	-9999	-9999	-9999	-9999
10	28	1.764988	4.117540	11.288900	2.126800	0.153240	-9999	22.502400	-9999	-9999	-9999	-9999
10	29	6.076866	6.234690	10.776100	2.101350	1.764546	-9999	0.008023	-9999	-9999	-9999	-9999
10	30	6.543452	8.567150	14.794800	2.567600	2.182847	-9999	5.081550	-9999	-9999	-9999	-9999
10	31	2.622715	2.896190	5.434550	1.105500	0.315878	-9999	18.884200	-9999	-9999	-9999	-9999
11	1	3.297257	3.338810	5.997850	0.554206	0.429389	-9999	1.293970	-9999	-9999	-9999	-9999
11	2	3.692969	4.953610	7.968430	2.824780	1.077328	-9999	0.206633	-9999	-9999	-9999	-9999
11	3	2.910159	3.402890	6.126910	1.426030	0.526332	-9999	8.449080	-9999	-9999	-9999	-9999
11	4	5.815817	2.525820	4.827170	0.829689	1.875564	-9999	0.321910	-9999	-9999	-9999	-9999
11	5	4.941588	4.483220	8.666280	2.169410	2.047135	-9999	0.000000	-9999	-9999	-9999	-9999
11	6	3.068902	5.845950	8.907550	2.372780	1.010228	-9999	4.321290	-9999	-9999	-9999	-9999
11	7	5.470450	4.001590	8.714710	0.887581	1.404031	-9999	21.521200	-9999	-9999	-9999	-9999
11	8	4.734858	1.094790	4.194170	-1.292990	1.783060	-9999	0.060982	-9999	-9999	-9999	-9999
11	9	3.945793	0.087067	2.365900	-2.304920	0.968225	-9999	0.725513	-9999	-9999	-9999	-9999
11	10	3.300385	3.085820	5.869990	-0.918175	0.434172	-9999	2.247510	-9999	-9999	-9999	-9999
11	11	5.637082	7.613590	11.169900	4.043590	2.041180	-9999	0.000055	-9999	-9999	-9999	-9999
11	12	5.609935	8.296450	13.301100	4.986790	3.652249	-9999	0.000000	-9999	-9999	-9999	-9999
11	13	5.562173	6.577270	11.973200	3.183020	1.911803	-9999	0.000000	-9999	-9999	-9999	-9999
11	14	5.072829	5.916840	10.748300	2.347080	0.963811	-9999	0.408552	-9999	-9999	-9999	-9999
11	15	2.432601	5.926880	9.508500	3.321020	1.136886	-9999	7.205150	-9999	-9999	-9999	-9999
11	16	2.029501	6.117800	12.664500	2.301220	0.899701	-9999	9.906680	-9999	-9999	-9999	-9999
11	17	3.435359	1.683410	4.129140	-0.478081	1.168251	-9999	1.559330	-9999	-9999	-9999	-9999
11	18	2.702281	2.070860	4.120900	-0.752922	0.457333	-9999	13.635800	-9999	-9999	-9999	-9999
11	19	4.195005	4.930450	7.773400	1.088810	2.163421	-9999	0.000000	-9999	-9999	-9999	-9999
11	20	4.789014	5.471010	9.730920	3.029240	1.251859	-9999	0.000000	-9999	-9999	-9999	-9999
11	21	2.879358	7.487920	9.674120	3.134620	1.163438	-9999	2.433860	-9999	-9999	-9999	-9999
11	22	2.782599	7.830720	10.634600	5.450570	1.191314	-9999	1.240310	-9999	-9999	-9999	-9999
11	23	4.177474	7.173520	9.446040	4.888220	0.838716	-9999	0.075617	-9999	-9999	-9999	-9999
11	24	1.850411	7.963620	10.788700	4.225960	1.166331	-9999	2.752820	-9999	-9999	-9999	-9999
11	25	1.486797	3.880340	6.097250	2.254860	0.364577	-9999	5.097780	-9999	-9999	-9999	-9999
11	26	4.275443	3.411250	6.235920	1.354620	0.841557	-9999	5.329610	-9999	-9999	-9999	-9999
11	27	0.934554	2.303620	4.076310	0.995094	0.146218	-9999	11.047200	-9999	-9999	-9999	-9999
11	28	1.762690	-0.051056	3.478320	-5.976460	0.173378	-9999	2.433900	-9999	-9999	-9999	-9999
11	29	4.004804	-1.054870	4.475940	-6.200860	1.807289	-9999	0.000000	-9999	-9999	-9999	-9999
11	30	1.857565	2.265010	4.509180	-2.400570	0.585988	-9999	4.584420	-9999	-9999	-9999	-9999
12	1	1.916395	2.515930	3.819000	1.642050	0.535845	-9999	7.906560	-9999	-9999	-9999	-9999
12	2	3.342350	3.667050	5.371460	2.172140	1.787372	-9999	0.119854	-9999	-9999	-9999	-9999
12	3	1.104313	1.971950	3.979460	0.767726	0.535060	-9999	3.067990	-9999	-9999	-9999	-9999
12	4	0.544739	6.514090	10.054400	1.291220	0.435643	-9999	19.367900	-9999	-9999	-9999	-9999
12	5	0.654649	6.238120	10.346100	2.393670	1.170575	-9999	8.974100	-9999	-9999	-9999	-9999
12	6	1.930504	2.201750	3.758120	0.979762	1.044048	-9999	2.380250	-9999	-9999	-9999	-9999
12	7	1.579357	3.331660	8.769290	0.590724	1.102588	-9999	7.011570	-9999	-9999	-9999	-9999
12	8	1.265596	-2.086280	1.958590	-3.303620	0.686966	-9999	4.434660	-9999	-9999	-9999	-9999
12	9	2.532859	2.751150	4.147000	-2.289590	0.687019	-9999	8.648200	-9999	-9999	-9999	-9999
12	10	1.455624	4.361320	7.740360	1.525970	0.431100	-9999	17.763700	-9999	-9999	-9999	-9999
12	11	0.967360	6.276000	8.193150	4.348170	0.897003	-9999	22.452700	-9999	-9999	-9999	-9999
12	12	3.560596	7.781670	10.862700	4.233360	3.568304	-9999	0.119633	-9999	-9999	-9999	-9999
12	13	3.146895	8.700070	12.456900	5.646420	4.215215	-9999	0.000000	-9999	-9999	-9999	-9999
12	14	1.762819	4.312500	8.041260	0.988521	0.751504	-9999	10.420800	-9999	-9999	-9999	-9999
12	15	1.723404	-2.291450	2.354550	-5.138010	0.381030	-9999	6.784610	-9999	-9999	-9999	-9999
12	16	2.157322	-5.261270	-0.739349	-10.985100	0.303571	-9999	0.910224	-9999	-9999	-9999	-9999
12	17	3.344864	-5.977600	-1.899960	-11.464100	0.552223	-9999	0.231408	-9999	-9999	-9999	-9999
12	18	2.585321	-0.993352	2.922090	-4.926460	0.700695	-9999	0.776890	-9999	-9999	-9999	-9999
12	19	3.011066	0.304164	3.752660	-1.957010	0.662739	-9999	7.184050	-9999	-9999	-9999	-9999
12	20	2.781570	-3.090670	0.097229	-4.698920	0.430222	-9999	3.062190	-9999	-9999	-9999	-9999
12	21	2.949307	-5.973270	-2.785520	-8.916870	0.766128	-9999	1.313160	-9999	-9999	-9999	-9999
12	22	2.210864	-5.777840	-2.737790	-8.907540	0.492208	-9999	2.221640	-9999	-9999	-9999	-9999
12	23	2.691040	-0.911870	3.979460	-4.544500	0.606706	-9999	5.699790	-9999	-9999	-9999	-9999
12	24	1.754101	2.251670	4.478760	1.027400	0.242876	-9999	6.574020	-9999	-9999	-9999	-9999
12	25	0.963671	-0.948644	2.656710	-5.616800	0.230001	-9999	7.221640	-9999	-9999	-9999	-9999
12	26	2.047369	-8.458710	-3.940800	-13.950300	0.297449	-9999	0.744304	-9999	-9999	-9999	-9999
12	27	2.916665	-9.480780	-5.126340	-15.375800	0.462858	-9999	0.727538	-9999	-9999	-9999	-9999
12	28	2.207866	-9.861820	-6.032200	-12.890700	0.385651	-9999	0.875022	-9999	-9999	-9999	-9999
12	29	2.674754	-9.346990	-6.277830	-12.141800	0.431871	-9999	0.263417	-9999	-9999	-9999	-9999
12	30	2.706057	-9.484590	-5.894320	-12.233600	0.420716	-9999	0.427690	-9999	-9999	-9999	-9999
12	31	3.435100	-9.658020	-6.317140	-13.504100	0.470233	-9999	0.200623	-9999	-9999	-9999	-9999
