Month	n_days	Rg_f	Ta_f	Tmax	Tmin	VPD_f	Ts_f	Precip	SWC	LAI	ET	LITTERFALL
1	1	2.021319	-1.332860	1.059690	-3.166020	0.294289	-9999	9.869740	-9999	-9999	-9999	-9999
1	2	1.665213	-3.452400	-0.553223	-6.989360	0.440620	-9999	2.289670	-9999	-9999	-9999	-9999
1	3	3.036433	-5.084230	-0.527222	-7.989970	0.641011	-9999	0.653251	-9999	-9999	-9999	-9999
1	4	3.519158	-4.116120	0.854095	-7.726870	0.772441	-9999	0.000958	-9999	-9999	-9999	-9999
1	5	2.356024	-4.303230	-0.820953	-7.466250	0.470175	-9999	4.735170	-9999	-9999	-9999	-9999
1	6	2.098440	-3.206910	-0.272797	-5.500160	0.331148	-9999	4.262940	-9999	-9999	-9999	-9999
1	7	2.539192	-5.496160	-2.584380	-7.170540	0.413943	-9999	1.624570	-9999	-9999	-9999	-9999
1	8	2.691654	-3.901920	1.646820	-7.355050	0.361772	-9999	0.441399	-9999	-9999	-9999	-9999
1	9	3.672026	-4.052340	1.163240	-8.978550	1.100552	-9999	0.000079	-9999	-9999	-9999	-9999
1	10	3.230323	0.393977	5.494870	-5.439310	2.133519	-9999	0.000000	-9999	-9999	-9999	-9999
1	11	3.548033	0.803614	4.763090	-2.343820	1.987766	-9999	0.000000	-9999	-9999	-9999	-9999
1	12	3.780726	-0.644750	4.348660	-3.993200	1.996332	-9999	0.000000	-9999	-9999	-9999	-9999
1	13	3.868024	0.794795	4.510010	-1.423190	1.342440	-9999	0.000000	-9999	-9999	-9999	-9999
1	14	3.443818	1.032920	4.195980	-2.050270	0.538435	-9999	0.859573	-9999	-9999	-9999	-9999
1	15	3.510752	0.843226	4.064580	-1.113780	0.640454	-9999	0.720359	-9999	-9999	-9999	-9999
1	16	2.478583	0.350612	3.569850	-1.935550	0.329788	-9999	7.121990	-9999	-9999	-9999	-9999
1	17	2.240292	-1.841560	0.850677	-3.954810	0.325547	-9999	4.014650	-9999	-9999	-9999	-9999
1	18	2.405246	-3.450780	-0.025116	-6.279940	0.352759	-9999	0.916530	-9999	-9999	-9999	-9999
1	19	3.777676	-4.718880	-0.527832	-7.844760	0.460859	-9999	0.202860	-9999	-9999	-9999	-9999
1	20	4.378795	-0.462896	3.988590	-6.602300	1.047877	-9999	0.161778	-9999	-9999	-9999	-9999
1	21	2.138495	1.813110	5.927250	-0.730751	0.271695	-9999	2.455060	-9999	-9999	-9999	-9999
1	22	2.552550	-0.682012	1.889280	-2.539530	0.463273	-9999	3.011390	-9999	-9999	-9999	-9999
1	23	4.144720	0.064631	3.852420	-2.951090	1.004533	-9999	0.033644	-9999	-9999	-9999	-9999
1	24	4.482242	2.301080	6.181920	-2.504220	2.850874	-9999	0.000000	-9999	-9999	-9999	-9999
1	25	4.349307	3.611990	7.406100	1.071370	2.243044	-9999	0.000457	-9999	-9999	-9999	-9999
1	26	2.511285	2.883690	4.592500	1.290700	0.568687	-9999	2.009690	-9999	-9999	-9999	-9999
1	27	3.150654	0.146296	4.437350	-4.687870	0.398654	-9999	5.484280	-9999	-9999	-9999	-9999
1	28	2.347652	-5.024020	-2.605800	-7.022500	0.449835	-9999	5.139460	-9999	-9999	-9999	-9999
1	29	4.199818	-4.985780	-0.760101	-8.422710	0.544382	-9999	1.835680	-9999	-9999	-9999	-9999
1	30	3.323955	-9.724800	-5.410550	-12.408900	0.443715	-9999	2.060340	-9999	-9999	-9999	-9999
1	31	3.708046	-10.306600	-6.940610	-13.095600	0.390905	-9999	1.307220	-9999	-9999	-9999	-9999
2	1	5.595757	-7.332650	-1.519600	-13.958200	0.910233	-9999	0.004098	-9999	-9999	-9999	-9999
2	2	3.908736	-2.648170	2.927360	-9.274260	0.929728	-9999	0.033188	-9999	-9999	-9999	-9999
2	3	3.945620	-0.430977	2.884120	-3.418700	0.281824	-9999	3.449900	-9999	-9999	-9999	-9999
2	4	5.071524	0.521141	3.701710	-4.608890	0.871993	-9999	0.216906	-9999	-9999	-9999	-9999
2	5	3.360537	0.787499	3.830710	-2.188750	0.605172	-9999	1.533460	-9999	-9999	-9999	-9999
2	6	2.831025	-0.695320	4.059380	-5.468530	0.579214	-9999	7.374690	-9999	-9999	-9999	-9999
2	7	3.087288	-3.898960	-1.657050	-5.934200	0.670140	-9999	0.209164	-9999	-9999	-9999	-9999
2	8	5.426801	-1.247050	3.583220	-6.606750	0.630718	-9999	0.000998	-9999	-9999	-9999	-9999
2	9	5.050607	1.676840	4.708520	-2.739320	0.535424	-9999	1.100060	-9999	-9999	-9999	-9999
2	10	2.849334	0.510979	2.827810	-2.006870	0.171323	-9999	6.108700	-9999	-9999	-9999	-9999
2	11	6.004653	-0.679420	3.103630	-3.108980	0.370658	-9999	0.822309	-9999	-9999	-9999	-9999
2	12	4.251744	-1.025030	2.685050	-3.713100	0.375298	-9999	1.940870	-9999	-9999	-9999	-9999
2	13	2.508166	1.890130	5.124870	-3.523380	0.422858	-9999	5.842840	-9999	-9999	-9999	-9999
2	14	3.374965	1.539060	3.755430	-0.527983	0.210748	-9999	6.455610	-9999	-9999	-9999	-9999
2	15	7.069524	2.618520	6.273190	-0.938750	1.788323	-9999	0.000000	-9999	-9999	-9999	-9999
2	16	3.382646	0.442925	3.412010	-1.707880	0.308143	-9999	6.513470	-9999	-9999	-9999	-9999
2	17	7.007835	0.628441	4.349330	-4.544770	1.440504	-9999	0.002788	-9999	-9999	-9999	-9999
2	18	4.615505	0.767449	3.583370	-0.974272	0.418908	-9999	3.151320	-9999	-9999	-9999	-9999
2	19	7.397482	-0.370125	3.159940	-2.678620	0.500596	-9999	0.731681	-9999	-9999	-9999	-9999
2	20	4.358975	-1.167950	1.896300	-3.358890	0.305164	-9999	4.695780	-9999	-9999	-9999	-9999
2	21	8.011621	-2.444950	3.208950	-5.960230	0.815012	-9999	0.294594	-9999	-9999	-9999	-9999
2	22	7.435998	0.276207	4.088710	-4.607820	0.736677	-9999	0.334506	-9999	-9999	-9999	-9999
2	23	4.660416	0.956017	3.032950	-0.821959	0.239086	-9999	3.642810	-9999	-9999	-9999	-9999
2	24	8.528579	0.247124	4.076840	-4.391870	0.768627	-9999	0.000031	-9999	-9999	-9999	-9999
2	25	5.697648	2.931020	5.316670	-0.525817	0.835280	-9999	0.385409	-9999	-9999	-9999	-9999
2	26	8.773056	3.270650	7.546660	0.441072	0.884249	-9999	9.233040	-9999	-9999	-9999	-9999
2	27	4.530782	1.319510	3.641290	-1.028470	0.516999	-9999	4.249320	-9999	-9999	-9999	-9999
2	28	9.394099	1.404290	5.756920	-2.393250	0.999191	-9999	0.094138	-9999	-9999	-9999	-9999
3	1	8.471744	5.286780	9.760460	2.373030	1.565309	-9999	0.000015	-9999	-9999	-9999	-9999
3	2	8.534756	6.005650	10.271300	2.684610	0.964818	-9999	0.049973	-9999	-9999	-9999	-9999
3	3	10.036137	6.681860	11.593500	3.554730	1.488591	-9999	0.002818	-9999	-9999	-9999	-9999
3	4	9.581415	6.906650	12.648200	3.341010	1.745784	-9999	0.000000	-9999	-9999	-9999	-9999
3	5	10.207987	8.373020	14.600700	3.546490	1.954101	-9999	0.004385	-9999	-9999	-9999	-9999
3	6	10.457683	6.918770	12.242300	2.811470	1.178942	-9999	4.864790	-9999	-9999	-9999	-9999
3	7	10.348560	5.087190	9.452900	2.775980	1.779013	-9999	2.474670	-9999	-9999	-9999	-9999
3	8	9.177840	6.570840	14.682800	2.316390	1.569535	-9999	0.605538	-9999	-9999	-9999	-9999
3	9	6.793874	3.884890	7.507990	1.969060	1.250397	-9999	2.701030	-9999	-9999	-9999	-9999
3	10	6.283587	3.454680	6.567250	1.082680	0.874765	-9999	6.142010	-9999	-9999	-9999	-9999
3	11	7.399115	3.921820	7.313900	1.831800	0.905706	-9999	5.463690	-9999	-9999	-9999	-9999
3	12	3.423937	0.828830	4.329860	-2.353810	0.425278	-9999	12.529800	-9999	-9999	-9999	-9999
3	13	12.001306	-0.287258	5.102960	-8.643580	0.831205	-9999	0.006163	-9999	-9999	-9999	-9999
3	14	12.373258	3.253540	8.675190	-2.361720	1.343826	-9999	0.000000	-9999	-9999	-9999	-9999
3	15	12.050899	4.966770	9.315510	0.716227	1.218657	-9999	0.404068	-9999	-9999	-9999	-9999
3	16	11.686983	5.692780	10.732500	2.428420	1.340529	-9999	2.427120	-9999	-9999	-9999	-9999
3	17	7.005502	5.935580	10.522800	2.278760	1.322999	-9999	2.688500	-9999	-9999	-9999	-9999
3	18	3.932245	4.701970	7.624290	2.605970	0.379281	-9999	6.963340	-9999	-9999	-9999	-9999
3	19	10.623139	6.520300	11.796800	2.589880	1.311677	-9999	5.312950	-9999	-9999	-9999	-9999
3	20	7.350705	5.219580	9.367390	2.367810	0.988622	-9999	0.086924	-9999	-9999	-9999	-9999
3	21	12.915504	7.347140	13.001800	2.821050	2.111053	-9999	1.545430	-9999	-9999	-9999	-9999
3	22	5.178142	6.133640	10.103000	2.916700	0.952865	-9999	4.233650	-9999	-9999	-9999	-9999
3	23	13.442285	7.295380	12.946300	3.289320	1.155598	-9999	0.000037	-9999	-9999	-9999	-9999
3	24	10.033114	7.853340	12.608100	3.983470	1.540097	-9999	0.199943	-9999	-9999	-9999	-9999
3	25	9.910426	9.291540	14.609900	5.603100	1.982369	-9999	1.382520	-9999	-9999	-9999	-9999
3	26	14.452474	9.294470	16.298900	4.698250	1.909785	-9999	0.000000	-9999	-9999	-9999	-9999
3	27	14.013302	9.605630	14.470500	5.450970	2.082633	-9999	0.000000	-9999	-9999	-9999	-9999
3	28	11.566195	7.377410	11.818700	3.369940	2.177114	-9999	8.640750	-9999	-9999	-9999	-9999
3	29	9.197453	6.387300	10.588400	2.897470	1.218143	-9999	3.896610	-9999	-9999	-9999	-9999
3	30	9.291974	8.820470	13.441700	4.689580	1.428382	-9999	2.626560	-9999	-9999	-9999	-9999
3	31	14.497575	8.506810	14.041000	5.318800	1.693516	-9999	0.049883	-9999	-9999	-9999	-9999
4	1	10.311322	6.982950	11.853000	2.988450	1.423822	-9999	0.759013	-9999	-9999	-9999	-9999
4	2	6.137009	4.772380	8.004760	1.392110	0.906661	-9999	5.948680	-9999	-9999	-9999	-9999
4	3	7.629604	3.831800	7.607450	1.312920	1.031492	-9999	9.116580	-9999	-9999	-9999	-9999
4	4	8.642419	4.028480	7.303930	1.164270	0.649424	-9999	7.063340	-9999	-9999	-9999	-9999
4	5	16.190151	6.205850	13.690500	1.671320	1.549579	-9999	0.007300	-9999	-9999	-9999	-9999
4	6	15.583882	3.570510	7.830260	-0.768717	1.712060	-9999	0.625034	-9999	-9999	-9999	-9999
4	7	17.529091	2.984540	9.937110	-2.760080	2.669571	-9999	0.000000	-9999	-9999	-9999	-9999
4	8	17.296502	5.091260	11.357800	-0.628214	2.951207	-9999	0.000000	-9999	-9999	-9999	-9999
4	9	17.548877	6.007330	12.720200	0.973867	3.229700	-9999	0.000000	-9999	-9999	-9999	-9999
4	10	17.405021	7.703620	14.907500	0.306539	3.482890	-9999	0.000000	-9999	-9999	-9999	-9999
4	11	15.419548	11.188700	19.276900	4.587300	4.917812	-9999	0.000000	-9999	-9999	-9999	-9999
4	12	17.351971	12.552300	21.494300	5.985370	3.648051	-9999	0.000000	-9999	-9999	-9999	-9999
4	13	16.531345	12.533900	21.032200	6.909200	4.625378	-9999	0.000000	-9999	-9999	-9999	-9999
4	14	6.337795	7.621840	13.001500	5.694880	0.950641	-9999	0.188303	-9999	-9999	-9999	-9999
4	15	17.016998	7.444280	15.983200	2.071710	2.297241	-9999	9.932170	-9999	-9999	-9999	-9999
4	16	9.163325	2.884230	5.573400	0.511434	1.552721	-9999	5.409500	-9999	-9999	-9999	-9999
4	17	15.087168	7.735180	13.824100	0.914541	1.895415	-9999	0.898906	-9999	-9999	-9999	-9999
4	18	11.789539	7.277140	15.796900	1.263630	2.198768	-9999	4.806980	-9999	-9999	-9999	-9999
4	19	13.183345	2.156900	5.334320	-0.482249	1.839478	-9999	7.101980	-9999	-9999	-9999	-9999
4	20	4.841035	0.511423	2.687650	-1.424390	0.794111	-9999	9.858050	-9999	-9999	-9999	-9999
4	21	10.429258	1.476360	3.786620	-1.809820	0.332241	-9999	13.136800	-9999	-9999	-9999	-9999
4	22	14.172279	1.731940	4.094940	-1.343610	1.095945	-9999	3.853850	-9999	-9999	-9999	-9999
4	23	10.858925	2.640420	6.583830	-0.402354	1.148542	-9999	3.099230	-9999	-9999	-9999	-9999
4	24	13.488855	6.859260	10.549000	0.834921	1.736595	-9999	0.403625	-9999	-9999	-9999	-9999
4	25	18.484329	9.658640	15.501400	4.525140	2.920546	-9999	5.120470	-9999	-9999	-9999	-9999
4	26	18.872351	9.388010	16.160000	3.820120	2.237628	-9999	0.000000	-9999	-9999	-9999	-9999
4	27	17.170013	11.784200	18.859200	4.059620	3.404782	-9999	0.000000	-9999	-9999	-9999	-9999
4	28	14.560559	12.509500	20.264700	7.295920	2.779561	-9999	0.006614	-9999	-9999	-9999	-9999
4	29	17.824320	9.949840	16.099500	4.187670	3.090080	-9999	0.891510	-9999	-9999	-9999	-9999
4	30	18.771696	11.858300	20.019400	2.628470	3.735449	-9999	0.059092	-9999	-9999	-9999	-9999
5	1	19.568390	13.572600	22.346400	7.104530	3.958442	-9999	0.000156	-9999	-9999	-9999	-9999
5	2	15.052263	13.421800	19.803600	8.603580	3.737998	-9999	5.575090	-9999	-9999	-9999	-9999
5	3	11.377584	10.515700	17.774000	4.513220	2.821803	-9999	15.270100	-9999	-9999	-9999	-9999
5	4	6.366263	2.748410	6.817670	0.777748	0.772620	-9999	12.516100	-9999	-9999	-9999	-9999
5	5	11.602655	2.406950	5.484380	0.129005	1.521605	-9999	0.993503	-9999	-9999	-9999	-9999
5	6	17.259436	5.432670	10.351200	0.572425	2.172897	-9999	0.528235	-9999	-9999	-9999	-9999
5	7	21.152449	8.722740	15.992900	1.607700	2.939880	-9999	0.004357	-9999	-9999	-9999	-9999
5	8	8.855568	8.099760	12.266600	3.816990	1.437358	-9999	4.187150	-9999	-9999	-9999	-9999
5	9	10.502870	8.858090	12.689400	4.589090	1.689446	-9999	4.382240	-9999	-9999	-9999	-9999
5	10	10.322208	5.319940	8.509650	1.601910	1.484955	-9999	2.371880	-9999	-9999	-9999	-9999
5	11	15.352589	6.706900	12.016200	2.388250	1.819182	-9999	0.889053	-9999	-9999	-9999	-9999
5	12	13.004323	10.707400	16.302600	3.951450	2.043628	-9999	5.848170	-9999	-9999	-9999	-9999
5	13	11.899699	8.454860	12.939400	5.500430	2.196412	-9999	4.616420	-9999	-9999	-9999	-9999
5	14	8.956656	7.281180	11.281200	3.674230	1.458343	-9999	2.512260	-9999	-9999	-9999	-9999
5	15	22.261650	10.005800	16.217000	2.722790	2.229739	-9999	0.000000	-9999	-9999	-9999	-9999
5	16	22.806059	12.643400	20.017800	5.303320	3.097270	-9999	0.000000	-9999	-9999	-9999	-9999
5	17	23.028537	14.099000	21.954800	7.079990	3.273883	-9999	0.000000	-9999	-9999	-9999	-9999
5	18	22.648723	19.003100	27.240900	8.560400	7.254315	-9999	0.000000	-9999	-9999	-9999	-9999
5	19	19.016294	17.418100	25.466900	11.419500	5.496724	-9999	0.133794	-9999	-9999	-9999	-9999
5	20	12.425011	13.827600	20.692900	8.119670	4.706177	-9999	0.000000	-9999	-9999	-9999	-9999
5	21	18.109526	15.812900	22.448300	8.181920	5.689524	-9999	0.000546	-9999	-9999	-9999	-9999
5	22	11.764397	15.587500	21.137900	10.627400	3.626365	-9999	1.669970	-9999	-9999	-9999	-9999
5	23	19.827417	16.710100	24.549800	9.703040	5.821540	-9999	0.227701	-9999	-9999	-9999	-9999
5	24	22.825497	17.456600	24.230900	10.531800	7.855878	-9999	0.000000	-9999	-9999	-9999	-9999
5	25	15.434756	15.760800	21.857000	10.363900	3.831715	-9999	0.493174	-9999	-9999	-9999	-9999
5	26	19.541433	15.419600	21.512000	9.305210	4.607766	-9999	0.050740	-9999	-9999	-9999	-9999
5	27	19.314979	16.321200	23.109800	9.160220	4.942084	-9999	0.151451	-9999	-9999	-9999	-9999
5	28	21.666269	18.102800	25.163800	10.073800	5.414233	-9999	0.092194	-9999	-9999	-9999	-9999
5	29	21.136896	18.890600	25.726100	12.503900	5.964042	-9999	0.035054	-9999	-9999	-9999	-9999
5	30	20.436797	19.303600	26.102300	12.439100	6.927672	-9999	0.012091	-9999	-9999	-9999	-9999
5	31	23.505984	20.288500	27.680700	12.571600	8.119526	-9999	0.000000	-9999	-9999	-9999	-9999
6	1	19.938528	18.883700	25.955100	12.510300	6.823961	-9999	0.402108	-9999	-9999	-9999	-9999
6	2	1.874077	14.669000	17.645300	11.888000	0.997342	-9999	44.919900	-9999	-9999	-9999	-9999
6	3	9.484387	12.928700	15.959000	10.847900	1.595461	-9999	0.011074	-9999	-9999	-9999	-9999
6	4	9.516269	14.621400	18.756200	11.242600	1.302608	-9999	4.648750	-9999	-9999	-9999	-9999
6	5	1.761938	13.145400	16.132500	11.564900	0.627815	-9999	11.590000	-9999	-9999	-9999	-9999
6	6	3.489117	9.331700	13.621600	7.515870	1.392492	-9999	21.094800	-9999	-9999	-9999	-9999
6	7	7.652863	7.659950	10.769400	4.692350	1.770951	-9999	9.326010	-9999	-9999	-9999	-9999
6	8	17.349984	9.206700	13.600300	4.871400	2.137234	-9999	1.976530	-9999	-9999	-9999	-9999
6	9	15.420068	12.827100	17.974500	7.490360	2.780878	-9999	0.030507	-9999	-9999	-9999	-9999
6	10	8.974886	11.027600	12.991900	8.907930	1.941620	-9999	4.442980	-9999	-9999	-9999	-9999
6	11	13.189479	10.361200	14.536600	7.040620	2.123935	-9999	1.208770	-9999	-9999	-9999	-9999
6	12	10.578989	9.073250	11.589200	6.247710	1.576743	-9999	1.163290	-9999	-9999	-9999	-9999
6	13	11.904279	10.542500	14.454200	7.147890	2.267721	-9999	0.117682	-9999	-9999	-9999	-9999
6	14	15.000164	14.585400	19.182800	7.905550	3.345387	-9999	0.854780	-9999	-9999	-9999	-9999
6	15	14.009501	15.856100	19.969100	11.129500	2.801536	-9999	3.236110	-9999	-9999	-9999	-9999
6	16	15.317683	16.702500	22.494700	11.848200	2.416657	-9999	9.647610	-9999	-9999	-9999	-9999
6	17	10.557389	13.999500	17.617100	11.080800	1.901664	-9999	0.567888	-9999	-9999	-9999	-9999
6	18	23.369903	17.382800	24.238400	10.085500	4.124913	-9999	0.000000	-9999	-9999	-9999	-9999
6	19	23.850202	21.474200	28.642900	13.305200	7.266134	-9999	0.000000	-9999	-9999	-9999	-9999
6	20	23.385196	22.784500	30.679300	16.455300	8.164203	-9999	0.000000	-9999	-9999	-9999	-9999
6	21	16.521841	23.837900	29.823300	16.444800	7.685362	-9999	0.022160	-9999	-9999	-9999	-9999
6	22	19.180282	25.666400	35.053000	19.509900	17.522979	-9999	0.000000	-9999	-9999	-9999	-9999
6	23	21.642595	22.930500	30.547100	16.694700	6.151953	-9999	0.059064	-9999	-9999	-9999	-9999
6	24	23.778663	25.400100	33.254000	17.801000	12.798018	-9999	0.000000	-9999	-9999	-9999	-9999
6	25	4.799805	17.091500	22.850200	12.563300	3.547497	-9999	0.000000	-9999	-9999	-9999	-9999
6	26	2.682962	10.371600	14.287500	8.141330	1.756071	-9999	5.854930	-9999	-9999	-9999	-9999
6	27	12.184559	10.278800	15.188300	6.967650	2.447552	-9999	0.304333	-9999	-9999	-9999	-9999
6	28	24.789283	13.993600	21.030400	6.287050	5.257292	-9999	0.000000	-9999	-9999	-9999	-9999
6	29	24.167808	17.518400	24.958600	9.645110	6.789786	-9999	0.000000	-9999	-9999	-9999	-9999
6	30	21.647433	19.032300	25.346500	11.946500	7.301795	-9999	0.202216	-9999	-9999	-9999	-9999
7	1	20.953296	21.657400	27.866400	14.397100	9.265364	-9999	0.376286	-9999	-9999	-9999	-9999
7	2	15.437348	21.620800	30.544700	16.453200	6.158432	-9999	28.677800	-9999	-9999	-9999	-9999
7	3	9.949478	15.257900	20.331900	12.973500	2.742322	-9999	2.262960	-9999	-9999	-9999	-9999
7	4	16.006032	16.413800	21.402100	12.807600	4.558596	-9999	0.000000	-9999	-9999	-9999	-9999
7	5	23.578559	22.375900	30.995000	12.842600	7.958142	-9999	0.000000	-9999	-9999	-9999	-9999
7	6	19.593359	26.615600	34.866100	17.790800	17.512905	-9999	0.000000	-9999	-9999	-9999	-9999
7	7	17.147463	26.492700	34.716000	17.443700	17.981275	-9999	0.000000	-9999	-9999	-9999	-9999
7	8	6.162748	16.428200	19.696400	13.496900	5.310444	-9999	0.066199	-9999	-9999	-9999	-9999
7	9	23.696236	20.588200	27.652100	12.514600	7.936926	-9999	0.000000	-9999	-9999	-9999	-9999
7	10	23.019551	25.221300	33.893100	16.829900	12.204965	-9999	0.000000	-9999	-9999	-9999	-9999
7	11	20.662128	26.454900	33.930800	19.809100	15.438593	-9999	0.000000	-9999	-9999	-9999	-9999
7	12	16.137101	25.763900	32.176800	20.872100	13.994065	-9999	0.083668	-9999	-9999	-9999	-9999
7	13	16.344288	24.761900	29.704800	20.263600	11.973280	-9999	0.663515	-9999	-9999	-9999	-9999
7	14	16.998768	25.158900	31.325900	18.569700	9.650809	-9999	0.295513	-9999	-9999	-9999	-9999
7	15	18.833904	28.674400	36.889100	20.693500	21.852364	-9999	0.000000	-9999	-9999	-9999	-9999
7	16	16.984771	26.938600	34.371900	20.820900	13.922968	-9999	0.000000	-9999	-9999	-9999	-9999
7	17	8.095870	21.025800	29.407700	13.055200	5.727769	-9999	16.263300	-9999	-9999	-9999	-9999
7	18	1.644382	13.783400	15.695200	12.250100	0.959267	-9999	43.254800	-9999	-9999	-9999	-9999
7	19	5.785379	12.455000	14.979100	10.298100	2.074176	-9999	5.180160	-9999	-9999	-9999	-9999
7	20	12.431318	12.502200	16.181400	9.196870	2.497514	-9999	0.083648	-9999	-9999	-9999	-9999
7	21	2.387508	12.114000	13.690900	10.252700	0.751098	-9999	17.692400	-9999	-9999	-9999	-9999
7	22	1.992790	13.711700	15.717700	11.580800	0.842404	-9999	7.243720	-9999	-9999	-9999	-9999
7	23	8.881661	12.880400	17.175900	9.092620	1.626354	-9999	1.744120	-9999	-9999	-9999	-9999
7	24	10.328429	11.942900	16.033100	8.247010	2.062644	-9999	1.356830	-9999	-9999	-9999	-9999
7	25	9.376906	11.789500	15.466000	7.771580	1.971494	-9999	2.377880	-9999	-9999	-9999	-9999
7	26	22.005994	14.163300	20.480100	6.936740	3.849887	-9999	0.003845	-9999	-9999	-9999	-9999
7	27	17.148154	17.803000	24.559500	10.566500	4.016055	-9999	5.638410	-9999	-9999	-9999	-9999
7	28	6.463411	13.712100	17.152100	9.696750	1.629113	-9999	8.088400	-9999	-9999	-9999	-9999
7	29	3.936289	12.217200	14.553100	9.753570	1.463672	-9999	3.598580	-9999	-9999	-9999	-9999
7	30	5.885585	10.520500	14.015200	8.493590	1.574298	-9999	2.567350	-9999	-9999	-9999	-9999
7	31	4.249904	11.076200	12.859900	8.288760	0.790643	-9999	14.094900	-9999	-9999	-9999	-9999
8	1	17.169494	17.242300	22.129800	10.953100	4.214316	-9999	2.639570	-9999	-9999	-9999	-9999
8	2	15.054682	19.845000	25.413300	14.395900	3.666721	-9999	4.010500	-9999	-9999	-9999	-9999
8	3	9.011693	17.574600	23.974400	14.396200	3.372868	-9999	1.771520	-9999	-9999	-9999	-9999
8	4	20.487427	20.902000	27.709400	14.192900	5.707307	-9999	0.000000	-9999	-9999	-9999	-9999
8	5	20.901455	21.741300	28.840100	16.627000	6.368656	-9999	0.000000	-9999	-9999	-9999	-9999
8	6	14.301101	18.763300	25.923100	14.320800	1.181382	-9999	0.000086	-9999	-9999	-9999	-9999
8	7	5.466010	14.796600	16.926300	12.548200	1.304374	-9999	0.000000	-9999	-9999	-9999	-9999
8	8	4.036081	15.455900	18.259400	12.931400	1.225251	-9999	0.000000	-9999	-9999	-9999	-9999
8	9	3.553537	14.114300	17.071100	11.928200	1.787680	-9999	1.487380	-9999	-9999	-9999	-9999
8	10	10.338711	13.527300	18.071500	10.671200	2.295077	-9999	0.577024	-9999	-9999	-9999	-9999
8	11	1.170037	13.170500	14.566700	10.739000	0.527186	-9999	6.817940	-9999	-9999	-9999	-9999
8	12	3.502068	13.399900	15.534400	11.428400	1.168995	-9999	1.583820	-9999	-9999	-9999	-9999
8	13	4.429659	14.427300	18.452000	11.858800	0.864855	-9999	0.000158	-9999	-9999	-9999	-9999
8	14	19.725984	17.177500	23.293100	11.653400	3.459293	-9999	0.000000	-9999	-9999	-9999	-9999
8	15	19.971446	20.359900	27.682500	13.449000	6.339952	-9999	0.000000	-9999	-9999	-9999	-9999
8	16	19.915027	22.069900	28.765700	16.415800	9.167375	-9999	0.000000	-9999	-9999	-9999	-9999
8	17	17.908906	21.675800	27.691900	17.261800	6.778457	-9999	0.000000	-9999	-9999	-9999	-9999
8	18	8.966246	20.022500	23.844600	17.405500	2.888484	-9999	3.566390	-9999	-9999	-9999	-9999
8	19	15.158362	21.040300	27.536600	16.177200	3.291571	-9999	0.261785	-9999	-9999	-9999	-9999
8	20	14.088816	22.798100	29.802500	17.381200	5.399791	-9999	0.165432	-9999	-9999	-9999	-9999
8	21	8.756381	20.413300	24.014600	16.963200	2.873441	-9999	2.941640	-9999	-9999	-9999	-9999
8	22	18.397929	21.273100	27.814100	15.757700	5.064776	-9999	0.000000	-9999	-9999	-9999	-9999
8	23	16.532726	22.430300	29.741300	16.865400	6.222292	-9999	0.083012	-9999	-9999	-9999	-9999
8	24	7.679414	19.885000	25.211000	16.240700	2.094931	-9999	19.716000	-9999	-9999	-9999	-9999
8	25	12.103776	13.730600	18.178600	9.573840	2.853568	-9999	5.761100	-9999	-9999	-9999	-9999
8	26	17.513539	11.956600	17.223400	7.352400	2.710610	-9999	0.000000	-9999	-9999	-9999	-9999
8	27	15.939331	14.751300	20.319300	8.170950	3.704909	-9999	0.000000	-9999	-9999	-9999	-9999
8	28	17.995997	16.701600	23.252600	9.814070	4.377810	-9999	0.000000	-9999	-9999	-9999	-9999
8	29	17.136403	21.452700	29.438200	14.205400	7.531391	-9999	0.000000	-9999	-9999	-9999	-9999
8	30	6.795291	17.311700	23.237100	12.295100	2.481218	-9999	16.025100	-9999	-9999	-9999	-9999
8	31	11.937629	13.123700	18.360000	10.011200	2.728415	-9999	0.008387	-9999	-9999	-9999	-9999
9	1	17.420227	17.942700	25.769000	9.242290	7.816681	-9999	0.000000	-9999	-9999	-9999	-9999
9	2	15.171668	18.337800	25.066100	13.579200	4.770771	-9999	0.000000	-9999	-9999	-9999	-9999
9	3	15.966979	18.498300	25.574600	13.626100	3.907847	-9999	0.000000	-9999	-9999	-9999	-9999
9	4	16.487539	20.021200	28.315600	13.738600	8.147439	-9999	0.000000	-9999	-9999	-9999	-9999
9	5	14.921452	20.687200	28.301700	14.796800	7.911098	-9999	0.000185	-9999	-9999	-9999	-9999
9	6	1.633608	15.115700	16.994700	13.115200	1.373476	-9999	0.051551	-9999	-9999	-9999	-9999
9	7	10.568362	16.180800	21.633800	11.798700	3.402710	-9999	0.836224	-9999	-9999	-9999	-9999
9	8	15.576537	17.036800	23.803900	10.864900	4.828966	-9999	0.000000	-9999	-9999	-9999	-9999
9	9	10.407312	16.532500	22.172000	12.322200	4.570381	-9999	0.556763	-9999	-9999	-9999	-9999
9	10	8.770551	17.595500	23.207200	12.760900	2.996985	-9999	1.696960	-9999	-9999	-9999	-9999
9	11	9.946109	17.179300	23.052000	11.504100	3.236802	-9999	14.863700	-9999	-9999	-9999	-9999
9	12	3.080704	9.135940	13.319900	5.874000	1.504429	-9999	23.877700	-9999	-9999	-9999	-9999
9	13	4.260151	7.519610	9.179540	5.886790	1.091625	-9999	14.649600	-9999	-9999	-9999	-9999
9	14	9.009187	9.512100	11.494100	5.311440	1.823641	-9999	9.047410	-9999	-9999	-9999	-9999
9	15	4.129220	9.480180	11.500600	6.236640	1.247929	-9999	3.586700	-9999	-9999	-9999	-9999
9	16	14.089075	12.627900	18.922000	6.109840	2.357846	-9999	0.000000	-9999	-9999	-9999	-9999
9	17	13.073789	13.765200	19.371700	8.950780	1.919981	-9999	2.528180	-9999	-9999	-9999	-9999
9	18	3.583336	6.671010	10.766500	4.480390	1.616011	-9999	11.719700	-9999	-9999	-9999	-9999
9	19	6.966786	6.663410	9.982240	3.693090	1.439756	-9999	1.110530	-9999	-9999	-9999	-9999
9	20	13.945652	11.414400	17.947900	3.382120	1.936213	-9999	0.000000	-9999	-9999	-9999	-9999
9	21	13.787539	16.504400	22.853200	9.648290	6.302846	-9999	0.000000	-9999	-9999	-9999	-9999
9	22	13.230345	16.735200	21.900800	12.583200	4.714418	-9999	0.000000	-9999	-9999	-9999	-9999
9	23	12.571978	18.008000	23.713700	13.499300	5.488179	-9999	0.000000	-9999	-9999	-9999	-9999
9	24	12.888806	19.509900	26.757200	14.437300	5.910652	-9999	0.000000	-9999	-9999	-9999	-9999
9	25	13.078800	17.082600	24.218000	12.433100	5.003753	-9999	0.000000	-9999	-9999	-9999	-9999
9	26	12.896928	16.636600	23.705600	12.235100	6.416048	-9999	0.000000	-9999	-9999	-9999	-9999
9	27	12.585802	15.537200	22.387200	11.352200	4.457536	-9999	0.000000	-9999	-9999	-9999	-9999
9	28	9.724320	14.003600	19.909100	10.124500	3.148438	-9999	0.000000	-9999	-9999	-9999	-9999
9	29	6.902038	13.442500	17.018100	9.157850	1.401374	-9999	16.379600	-9999	-9999	-9999	-9999
9	30	4.662559	11.585600	16.139000	7.700270	1.474934	-9999	18.212500	-9999	-9999	-9999	-9999
10	1	7.995266	11.307400	14.717000	8.280670	1.924661	-9999	2.416590	-9999	-9999	-9999	-9999
10	2	8.921491	12.021600	17.786700	7.536130	2.209561	-9999	0.000000	-9999	-9999	-9999	-9999
10	3	9.425376	12.680700	18.513300	8.311190	1.831038	-9999	0.000000	-9999	-9999	-9999	-9999
10	4	11.016259	13.994400	19.337300	8.545840	2.417933	-9999	0.000000	-9999	-9999	-9999	-9999
10	5	10.534234	15.151600	21.535600	10.657000	2.695877	-9999	0.000000	-9999	-9999	-9999	-9999
10	6	10.306397	15.505300	22.127000	10.760700	2.570954	-9999	0.000000	-9999	-9999	-9999	-9999
10	7	10.051344	16.004400	21.828300	11.200100	3.074828	-9999	0.000000	-9999	-9999	-9999	-9999
10	8	9.732269	15.806200	21.132100	11.702800	2.127152	-9999	0.000000	-9999	-9999	-9999	-9999
10	9	1.359357	13.028600	15.971900	10.404700	0.749809	-9999	0.000006	-9999	-9999	-9999	-9999
10	10	4.425149	15.088900	19.452200	10.919800	2.281165	-9999	0.000028	-9999	-9999	-9999	-9999
10	11	0.446717	12.556600	15.896700	9.951570	0.489961	-9999	0.022753	-9999	-9999	-9999	-9999
10	12	5.373847	11.713300	15.772500	7.883180	1.271501	-9999	0.000000	-9999	-9999	-9999	-9999
10	13	10.091088	8.301740	15.678500	3.192840	2.015559	-9999	0.000000	-9999	-9999	-9999	-9999
10	14	9.773136	5.920580	11.558000	2.112820	1.520325	-9999	0.000584	-9999	-9999	-9999	-9999
10	15	8.565938	6.120100	11.577300	1.291170	1.831367	-9999	1.814130	-9999	-9999	-9999	-9999
10	16	5.096140	9.101240	12.672600	3.169460	1.494784	-9999	0.925810	-9999	-9999	-9999	-9999
10	17	5.657973	12.515200	16.422400	8.647890	1.232987	-9999	1.434660	-9999	-9999	-9999	-9999
10	18	8.335457	14.816100	20.245900	9.469910	4.553041	-9999	0.000000	-9999	-9999	-9999	-9999
10	19	8.009185	15.375000	20.456500	11.564200	4.556028	-9999	0.000000	-9999	-9999	-9999	-9999
10	20	7.417483	14.872000	19.952900	10.680400	1.976157	-9999	0.589406	-9999	-9999	-9999	-9999
10	21	8.370622	12.578800	18.106400	8.244930	1.744220	-9999	0.000000	-9999	-9999	-9999	-9999
10	22	7.969087	12.993300	19.051600	8.245150	2.455489	-9999	0.000000	-9999	-9999	-9999	-9999
10	23	7.277843	13.713400	18.888700	10.178600	2.284952	-9999	0.000000	-9999	-9999	-9999	-9999
10	24	7.387347	14.626200	18.511500	9.951720	2.608287	-9999	0.596154	-9999	-9999	-9999	-9999
10	25	2.684448	13.468500	16.391300	10.521700	1.768624	-9999	5.820340	-9999	-9999	-9999	-9999
10	26	7.544465	12.633700	17.590200	8.260530	1.292822	-9999	0.000000	-9999	-9999	-9999	-9999
10	27	6.664205	14.006900	18.403500	11.091200	1.702894	-9999	0.739455	-9999	-9999	-9999	-9999
10	28	0.427107	10.906800	14.351300	8.137910	0.695669	-9999	4.245020	-9999	-9999	-9999	-9999
10	29	5.541402	11.987300	16.399900	8.041140	1.348194	-9999	0.023371	-9999	-9999	-9999	-9999
10	30	6.872532	10.929500	16.954200	6.790800	1.799466	-9999	0.000000	-9999	-9999	-9999	-9999
10	31	6.592769	8.466900	12.978400	5.091800	0.872571	-9999	0.000005	-9999	-9999	-9999	-9999
11	1	4.064420	5.635620	9.418050	2.290170	0.799022	-9999	0.021635	-9999	-9999	-9999	-9999
11	2	3.368451	1.358800	4.127030	-1.197720	0.972908	-9999	1.344790	-9999	-9999	-9999	-9999
11	3	5.470762	-0.060852	3.145380	-2.131100	1.381404	-9999	0.151616	-9999	-9999	-9999	-9999
11	4	6.688742	3.055300	7.208180	-2.304220	2.038486	-9999	0.000000	-9999	-9999	-9999	-9999
11	5	5.833555	7.951570	11.542200	3.676310	5.418419	-9999	0.000000	-9999	-9999	-9999	-9999
11	6	2.202500	6.696410	8.888750	4.037730	1.985476	-9999	1.219590	-9999	-9999	-9999	-9999
11	7	2.067440	9.545350	12.326900	6.561810	1.066675	-9999	10.291200	-9999	-9999	-9999	-9999
11	8	5.867242	9.710330	11.840700	6.461100	1.693302	-9999	2.194530	-9999	-9999	-9999	-9999
11	9	0.785144	11.119800	13.482700	9.469030	0.737751	-9999	12.053100	-9999	-9999	-9999	-9999
11	10	5.476395	10.921600	15.397100	7.546180	1.420273	-9999	0.975359	-9999	-9999	-9999	-9999
11	11	1.525470	9.672820	11.549100	7.332070	0.687996	-9999	1.322690	-9999	-9999	-9999	-9999
11	12	0.914440	8.024440	12.311800	4.391730	0.760679	-9999	6.915290	-9999	-9999	-9999	-9999
11	13	5.251988	5.111540	7.754630	3.074290	1.600750	-9999	0.057385	-9999	-9999	-9999	-9999
11	14	5.160067	9.439360	13.258000	4.484500	1.676175	-9999	0.000000	-9999	-9999	-9999	-9999
11	15	4.872908	8.811520	13.272100	6.493720	2.024031	-9999	0.000000	-9999	-9999	-9999	-9999
11	16	3.259613	8.261230	11.947200	5.640570	0.935363	-9999	0.116680	-9999	-9999	-9999	-9999
11	17	5.036541	7.322390	13.528400	3.445500	1.241605	-9999	0.000000	-9999	-9999	-9999	-9999
11	18	4.678128	8.917210	12.473700	3.429540	2.396696	-9999	0.000000	-9999	-9999	-9999	-9999
11	19	4.851628	7.993800	13.245200	4.657910	0.965183	-9999	0.000000	-9999	-9999	-9999	-9999
11	20	4.744259	10.127900	13.904100	6.339120	1.550768	-9999	0.011354	-9999	-9999	-9999	-9999
11	21	2.794591	11.080200	12.929300	9.358680	1.102142	-9999	0.440989	-9999	-9999	-9999	-9999
11	22	4.566033	10.593400	14.488100	7.681190	1.404679	-9999	0.000000	-9999	-9999	-9999	-9999
11	23	4.399704	10.340300	15.248400	7.463020	1.120402	-9999	0.000000	-9999	-9999	-9999	-9999
11	24	2.631398	8.163760	11.277200	5.931280	0.712335	-9999	1.891230	-9999	-9999	-9999	-9999
11	25	3.739418	6.435610	9.533470	4.212650	1.188870	-9999	0.000049	-9999	-9999	-9999	-9999
11	26	3.889106	5.965300	10.556200	3.569740	0.803087	-9999	0.000005	-9999	-9999	-9999	-9999
11	27	1.395688	5.984860	11.708500	2.054660	0.612668	-9999	6.955890	-9999	-9999	-9999	-9999
11	28	3.446219	3.440190	6.169880	1.883860	0.806713	-9999	3.705670	-9999	-9999	-9999	-9999
11	29	2.621108	3.436890	6.379720	2.004830	0.828798	-9999	7.412670	-9999	-9999	-9999	-9999
11	30	3.226176	2.411320	4.738970	0.216529	0.634828	-9999	11.398600	-9999	-9999	-9999	-9999
12	1	3.175139	1.551780	3.502530	-1.379490	0.647916	-9999	1.570470	-9999	-9999	-9999	-9999
12	2	3.880224	5.648980	10.307200	1.670830	1.345092	-9999	13.749400	-9999	-9999	-9999	-9999
12	3	2.767202	2.557830	5.217190	0.917933	1.334366	-9999	0.858076	-9999	-9999	-9999	-9999
12	4	3.557460	1.700740	4.147160	-0.221685	1.157757	-9999	0.820723	-9999	-9999	-9999	-9999
12	5	1.259824	4.893490	6.955720	1.185080	0.826077	-9999	5.915510	-9999	-9999	-9999	-9999
12	6	3.514251	4.777520	7.276030	2.174950	1.235634	-9999	0.272490	-9999	-9999	-9999	-9999
12	7	3.534771	7.640250	10.190000	4.810450	1.965260	-9999	1.867150	-9999	-9999	-9999	-9999
12	8	1.206541	4.294760	6.286680	1.551020	0.537575	-9999	8.110840	-9999	-9999	-9999	-9999
12	9	2.684163	3.006100	5.274990	1.487120	0.889971	-9999	3.946040	-9999	-9999	-9999	-9999
12	10	1.395576	0.702937	3.452420	-2.815950	0.241643	-9999	11.702200	-9999	-9999	-9999	-9999
12	11	3.405223	-2.369450	1.229550	-5.083500	0.736724	-9999	0.169475	-9999	-9999	-9999	-9999
12	12	2.514059	-1.175180	2.412630	-5.214240	0.686249	-9999	4.902000	-9999	-9999	-9999	-9999
12	13	1.598003	-2.867380	0.236298	-6.759980	0.308024	-9999	4.799180	-9999	-9999	-9999	-9999
12	14	2.228653	-5.087160	-1.413210	-8.592630	0.385561	-9999	0.311570	-9999	-9999	-9999	-9999
12	15	1.465932	-3.958990	-1.149510	-6.698830	0.342201	-9999	2.908750	-9999	-9999	-9999	-9999
12	16	2.621307	-6.901710	-3.283840	-9.152380	0.399334	-9999	0.313688	-9999	-9999	-9999	-9999
12	17	2.453820	-5.641450	-2.908910	-9.151650	0.381532	-9999	1.134470	-9999	-9999	-9999	-9999
12	18	2.825522	-6.002350	-1.979460	-8.840670	0.340927	-9999	0.290319	-9999	-9999	-9999	-9999
12	19	2.979634	-4.821020	0.183960	-9.470890	0.524228	-9999	0.000006	-9999	-9999	-9999	-9999
12	20	2.254945	-1.499580	1.264500	-4.939400	0.330608	-9999	2.197900	-9999	-9999	-9999	-9999
12	21	2.212678	-3.515050	-0.586487	-6.227030	0.404519	-9999	0.918836	-9999	-9999	-9999	-9999
12	22	2.493651	-5.701630	-3.374630	-8.724190	0.411390	-9999	1.333980	-9999	-9999	-9999	-9999
12	23	2.027557	-5.136270	-2.721530	-6.707100	0.390589	-9999	0.728797	-9999	-9999	-9999	-9999
12	24	2.421040	-7.574620	-4.459500	-10.497100	0.408317	-9999	0.736299	-9999	-9999	-9999	-9999
12	25	2.595655	-8.472840	-5.365910	-10.895900	0.409235	-9999	1.310280	-9999	-9999	-9999	-9999
12	26	2.398611	-7.601780	-4.193790	-9.816080	0.408933	-9999	1.299340	-9999	-9999	-9999	-9999
12	27	3.295642	-4.926610	-0.222504	-10.510100	1.058519	-9999	0.002857	-9999	-9999	-9999	-9999
12	28	3.454307	0.535823	3.558320	-6.065400	2.158852	-9999	0.000000	-9999	-9999	-9999	-9999
12	29	2.162290	-0.738591	2.731290	-4.066660	0.356700	-9999	0.575835	-9999	-9999	-9999	-9999
12	30	2.334476	-2.086550	1.241210	-4.186740	0.344249	-9999	0.315631	-9999	-9999	-9999	-9999
12	31	3.328067	-2.920020	1.771300	-5.666420	0.333710	-9999	0.011085	-9999	-9999	-9999	-9999
