Month	n_days	Rg_f	Ta_f	Tmax	Tmin	VPD_f	Ts_f	Precip	SWC	LAI	ET	LITTERFALL
1	1	2.29	0.45	6.1	-5.75	0.1	-9999	4.4	-9999	-9999	-9999	-9999
1	2	2.32	8.28	10.65	5.35	0.21	-9999	9.8	-9999	-9999	-9999	-9999
1	3	2.01	6.44	9.1	5.55	0.32	-9999	0	-9999	-9999	-9999	-9999
1	4	2.01	2.53	5.2	1.05	0.06	-9999	4.5	-9999	-9999	-9999	-9999
1	5	0.94	-5.03	0.9	-6.65	0.01	-9999	9.8	-9999	-9999	-9999	-9999
1	6	1.89	-7.97	-6.75	-8.6	0.02	-9999	0	-9999	-9999	-9999	-9999
1	7	1.69	-10.64	-8.6	-11.45	0.03	-9999	6.2	-9999	-9999	-9999	-9999
1	8	7.22	-10.69	-8.06	-12.75	0.03	-9999	0	-9999	-9999	-9999	-9999
1	9	2.04	-13.94	-13.05	-15.4	0.05	-9999	5	-9999	-9999	-9999	-9999
1	10	2.07	-11.98	-11.05	-13	0.04	-9999	4.3	-9999	-9999	-9999	-9999
1	11	4.54	-10.47	-9.35	-11.35	0.03	-9999	0	-9999	-9999	-9999	-9999
1	12	7.7	-10.9	-8.1	-13.8	0.14	-9999	0	-9999	-9999	-9999	-9999
1	13	3.42	-5.9	-1.1	-9.25	0.22	-9999	3.8	-9999	-9999	-9999	-9999
1	14	0.99	1.05	2.8	-0.95	0.03	-9999	15	-9999	-9999	-9999	-9999
1	15	6.48	2.2	5.8	0.25	0.11	-9999	0.3	-9999	-9999	-9999	-9999
1	16	0.97	1.1	6.3	-0.95	0.13	-9999	1.3	-9999	-9999	-9999	-9999
1	17	8.11	0.98	4.25	-2.2	0.22	-9999	0	-9999	-9999	-9999	-9999
1	18	3.73	2.04	3.1	0.3	0.29	-9999	0	-9999	-9999	-9999	-9999
1	19	8.3	2	5.15	-0.6	0.27	-9999	0	-9999	-9999	-9999	-9999
1	20	6.9	3.59	5.2	1.95	0.21	-9999	0	-9999	-9999	-9999	-9999
1	21	7.26	3.91	7.75	0.35	0.31	-9999	0	-9999	-9999	-9999	-9999
1	22	1.49	1.94	6.95	0.3	0.11	-9999	5.3	-9999	-9999	-9999	-9999
1	23	1.72	0.57	1.8	-0.1	0.04	-9999	7.1	-9999	-9999	-9999	-9999
1	24	1.34	-1.17	-0.05	-1.85	0	-9999	16.5	-9999	-9999	-9999	-9999
1	25	2.55	-2.03	-1.4	-2.7	0	-9999	1	-9999	-9999	-9999	-9999
1	26	2.98	-2.93	-2.4	-3.85	0	-9999	1.2	-9999	-9999	-9999	-9999
1	27	1.36	0	4.1	-2.6	0.02	-9999	24.3	-9999	-9999	-9999	-9999
1	28	1.33	2.86	6.85	-0.8	0.12	-9999	8.1	-9999	-9999	-9999	-9999
1	29	5.25	-1.27	0.55	-2.9	0.17	-9999	2.7	-9999	-9999	-9999	-9999
1	30	5.17	-3.26	-2.2	-4.15	0.06	-9999	4.6	-9999	-9999	-9999	-9999
1	31	3.69	-5.39	-4.35	-7.2	0.04	-9999	3.4	-9999	-9999	-9999	-9999
2	1	3.97	-8.74	-7.55	-9.55	0.04	-9999	0.8	-9999	-9999	-9999	-9999
2	2	3.42	-6.49	-1.85	-10.1	0.13	-9999	0.5	-9999	-9999	-9999	-9999
2	3	6.25	0.9	2.95	-1.4	0.25	-9999	1.7	-9999	-9999	-9999	-9999
2	4	1.83	-2.57	1.4	-4.65	0.06	-9999	2.6	-9999	-9999	-9999	-9999
2	5	2.29	-4.77	-4.1	-5.85	0.06	-9999	5.2	-9999	-9999	-9999	-9999
2	6	1.89	-5.91	-4.7	-7.1	0.07	-9999	1.7	-9999	-9999	-9999	-9999
2	7	5.61	-5.75	-4.2	-7.2	0.11	-9999	1.4	-9999	-9999	-9999	-9999
2	8	1.67	-4.37	-3.7	-5	0	-9999	9.4	-9999	-9999	-9999	-9999
2	9	10.91	-5.95	-4.15	-7.25	0	-9999	0	-9999	-9999	-9999	-9999
2	10	11.52	-6.65	-5.15	-8.05	0	-9999	0	-9999	-9999	-9999	-9999
2	11	1.8	-7.23	-6.65	-8.45	0.01	-9999	0	-9999	-9999	-9999	-9999
2	12	11.68	-7.97	-6.05	-9.75	0.03	-9999	0	-9999	-9999	-9999	-9999
2	13	11.78	-6.17	-2.15	-8.2	0.2	-9999	0	-9999	-9999	-9999	-9999
2	14	12.24	-6.2	-4.1	-7.7	0.2	-9999	0	-9999	-9999	-9999	-9999
2	15	5.97	-7.62	-6.5	-8.4	0.15	-9999	0	-9999	-9999	-9999	-9999
2	16	3.76	-7.8	-6.9	-8.4	0.01	-9999	1.5	-9999	-9999	-9999	-9999
2	17	11.82	-7.29	-4.3	-9.65	0.06	-9999	0	-9999	-9999	-9999	-9999
2	18	13.07	-7.81	-4.7	-10.4	0.16	-9999	0	-9999	-9999	-9999	-9999
2	19	12.68	-6.62	-3.95	-8.85	0.13	-9999	0	-9999	-9999	-9999	-9999
2	20	13.1	-1.47	2.9	-6.2	0.23	-9999	0	-9999	-9999	-9999	-9999
2	21	13.68	-0.38	4.6	-6.7	0.24	-9999	0	-9999	-9999	-9999	-9999
2	22	13.91	-0.56	2.85	-2.4	0.28	-9999	0	-9999	-9999	-9999	-9999
2	23	14.18	0.41	3.45	-3	0.39	-9999	0	-9999	-9999	-9999	-9999
2	24	14.51	2.71	5.55	-0.3	0.42	-9999	0	-9999	-9999	-9999	-9999
2	25	14.78	5.72	9.6	3.55	0.5	-9999	0	-9999	-9999	-9999	-9999
2	26	14.9	5.62	8.65	3.15	0.47	-9999	1.5	-9999	-9999	-9999	-9999
2	27	14.93	5.22	6.5	4.4	0.46	-9999	0	-9999	-9999	-9999	-9999
2	28	13.95	5.48	7.1	4.25	0.4	-9999	0	-9999	-9999	-9999	-9999
3	1	7.72	5.66	6.75	4.3	0.3	-9999	0	-9999	-9999	-9999	-9999
3	2	7.56	4.31	6.4	2.65	0.16	-9999	0.8	-9999	-9999	-9999	-9999
3	3	2.78	0.93	2.2	0.2	0.04	-9999	7.1	-9999	-9999	-9999	-9999
3	4	5.77	1.15	2.55	0.2	0.07	-9999	0	-9999	-9999	-9999	-9999
3	5	12.8	3.01	6.43	0.15	0.25	-9999	0	-9999	-9999	-9999	-9999
3	6	10.98	-0.39	2.95	-3.35	0.09	-9999	0	-9999	-9999	-9999	-9999
3	7	1.41	-0.07	0.5	-0.4	0	-9999	10.2	-9999	-9999	-9999	-9999
3	8	6.93	1.59	3.3	-0.85	0.13	-9999	0	-9999	-9999	-9999	-9999
3	9	6.97	4.14	7.7	2.35	0.23	-9999	3.5	-9999	-9999	-9999	-9999
3	10	16.47	8.96	11.35	3.75	0.39	-9999	0	-9999	-9999	-9999	-9999
3	11	10.77	12.31	15	10.15	0.47	-9999	0	-9999	-9999	-9999	-9999
3	12	1.91	7.29	13.9	0.8	0.22	-9999	19.9	-9999	-9999	-9999	-9999
3	13	2.82	-1.4	1.5	-3.55	0.07	-9999	11.2	-9999	-9999	-9999	-9999
3	14	4	-4.87	-3.75	-5.7	0.04	-9999	5.3	-9999	-9999	-9999	-9999
3	15	4.55	-4	-3.45	-4.55	0.01	-9999	1.8	-9999	-9999	-9999	-9999
3	16	4.99	-2.34	-0.9	-3.65	0.08	-9999	0.1	-9999	-9999	-9999	-9999
3	17	17.48	1.12	4.25	-1.4	0.22	-9999	0	-9999	-9999	-9999	-9999
3	18	10.89	0.49	3	-2.15	0.13	-9999	0	-9999	-9999	-9999	-9999
3	19	12.65	3.08	5.7	0.95	0.23	-9999	0	-9999	-9999	-9999	-9999
3	20	16.53	4.46	6.9	1.05	0.25	-9999	0	-9999	-9999	-9999	-9999
3	21	10.59	-1.21	1.95	-3.25	0.17	-9999	0	-9999	-9999	-9999	-9999
3	22	19.44	-2.98	1.1	-7.65	0.33	-9999	0	-9999	-9999	-9999	-9999
3	23	19.55	2.76	7.55	-3.5	0.42	-9999	0	-9999	-9999	-9999	-9999
3	24	19.23	8.49	11.75	5.5	0.46	-9999	0	-9999	-9999	-9999	-9999
3	25	18.59	9.82	12.2	7.85	0.41	-9999	0	-9999	-9999	-9999	-9999
3	26	16.67	9.84	12.5	7.4	0.35	-9999	0	-9999	-9999	-9999	-9999
3	27	18.08	12	14.9	9.6	0.4	-9999	0	-9999	-9999	-9999	-9999
3	28	15.61	11.77	13.65	9.8	0.38	-9999	0	-9999	-9999	-9999	-9999
3	29	8.34	10.81	11.75	9.7	0.33	-9999	0	-9999	-9999	-9999	-9999
3	30	10.12	10.19	12.75	8.2	0.17	-9999	4.8	-9999	-9999	-9999	-9999
3	31	2.22	5.6	10	3.5	0.12	-9999	9.8	-9999	-9999	-9999	-9999
4	1	20.73	6.78	11.5	0.7	0.39	-9999	0	-9999	-9999	-9999	-9999
4	2	5.99	4.09	11.05	-0.15	0.16	-9999	7.1	-9999	-9999	-9999	-9999
4	3	5.37	-0.33	0.5	-1.1	0.01	-9999	8.1	-9999	-9999	-9999	-9999
4	4	7.91	-0.62	0.55	-1.55	0.06	-9999	2.4	-9999	-9999	-9999	-9999
4	5	1.59	0.79	2.6	-0.55	0.14	-9999	3.7	-9999	-9999	-9999	-9999
4	6	9.71	-5.14	-1.45	-6.55	0.15	-9999	4.7	-9999	-9999	-9999	-9999
4	7	6.02	-7.55	-6.45	-9.2	0.05	-9999	9	-9999	-9999	-9999	-9999
4	8	13.74	-4.86	-2	-6.7	0.18	-9999	0	-9999	-9999	-9999	-9999
4	9	10.43	-3.48	-1.3	-6	0.1	-9999	0.5	-9999	-9999	-9999	-9999
4	10	9.72	1.77	5.5	-1.95	0.19	-9999	1.5	-9999	-9999	-9999	-9999
4	11	16.69	0.89	3.35	-2.15	0.25	-9999	0	-9999	-9999	-9999	-9999
4	12	12.95	4.64	7.2	1.7	0.26	-9999	0	-9999	-9999	-9999	-9999
4	13	13.24	6.58	8.75	4.65	0.22	-9999	0	-9999	-9999	-9999	-9999
4	14	22.54	8.64	13.7	3.6	0.3	-9999	0	-9999	-9999	-9999	-9999
4	15	21.95	9.79	13.15	6.35	0.28	-9999	0	-9999	-9999	-9999	-9999
4	16	21.16	10.59	15.38	7.85	0.3	-9999	0	-9999	-9999	-9999	-9999
4	17	21.37	8.86	11.4	5.6	0.28	-9999	0	-9999	-9999	-9999	-9999
4	18	10.96	5.26	8.3	0.45	0.18	-9999	9.7	-9999	-9999	-9999	-9999
4	19	16.27	4.62	8.5	0.15	0.17	-9999	0	-9999	-9999	-9999	-9999
4	20	22.75	11.31	14.95	8.1	0.4	-9999	0	-9999	-9999	-9999	-9999
4	21	16.06	10.68	12.85	8.3	0.35	-9999	0	-9999	-9999	-9999	-9999
4	22	12.04	8.57	10.8	7.25	0.22	-9999	1.3	-9999	-9999	-9999	-9999
4	23	15.21	8.84	12.2	6.9	0.22	-9999	0.9	-9999	-9999	-9999	-9999
4	24	13.97	8.69	11.2	6.2	0.29	-9999	0.3	-9999	-9999	-9999	-9999
4	25	22.51	11.7	14.55	8.55	0.36	-9999	0	-9999	-9999	-9999	-9999
4	26	20.95	15.51	20.25	10.35	0.35	-9999	8.1	-9999	-9999	-9999	-9999
4	27	10.05	9.08	11.05	6.7	0.2	-9999	5	-9999	-9999	-9999	-9999
4	28	20.15	14.07	18.55	9.65	0.39	-9999	0	-9999	-9999	-9999	-9999
4	29	21.27	17.04	18.85	15	0.37	-9999	0	-9999	-9999	-9999	-9999
4	30	15.35	18.76	23.5	14.95	0.34	-9999	0	-9999	-9999	-9999	-9999
5	1	14.26	11.16	13.65	8.5	0.21	-9999	0.2	-9999	-9999	-9999	-9999
5	2	18.97	14.54	19.65	11.05	0.22	-9999	0.4	-9999	-9999	-9999	-9999
5	3	11.41	10.08	15.35	5.85	0.23	-9999	9.6	-9999	-9999	-9999	-9999
5	4	24.82	14.58	19.35	8.8	0.39	-9999	0	-9999	-9999	-9999	-9999
5	5	24.67	20.55	24.95	15	0.43	-9999	0	-9999	-9999	-9999	-9999
5	6	23.37	24.05	26.5	21.25	0.48	-9999	0	-9999	-9999	-9999	-9999
5	7	23.31	19.47	23.7	15.65	0.28	-9999	0	-9999	-9999	-9999	-9999
5	8	20.62	20.99	23.55	18.05	0.3	-9999	0.1	-9999	-9999	-9999	-9999
5	9	16.99	15.6	20.45	10.6	0.17	-9999	4.6	-9999	-9999	-9999	-9999
5	10	18.07	14.01	16.55	11	0.16	-9999	0.2	-9999	-9999	-9999	-9999
5	11	10.66	12.35	15.1	10.05	0.09	-9999	7.7	-9999	-9999	-9999	-9999
5	12	12.34	13.12	14.4	11.55	0.13	-9999	3.2	-9999	-9999	-9999	-9999
5	13	10.64	9.88	14.15	3.15	0.04	-9999	26.4	-9999	-9999	-9999	-9999
5	14	6.72	3.1	4.9	1.1	0.04	-9999	16.2	-9999	-9999	-9999	-9999
5	15	16.11	3.91	6.35	2.25	0.11	-9999	2.8	-9999	-9999	-9999	-9999
5	16	23.72	7.89	11.5	3.25	0.24	-9999	0	-9999	-9999	-9999	-9999
5	17	19.69	13.19	16.4	9.35	0.32	-9999	0	-9999	-9999	-9999	-9999
5	18	18.92	12.5	14.7	8.65	0.19	-9999	0.1	-9999	-9999	-9999	-9999
5	19	17.56	16.86	21.95	12.2	0.3	-9999	6.3	-9999	-9999	-9999	-9999
5	20	2.98	7.44	10.55	6	0.06	-9999	25.8	-9999	-9999	-9999	-9999
5	21	12.15	5.88	7.7	5	0.08	-9999	15.9	-9999	-9999	-9999	-9999
5	22	14.4	7.83	10.85	5.4	0.14	-9999	0.1	-9999	-9999	-9999	-9999
5	23	13.51	11.55	14.8	7.7	0.13	-9999	0.2	-9999	-9999	-9999	-9999
5	24	26.48	18.07	22.7	12.3	0.38	-9999	0	-9999	-9999	-9999	-9999
5	25	24.21	16.6	18.3	14.35	0.2	-9999	0	-9999	-9999	-9999	-9999
5	26	10.66	14.43	16	13	0.04	-9999	0	-9999	-9999	-9999	-9999
5	27	11.78	14.71	16.75	12.8	0.06	-9999	1.2	-9999	-9999	-9999	-9999
5	28	13.83	15.5	17.7	13.35	0.09	-9999	1	-9999	-9999	-9999	-9999
5	29	20.11	16.08	19.3	13.2	0.12	-9999	0.1	-9999	-9999	-9999	-9999
5	30	25.6	17.4	20.65	14.25	0.2	-9999	0	-9999	-9999	-9999	-9999
5	31	18.99	17.46	20.7	12.75	0.2	-9999	7.5	-9999	-9999	-9999	-9999
6	1	18.93	15.31	18.15	13.55	0.21	-9999	7.6	-9999	-9999	-9999	-9999
6	2	19.45	16.33	18.8	13.9	0.22	-9999	0	-9999	-9999	-9999	-9999
6	3	20.8	17.93	20.8	14.25	0.18	-9999	0	-9999	-9999	-9999	-9999
6	4	24.39	21.39	24.3	17.95	0.3	-9999	0	-9999	-9999	-9999	-9999
6	5	23.66	21.84	26	17.45	0.31	-9999	2.6	-9999	-9999	-9999	-9999
6	6	15.38	17.99	19.3	15.85	0.11	-9999	0.6	-9999	-9999	-9999	-9999
6	7	12.66	18.2	20.65	16.45	0.08	-9999	1.3	-9999	-9999	-9999	-9999
6	8	24.54	22	25.8	18.3	0.27	-9999	51.7	-9999	-9999	-9999	-9999
6	9	14.65	17.04	19.25	14.3	0.07	-9999	18.8	-9999	-9999	-9999	-9999
6	10	25.84	21.37	24.15	17.4	0.25	-9999	0	-9999	-9999	-9999	-9999
6	11	22.88	23.2	24.7	21.05	0.3	-9999	0	-9999	-9999	-9999	-9999
6	12	25.96	23.5	26.35	19.7	0.26	-9999	0	-9999	-9999	-9999	-9999
6	13	20.81	21.11	24.5	19.5	0.22	-9999	0.1	-9999	-9999	-9999	-9999
6	14	19.91	19.15	22.4	14.55	0.12	-9999	7.6	-9999	-9999	-9999	-9999
6	15	15.13	16.38	17.75	14.15	0.09	-9999	5.1	-9999	-9999	-9999	-9999
6	16	12.41	16.96	17.85	16.1	0.16	-9999	0.9	-9999	-9999	-9999	-9999
6	17	23.6	17.88	20.15	15	0.24	-9999	0	-9999	-9999	-9999	-9999
6	18	10.94	15.2	19.35	12.1	0.11	-9999	14.1	-9999	-9999	-9999	-9999
6	19	6.29	13.77	15.05	12.75	0.06	-9999	6	-9999	-9999	-9999	-9999
6	20	6.18	15.32	17.25	13.35	0.12	-9999	7.3	-9999	-9999	-9999	-9999
6	21	23.66	13.99	16.45	11.9	0.29	-9999	0	-9999	-9999	-9999	-9999
6	22	25.15	16.47	19.85	12.2	0.29	-9999	0	-9999	-9999	-9999	-9999
6	23	25.7	23.33	28.1	18.3	0.41	-9999	0	-9999	-9999	-9999	-9999
6	24	19.32	20.76	22.8	18.85	0.22	-9999	1.8	-9999	-9999	-9999	-9999
6	25	23.96	19.43	21.5	17.75	0.24	-9999	0	-9999	-9999	-9999	-9999
6	26	22.96	17.58	20.2	13.95	0.26	-9999	0	-9999	-9999	-9999	-9999
6	27	17.46	15.49	18.35	12.95	0.17	-9999	0.7	-9999	-9999	-9999	-9999
6	28	15.54	15.67	19	11.05	0.18	-9999	8.2	-9999	-9999	-9999	-9999
6	29	20.72	19.26	22.05	16.5	0.23	-9999	0.3	-9999	-9999	-9999	-9999
6	30	24.18	23.47	26.55	19.9	0.36	-9999	0	-9999	-9999	-9999	-9999
7	1	13.56	16.81	24.2	10.5	0.16	-9999	8.3	-9999	-9999	-9999	-9999
7	2	20.69	14.8	17.8	10.9	0.29	-9999	0	-9999	-9999	-9999	-9999
7	3	10.35	12.82	15.2	11.05	0.12	-9999	9.1	-9999	-9999	-9999	-9999
7	4	10.55	11.84	13.05	10.25	0.12	-9999	3.5	-9999	-9999	-9999	-9999
7	5	11.86	11.22	13.05	9.9	0.07	-9999	7.7	-9999	-9999	-9999	-9999
7	6	16.92	13.81	15.7	12	0.15	-9999	0	-9999	-9999	-9999	-9999
7	7	22.93	15.3	18.65	12.8	0.23	-9999	0	-9999	-9999	-9999	-9999
7	8	13.68	15.65	17.75	13.1	0.22	-9999	0	-9999	-9999	-9999	-9999
7	9	16.8	15.73	19	13.1	0.23	-9999	11.1	-9999	-9999	-9999	-9999
7	10	11.82	15.41	18.15	12.95	0.16	-9999	0.3	-9999	-9999	-9999	-9999
7	11	24.42	16.84	19.8	12.1	0.27	-9999	0	-9999	-9999	-9999	-9999
7	12	13.35	18.59	20.9	16.8	0.24	-9999	0.6	-9999	-9999	-9999	-9999
7	13	14.96	15.11	17.45	13.25	0.22	-9999	0	-9999	-9999	-9999	-9999
7	14	26.54	15.36	18.65	12.1	0.29	-9999	0	-9999	-9999	-9999	-9999
7	15	25.95	18.81	22.55	14.85	0.33	-9999	0	-9999	-9999	-9999	-9999
7	16	25.06	21.9	25.8	18.45	0.33	-9999	0	-9999	-9999	-9999	-9999
7	17	18.66	17.97	23.75	12.4	0.16	-9999	18.8	-9999	-9999	-9999	-9999
7	18	16.81	15.86	18.45	13.4	0.2	-9999	0	-9999	-9999	-9999	-9999
7	19	26.12	18.8	21.95	15.95	0.33	-9999	0	-9999	-9999	-9999	-9999
7	20	25.34	21.1	24.3	17.2	0.33	-9999	0	-9999	-9999	-9999	-9999
7	21	23.57	21.81	26.85	16.58	0.3	-9999	23.3	-9999	-9999	-9999	-9999
7	22	23.64	21.94	26.02	17.66	0.31	-9999	0.2	-9999	-9999	-9999	-9999
7	23	10.12	17.86	20.06	16.58	0.14	-9999	0.1	-9999	-9999	-9999	-9999
7	24	18.92	18.63	23.7	12.95	0.19	-9999	16.1	-9999	-9999	-9999	-9999
7	25	15.07	15.18	18.45	11.8	0.14	-9999	4.8	-9999	-9999	-9999	-9999
7	26	18.79	20.32	23.6	16.2	0.31	-9999	0	-9999	-9999	-9999	-9999
7	27	24.38	24.51	29.8	18.05	0.37	-9999	0	-9999	-9999	-9999	-9999
7	28	10.71	16.5	17.75	14	0.13	-9999	17.8	-9999	-9999	-9999	-9999
7	29	9.45	13.15	15.1	10.2	0.16	-9999	3.2	-9999	-9999	-9999	-9999
7	30	15.33	16.04	18.05	13.7	0.27	-9999	0	-9999	-9999	-9999	-9999
7	31	3.38	13.92	16.65	11.95	0.13	-9999	46.5	-9999	-9999	-9999	-9999
8	1	12.65	15.6	19.1	13.4	0.05	-9999	30.9	-9999	-9999	-9999	-9999
8	2	23.02	20.4	23	17.65	0.21	-9999	0	-9999	-9999	-9999	-9999
8	3	23.8	22.84	25.3	19.55	0.29	-9999	0	-9999	-9999	-9999	-9999
8	4	22.51	24.64	26.55	22.1	0.34	-9999	0	-9999	-9999	-9999	-9999
8	5	21.32	24.41	25.9	22.4	0.3	-9999	0	-9999	-9999	-9999	-9999
8	6	17.49	22.11	23.7	19.75	0.22	-9999	0	-9999	-9999	-9999	-9999
8	7	23.65	20.93	23.05	18.25	0.26	-9999	0	-9999	-9999	-9999	-9999
8	8	22.51	23.53	25.8	21	0.4	-9999	0	-9999	-9999	-9999	-9999
8	9	18.89	22.46	24.6	19.7	0.37	-9999	0	-9999	-9999	-9999	-9999
8	10	21.34	24.07	26.3	21.85	0.38	-9999	0	-9999	-9999	-9999	-9999
8	11	22.28	21.4	23.75	17.8	0.3	-9999	0	-9999	-9999	-9999	-9999
8	12	22.9	23.31	25.8	19.85	0.38	-9999	0	-9999	-9999	-9999	-9999
8	13	22.07	26.85	29.65	24.5	0.42	-9999	0.2	-9999	-9999	-9999	-9999
8	14	11.66	22.51	26.7	17.85	0.32	-9999	5.7	-9999	-9999	-9999	-9999
8	15	11.55	17.75	20.4	14.55	0.2	-9999	8.4	-9999	-9999	-9999	-9999
8	16	17.85	18.72	21.05	16	0.16	-9999	0	-9999	-9999	-9999	-9999
8	17	18.52	21.29	24	18.45	0.23	-9999	0	-9999	-9999	-9999	-9999
8	18	18.57	20.59	24.8	15.5	0.26	-9999	8.8	-9999	-9999	-9999	-9999
8	19	15.74	17.78	19.4	15.95	0.21	-9999	0.4	-9999	-9999	-9999	-9999
8	20	17.97	19.77	22.45	16.85	0.27	-9999	0	-9999	-9999	-9999	-9999
8	21	19.33	19.93	21.9	17.15	0.22	-9999	0	-9999	-9999	-9999	-9999
8	22	14.49	20.49	22.3	18.7	0.22	-9999	0	-9999	-9999	-9999	-9999
8	23	21.81	21.15	23.65	19.1	0.32	-9999	0	-9999	-9999	-9999	-9999
8	24	21.94	19.62	22.25	17.2	0.3	-9999	0	-9999	-9999	-9999	-9999
8	25	18.34	15.86	18.6	12.05	0.21	-9999	0	-9999	-9999	-9999	-9999
8	26	22.38	18.39	21.3	14.85	0.35	-9999	0	-9999	-9999	-9999	-9999
8	27	19.13	19.74	21.95	17.25	0.36	-9999	0.6	-9999	-9999	-9999	-9999
8	28	20.06	19.66	22.8	16.05	0.28	-9999	0	-9999	-9999	-9999	-9999
8	29	11.29	18.95	26.25	12.2	0.21	-9999	6.1	-9999	-9999	-9999	-9999
8	30	10.97	14.6	17.45	12.05	0.19	-9999	2	-9999	-9999	-9999	-9999
8	31	3.44	9.25	12.35	7.65	0.06	-9999	3	-9999	-9999	-9999	-9999
9	1	9.98	9.71	11.3	8	0.17	-9999	1.6	-9999	-9999	-9999	-9999
9	2	10.26	7.38	8.75	6	0.09	-9999	7.3	-9999	-9999	-9999	-9999
9	3	16.72	8.22	10.6	5.95	0.22	-9999	2.6	-9999	-9999	-9999	-9999
9	4	20.9	11.97	14.9	9.15	0.38	-9999	0	-9999	-9999	-9999	-9999
9	5	21.22	13.03	16.65	9.3	0.26	-9999	0	-9999	-9999	-9999	-9999
9	6	16.05	14.21	16.1	11.75	0.17	-9999	0	-9999	-9999	-9999	-9999
9	7	11.96	15.64	17.8	13.9	0.21	-9999	0	-9999	-9999	-9999	-9999
9	8	10.21	14.41	15.5	12.3	0.16	-9999	1.6	-9999	-9999	-9999	-9999
9	9	12.01	14.2	16.5	12	0.16	-9999	0.1	-9999	-9999	-9999	-9999
9	10	6.37	11.65	13.45	9.8	0.13	-9999	14.6	-9999	-9999	-9999	-9999
9	11	3.25	9.21	12.15	7	0.15	-9999	4.6	-9999	-9999	-9999	-9999
9	12	3.14	8.57	9.8	7.35	0.03	-9999	14.4	-9999	-9999	-9999	-9999
9	13	3.2	8.79	9.65	8	0.01	-9999	10.3	-9999	-9999	-9999	-9999
9	14	9.31	9.56	11.5	7.7	0.14	-9999	1.4	-9999	-9999	-9999	-9999
9	15	19.36	11.23	13.75	8.7	0.22	-9999	0	-9999	-9999	-9999	-9999
9	16	18.37	12.79	15.65	10.05	0.19	-9999	0	-9999	-9999	-9999	-9999
9	17	17.67	14.86	17.2	12.25	0.25	-9999	0	-9999	-9999	-9999	-9999
9	18	18.33	18.14	20.65	15.35	0.34	-9999	0	-9999	-9999	-9999	-9999
9	19	18.11	19.58	21.55	17	0.31	-9999	0	-9999	-9999	-9999	-9999
9	20	18.19	20.39	23.1	18.55	0.32	-9999	0	-9999	-9999	-9999	-9999
9	21	17.35	19.86	21.4	17.95	0.3	-9999	0	-9999	-9999	-9999	-9999
9	22	18.25	20.16	23.2	17.9	0.39	-9999	0	-9999	-9999	-9999	-9999
9	23	10.05	14.81	18.75	8.5	0.23	-9999	17.4	-9999	-9999	-9999	-9999
9	24	5.23	7.36	8.35	5.95	0.07	-9999	2.6	-9999	-9999	-9999	-9999
9	25	18.12	7.78	10.75	4.75	0.2	-9999	0	-9999	-9999	-9999	-9999
9	26	17.51	12.35	16.2	7.55	0.34	-9999	0	-9999	-9999	-9999	-9999
9	27	12.62	14.62	15.6	13.9	0.27	-9999	0	-9999	-9999	-9999	-9999
9	28	14.22	14.27	16.55	11.35	0.27	-9999	0	-9999	-9999	-9999	-9999
9	29	2.51	9.25	13.7	7.25	0.08	-9999	6.6	-9999	-9999	-9999	-9999
9	30	16.8	8.88	11.7	6.6	0.16	-9999	0	-9999	-9999	-9999	-9999
10	1	13.24	12.59	16.4	8.45	0.22	-9999	0	-9999	-9999	-9999	-9999
10	2	12.28	16.81	18.35	15.05	0.26	-9999	0.3	-9999	-9999	-9999	-9999
10	3	13.26	15.13	17.65	12.8	0.18	-9999	0.3	-9999	-9999	-9999	-9999
10	4	4.24	11.69	14.3	9.7	0.12	-9999	6.5	-9999	-9999	-9999	-9999
10	5	1.62	5.3	9.5	1.5	0.01	-9999	0	-9999	-9999	-9999	-9999
10	6	7.74	3.94	7.7	0.75	0.18	-9999	0	-9999	-9999	-9999	-9999
10	7	3.5	5.26	7.4	0.75	0.18	-9999	1.6	-9999	-9999	-9999	-9999
10	8	1.06	2.2	4.6	0.75	0.08	-9999	0	-9999	-9999	-9999	-9999
10	9	1.74	5.03	6.35	1.55	0.09	-9999	0.6	-9999	-9999	-9999	-9999
10	10	3.09	8.87	10.4	5.95	0.06	-9999	0	-9999	-9999	-9999	-9999
10	11	7.69	10.07	11.45	8.15	0.16	-9999	0	-9999	-9999	-9999	-9999
10	12	1.57	7.1	10.05	4.65	0.02	-9999	0.9	-9999	-9999	-9999	-9999
10	13	8.39	4.53	6.15	2.8	0.06	-9999	0	-9999	-9999	-9999	-9999
10	14	7.5	2.67	4	1.45	0.16	-9999	0	-9999	-9999	-9999	-9999
10	15	14.22	2.68	5.4	0.45	0.21	-9999	0	-9999	-9999	-9999	-9999
10	16	9.5	1.5	3	0.25	0.18	-9999	0	-9999	-9999	-9999	-9999
10	17	14.2	1.15	4.3	-2.05	0.17	-9999	0	-9999	-9999	-9999	-9999
10	18	14.16	5.34	10.15	1.65	0.42	-9999	0	-9999	-9999	-9999	-9999
10	19	13.32	4.79	12.7	2.7	0.19	-9999	0	-9999	-9999	-9999	-9999
10	20	6.99	5.51	10.59	2.93	0.19	-9999	1.11	-9999	-9999	-9999	-9999
10	21	3.72	4.58	8.05	1.8	0.07	-9999	0	-9999	-9999	-9999	-9999
10	22	3.08	1.34	2.9	-0.4	0.05	-9999	1.3	-9999	-9999	-9999	-9999
10	23	0.8	-1.92	-0.3	-4.15	0	-9999	0	-9999	-9999	-9999	-9999
10	24	4.35	-4.98	-4.35	-5.5	0.02	-9999	0	-9999	-9999	-9999	-9999
10	25	12.37	-2.72	-0.6	-4.95	0.22	-9999	0	-9999	-9999	-9999	-9999
10	26	10.43	-0.08	1.7	-1.8	0.27	-9999	0	-9999	-9999	-9999	-9999
10	27	7.52	0.76	1.9	-0.75	0.25	-9999	0	-9999	-9999	-9999	-9999
10	28	12.21	1.98	5.25	-1.15	0.3	-9999	0	-9999	-9999	-9999	-9999
10	29	10.84	6.18	9.3	2.35	0.37	-9999	0	-9999	-9999	-9999	-9999
10	30	3.9	3.24	4.6	2.45	0.12	-9999	0.4	-9999	-9999	-9999	-9999
10	31	9.13	8.43	13.1	1.65	0.33	-9999	0	-9999	-9999	-9999	-9999
11	1	2.72	8.86	14	4.7	0.17	-9999	0	-9999	-9999	-9999	-9999
11	2	5.45	5	6.8	3.1	0.07	-9999	0	-9999	-9999	-9999	-9999
11	3	9.91	9.19	11.9	5.45	0.34	-9999	0	-9999	-9999	-9999	-9999
11	4	8.13	8.17	9.5	7.15	0.26	-9999	0	-9999	-9999	-9999	-9999
11	5	10.01	5.38	7.35	3.15	0.1	-9999	0	-9999	-9999	-9999	-9999
11	6	6.64	1.53	3.85	-0.35	0.09	-9999	0	-9999	-9999	-9999	-9999
11	7	3.19	0.66	1.65	-0.4	0.02	-9999	0	-9999	-9999	-9999	-9999
11	8	6.57	6.14	10.1	1.5	0.26	-9999	0	-9999	-9999	-9999	-9999
11	9	9.65	9.46	12.2	5.3	0.26	-9999	0	-9999	-9999	-9999	-9999
11	10	3.29	0.45	6.65	-0.55	0.02	-9999	0	-9999	-9999	-9999	-9999
11	11	9.37	-0.8	1.1	-2.35	0.06	-9999	0	-9999	-9999	-9999	-9999
11	12	9.36	2.38	6.1	-0.65	0.28	-9999	0	-9999	-9999	-9999	-9999
11	13	1.55	1.18	3.85	-0.8	0.08	-9999	0.7	-9999	-9999	-9999	-9999
11	14	2.95	1.29	2.15	-0.75	0.01	-9999	1.11	-9999	-9999	-9999	-9999
11	15	6.05	4.41	5.9	2.1	0.12	-9999	0.7	-9999	-9999	-9999	-9999
11	16	7.75	6.05	10.65	1.85	0.27	-9999	0	-9999	-9999	-9999	-9999
11	17	1.54	3.67	11.1	1.4	0.15	-9999	5.69	-9999	-9999	-9999	-9999
11	18	2.83	4.23	6.75	1.1	0.16	-9999	0	-9999	-9999	-9999	-9999
11	19	5.88	8.51	10.8	6.9	0.1	-9999	0	-9999	-9999	-9999	-9999
11	20	8.11	10.5	13.45	6.75	0.25	-9999	0	-9999	-9999	-9999	-9999
11	21	5.27	13.78	15.65	11.65	0.43	-9999	0	-9999	-9999	-9999	-9999
11	22	6.87	12.85	15.2	11.6	0.4	-9999	0	-9999	-9999	-9999	-9999
11	23	6.26	11.34	13	9.55	0.37	-9999	0	-9999	-9999	-9999	-9999
11	24	5	11.88	13.05	10.75	0.36	-9999	0	-9999	-9999	-9999	-9999
11	25	6.17	9.15	11.15	7.5	0.26	-9999	0	-9999	-9999	-9999	-9999
11	26	4.58	9.16	11.4	6	0.18	-9999	0	-9999	-9999	-9999	-9999
11	27	4.05	10.94	12.3	9.8	0.31	-9999	0	-9999	-9999	-9999	-9999
11	28	0.6	3.56	10.9	0	0.07	-9999	5.4	-9999	-9999	-9999	-9999
11	29	2.98	0.93	2.1	0.1	0.01	-9999	0	-9999	-9999	-9999	-9999
11	30	6.95	4.44	7.05	1.85	0.22	-9999	0	-9999	-9999	-9999	-9999
12	1	6.84	7.53	10.6	3.65	0.33	-9999	0	-9999	-9999	-9999	-9999
12	2	6.2	12.41	14.3	10.6	0.4	-9999	0	-9999	-9999	-9999	-9999
12	3	5.23	9.59	13.4	6.35	0.38	-9999	0	-9999	-9999	-9999	-9999
12	4	5.29	4.71	13.35	-2.5	0.26	-9999	0	-9999	-9999	-9999	-9999
12	5	5.2	0.69	5.05	-2.85	0.06	-9999	0	-9999	-9999	-9999	-9999
12	6	2.29	-0.98	3.65	-3.95	0.06	-9999	12.85	-9999	-9999	-9999	-9999
12	7	6.49	-5.15	-4.2	-6.4	0.07	-9999	1.98	-9999	-9999	-9999	-9999
12	8	7.16	-2.47	-0.15	-6.8	0.32	-9999	0	-9999	-9999	-9999	-9999
12	9	6.89	3.41	6.45	-1.4	0.34	-9999	0	-9999	-9999	-9999	-9999
12	10	5.29	3.76	6.95	0.2	0.37	-9999	0	-9999	-9999	-9999	-9999
12	11	4.09	4.53	7.05	2.7	0.29	-9999	0	-9999	-9999	-9999	-9999
12	12	0.46	2.8	6.7	1.25	0.13	-9999	5.35	-9999	-9999	-9999	-9999
12	13	2.65	6.87	10.85	1.6	0.3	-9999	0.56	-9999	-9999	-9999	-9999
12	14	0.8	4.15	8.7	0.65	0.13	-9999	12.38	-9999	-9999	-9999	-9999
12	15	0.96	0.85	1.35	-4.05	0.19	-9999	4.11	-9999	-9999	-9999	-9999
12	16	0.7	-4.1	-3.45	-5.45	0.08	-9999	3.54	-9999	-9999	-9999	-9999
12	17	0.66	-1.5	0.55	-3.3	0.04	-9999	3.71	-9999	-9999	-9999	-9999
12	18	6.68	1.88	5.4	0	0.2	-9999	0	-9999	-9999	-9999	-9999
12	19	6.63	3.42	5.7	0.45	0.27	-9999	0	-9999	-9999	-9999	-9999
12	20	5.23	5.71	7.85	4.55	0.26	-9999	0	-9999	-9999	-9999	-9999
12	21	2.7	4.53	8.35	-0.25	0.32	-9999	2.4	-9999	-9999	-9999	-9999
12	22	2.12	-2.03	1.7	-5.25	0.11	-9999	3	-9999	-9999	-9999	-9999
12	23	1.87	-8.27	-5.7	-9.3	0.05	-9999	4	-9999	-9999	-9999	-9999
12	24	7.27	-8.62	-6.9	-9.75	0.27	-9999	0	-9999	-9999	-9999	-9999
12	25	6.75	-1.72	2	-8.95	0.51	-9999	0	-9999	-9999	-9999	-9999
12	26	4.44	2.48	7.55	-2.5	0.45	-9999	0	-9999	-9999	-9999	-9999
12	27	1.86	8.02	11	5.15	0.48	-9999	0	-9999	-9999	-9999	-9999
12	28	1.62	6.47	8.25	3.4	0.36	-9999	0	-9999	-9999	-9999	-9999
12	29	0.98	-0.32	4	-1.85	0.03	-9999	0.8	-9999	-9999	-9999	-9999
12	30	1.98	0.65	4.6	-1.7	0.07	-9999	0.6	-9999	-9999	-9999	-9999
12	31	1.49	-2.12	-1.5	-2.65	0	-9999	9.41	-9999	-9999	-9999	-9999

