Month	n_days	Rg_f	Ta_f	Tmax	Tmin	VPD_f	Ts_f	Precip	SWC	LAI	ET	Litterfall
1	1	0.307042	-1.18877	1.69783	-4.17333	0.226092	1.34793	-9999	25.3374	-9999	-9999	-9999
1	2	0.532231	1.48012	2.86483	0.00216667	0.471341	1.39314	-9999	26.5349	-9999	-9999	-9999
1	3	0.873521	0.267	2.49267	-1.5275	2.34957	1.43521	-9999	27.3332	-9999	-9999	-9999
1	4	1.0271	-1.49159	3.21883	-2.87517	1.62904	1.48725	-9999	26.6245	-9999	-9999	-9999
1	5	1.13872	0.537986	3.14167	-0.953667	0.937134	1.49374	-9999	27.3651	-9999	-9999	-9999
1	6	0.865374	1.95913	4.19633	-0.911	0.975752	1.47648	-9999	26.8412	-9999	-9999	-9999
1	7	0.29031	6.50421	9.04	2.33753	1.80437	1.4977	-9999	27.4705	-9999	-9999	-9999
1	8	0.169496	5.0231	6.67083	1.85217	0.686597	1.54181	-9999	29.3506	-9999	-9999	-9999
1	9	1.15036	1.97252	3.77967	-0.775833	1.69023	1.66864	-9999	28.9815	-9999	-9999	-9999
1	10	0.205519	4.64935	9.05167	-0.509333	0.824062	1.86497	-9999	28.6533	-9999	-9999	-9999
1	11	1.5188	5.17542	8.00667	3.11783	2.20017	1.91357	-9999	28.2026	-9999	-9999	-9999
1	12	0.933288	4.708	6.15167	2.59133	1.79932	2.36044	-9999	27.524	-9999	-9999	-9999
1	13	0.967827	4.36409	6.14	1.2915	2.69074	2.57176	-9999	27.0612	-9999	-9999	-9999
1	14	1.48825	0.749115	2.36817	-2.198	2.52371	2.81049	-9999	26.593	-9999	-9999	-9999
1	15	1.46031	-3.34773	-1.0955	-5.4465	1.33331	2.61694	-9999	26.1075	-9999	-9999	-9999
1	16	0.975654	0.224853	3.6455	-3.23137	1.3911	2.26536	-9999	26.0714	-9999	-9999	-9999
1	17	0.496004	2.96056	3.6865	2.11583	1.30902	2.08682	-9999	26.5776	-9999	-9999	-9999
1	18	0.404345	2.5377	3.40467	1.27667	0.296232	2.22316	-9999	27.0057	-9999	-9999	-9999
1	19	0.758031	0.152118	2.66667	-0.966333	0.00973317	2.58858	-9999	28.2262	-9999	-9999	-9999
1	20	0.714413	-0.327861	0.488	-1.76633	0.106184	2.63854	-9999	27.4269	-9999	-9999	-9999
1	21	0.765073	-0.890427	-0.0391667	-2.05983	0.5037	2.45957	-9999	27.0627	-9999	-9999	-9999
1	22	2.31986	-3.57987	-2.1645	-4.82783	1.05024	2.37608	-9999	26.6005	-9999	-9999	-9999
1	23	1.7155	-2.96346	-2.18183	-4.4555	0.812257	2.22584	-9999	26.0938	-9999	-9999	-9999
1	24	0.778662	-3.96991	-2.34067	-5.79583	0.835883	1.97265	-9999	25.6958	-9999	-9999	-9999
1	25	1.09598	-4.26201	-2.99017	-5.35183	0.382095	1.82054	-9999	25.3975	-9999	-9999	-9999
1	26	1.07808	-5.63877	-4.16567	-8.08167	0.485742	1.72036	-9999	25.1453	-9999	-9999	-9999
1	27	1.57208	-4.80787	-3.63083	-7.255	0.331236	1.64458	-9999	24.845	-9999	-9999	-9999
1	28	1.62815	-6.22615	-5.37667	-8.215	0.517572	1.54834	-9999	24.5025	-9999	-9999	-9999
1	29	1.9768	-5.96314	-4.71567	-6.92983	0.686513	1.43264	-9999	24.1588	-9999	-9999	-9999
1	30	0.698468	-1.07781	1.316	-4.56817	0.307974	1.31224	-9999	23.8969	-9999	-9999	-9999
1	31	3.23904	0.524514	3.22467	-1.94717	1.85579	1.24471	-9999	23.7966	-9999	-9999	-9999
2	1	3.70563	1.18727	4.1355	-1.143	2.97991	1.27244	-9999	23.7415	-9999	-9999	-9999
2	2	2.93401	-0.821489	1.54483	-3.06817	1.12392	1.2955	-9999	23.6759	-9999	-9999	-9999
2	3	1.39496	-1.50077	-0.696833	-2.8785	0.306977	1.32905	-9999	23.5958	-9999	-9999	-9999
2	4	0.977497	-0.754247	0.446	-2.21733	0.563642	1.34557	-9999	23.5644	-9999	-9999	-9999
2	5	1.62062	-0.360501	1.30568	-3.54411	0.692213	1.36321	-9999	24.148	-9999	-9999	-9999
2	6	2.2585	0.0529665	2.56033	-4.15846	0.788605	1.40429	-9999	27.2027	-9999	-9999	-9999
2	7	1.05378	-4.54131	-3.505	-6.13983	0.264069	1.46444	-9999	27.0203	-9999	-9999	-9999
2	8	2.00553	-4.49393	-1.99833	-6.46267	0.488575	1.47352	-9999	26.2069	-9999	-9999	-9999
2	9	2.44642	-3.4623	-1.542	-5.94717	0.667973	1.30367	-9999	25.4009	-9999	-9999	-9999
2	10	0.51224	0.177395	2.44083	-2.138	0.444175	1.1116	-9999	25.5358	-9999	-9999	-9999
2	11	5.25954	-0.159233	2.83917	-2.46017	2.06178	1.02367	-9999	26.6475	-9999	-9999	-9999
2	12	2.76701	-1.08193	1.48383	-3.628	1.10328	1.03101	-9999	26.1309	-9999	-9999	-9999
2	13	1.07319	-1.45525	-0.0705	-2.37433	0.712059	1.05617	-9999	25.7566	-9999	-9999	-9999
2	14	1.46011	-3.29698	-2.41933	-4.52517	0.58775	1.08568	-9999	25.5667	-9999	-9999	-9999
2	15	2.21357	-3.95996	-2.77517	-4.647	0.959812	1.10184	-9999	25.3264	-9999	-9999	-9999
2	16	1.68294	-4.51669	-3.63833	-6.21633	0.906405	1.10864	-9999	25.0162	-9999	-9999	-9999
2	17	3.21984	-5.49183	-3.97033	-6.87333	0.815676	1.08186	-9999	24.6584	-9999	-9999	-9999
2	18	0.879369	-1.95085	0.324	-4.36033	0.215519	1.03504	-9999	24.2662	-9999	-9999	-9999
2	19	0.913036	0.288622	0.8835	-0.0851667	0	0.979346	-9999	24.5381	-9999	-9999	-9999
2	20	1.83791	-0.112826	0.357167	-0.97	0	0.987382	-9999	26.1578	-9999	-9999	-9999
2	21	1.25179	-2.09759	-0.439667	-3.9255	0.242652	1.02178	-9999	26.9236	-9999	-9999	-9999
2	22	4.38565	-7.10243	-4.12667	-10.0183	0.563944	1.0635	-9999	26.513	-9999	-9999	-9999
2	23	5.4297	-7.57275	-5.639	-10.4283	0.617233	1.09565	-9999	25.876	-9999	-9999	-9999
2	24	5.2512	-6.07055	-4.12633	-8.48833	0.792319	1.01707	-9999	25.222	-9999	-9999	-9999
2	25	3.08203	-6.82954	-1.966	-12.895	0.456806	0.909627	-9999	24.5402	-9999	-9999	-9999
2	26	4.44122	-5.66976	-4.03817	-7.01083	0.656543	0.794605	-9999	23.8143	-9999	-9999	-9999
2	27	3.9059	-8.37484	-6.133	-11.8117	0.521478	0.725039	-9999	23.1608	-9999	-9999	-9999
2	28	6.74639	-10.1391	-5.36033	-13.4467	0.573639	0.675598	-9999	22.727	-9999	-9999	-9999
3	1	8.01182	-12.1088	-8.20333	-17.43	0.587772	0.621611	-9999	22.3447	-9999	-9999	-9999
3	2	8.71449	-11.1801	-6.54733	-16.2617	0.967197	0.550477	-9999	21.7791	-9999	-9999	-9999
3	3	9.72559	-10.2064	-4.66083	-16.6667	1.21785	0.44706	-9999	20.778	-9999	-9999	-9999
3	4	5.69601	-7.44352	-2.57933	-12.9	0.806787	0.361866	-9999	19.6282	-9999	-9999	-9999
3	5	9.40964	-5.22231	-1.2355	-8.88167	1.09044	0.295888	-9999	18.7387	-9999	-9999	-9999
3	6	9.94414	-5.09934	0.615333	-11.195	1.35116	0.262019	-9999	17.9362	-9999	-9999	-9999
3	7	7.32061	1.35044	4.57583	-3.3345	1.81733	0.222194	-9999	17.3927	-9999	-9999	-9999
3	8	6.10359	-2.03339	1.76417	-5.29683	2.32688	0.21434	-9999	17.4256	-9999	-9999	-9999
3	9	7.884	-5.37264	-3.63617	-7.53667	1.14683	0.24918	-9999	17.5011	-9999	-9999	-9999
3	10	8.11624	-1.25474	3.608	-6.25017	2.17073	0.278528	-9999	17.4837	-9999	-9999	-9999
3	11	2.32624	-1.63831	0.180333	-6.27433	0.739956	0.266175	-9999	17.6717	-9999	-9999	-9999
3	12	5.79806	-7.1568	-5.54	-9.04	0.717543	0.269325	-9999	18.0168	-9999	-9999	-9999
3	13	6.69404	-7.6924	-5.031	-9.7	0.502729	0.304539	-9999	17.8625	-9999	-9999	-9999
3	14	7.80317	-8.68561	-5.7635	-11.2783	0.671973	0.280045	-9999	17.5535	-9999	-9999	-9999
3	15	12.0028	-8.13369	-2.75133	-15.8867	1.46351	0.250635	-9999	16.8937	-9999	-9999	-9999
3	16	3.61769	-2.81473	-0.401833	-6.64933	0.688039	0.200413	-9999	16.0569	-9999	-9999	-9999
3	17	3.41037	-1.51119	-0.0475	-3.38417	0.308267	0.174928	-9999	15.823	-9999	-9999	-9999
3	18	11.3027	-6.08482	-3.44417	-8.11667	0.859342	0.205041	-9999	16.0715	-9999	-9999	-9999
3	19	13.8056	-6.60029	-1.9705	-11.5267	1.47221	0.239687	-9999	16.2034	-9999	-9999	-9999
3	20	14.0659	-5.58514	-0.607833	-11.6283	2.26595	0.237907	-9999	15.9599	-9999	-9999	-9999
3	21	13.7016	-1.27814	4.9225	-8.79667	3.17786	0.202577	-9999	15.4725	-9999	-9999	-9999
3	22	7.46124	3.31531	7.41833	0.7325	2.78641	0.171965	-9999	15.2405	-9999	-9999	-9999
3	23	11.9389	4.22794	10.005	-0.9945	5.28467	0.19215	-9999	16.0136	-9999	-9999	-9999
3	24	14.028	7.96783	14.08	1.112	5.77641	0.221802	-9999	21.8952	-9999	-9999	-9999
3	25	14.5114	9.08597	13.7383	4.15317	6.34772	0.238714	-9999	25.3367	-9999	-9999	-9999
3	26	8.66817	3.26594	7.24833	-1.37	2.68975	0.252367	-9999	26.1084	-9999	-9999	-9999
3	27	9.71203	1.30497	6.1615	-1.89117	2.47289	0.26094	-9999	26.376	-9999	-9999	-9999
3	28	9.76428	3.01686	6.9585	-1.008	3.05507	0.271882	-9999	26.6484	-9999	-9999	-9999
3	29	6.88784	0.561674	4.1195	-2.70683	1.43243	0.295355	-9999	27.0286	-9999	-9999	-9999
3	30	16.2212	3.01896	9.50667	-3.57067	3.35693	0.324159	-9999	26.8402	-9999	-9999	-9999
3	31	16.6715	4.20501	10.7517	-2.72967	4.31549	0.346369	-9999	26.8217	-9999	-9999	-9999
4	1	16.6514	7.07079	14.64	0.0185	6.50026	0.383111	-9999	27.1142	-9999	-9999	-9999
4	2	16.0121	8.24404	14.0117	2.01467	7.85096	0.415978	-9999	27.4316	-9999	-9999	-9999
4	3	15.9551	8.56718	14.6567	2.57633	6.47514	0.483884	-9999	27.4257	-9999	-9999	-9999
4	4	16.0134	9.56584	16.595	1.24667	8.20334	0.635627	-9999	27.2141	-9999	-9999	-9999
4	5	11.6778	7.2815	10.0233	4.42983	5.16447	0.877266	-9999	27.0606	-9999	-9999	-9999
4	6	17.747	6.17509	10.5567	2.06967	5.18096	1.27008	-9999	26.6684	-9999	-9999	-9999
4	7	5.2688	4.81107	7.00433	3.21567	0.875867	1.58136	-9999	26.4802	-9999	-9999	-9999
4	8	7.75423	3.98391	7.69833	1.83333	1.08008	1.95513	-9999	26.7168	-9999	-9999	-9999
4	9	8.14324	1.80675	4.79	-0.863333	0.24164	2.2872	-9999	26.8347	-9999	-9999	-9999
4	10	14.661	3.07427	6.76783	-1.71583	1.97442	2.31295	-9999	26.4406	-9999	-9999	-9999
4	11	16.7821	9.68401	14.75	3.93883	6.8284	2.27185	-9999	26.0358	-9999	-9999	-9999
4	12	8.3052	8.13248	12.0267	4.972	3.09888	2.7155	-9999	25.5669	-9999	-9999	-9999
4	13	17.2337	6.62852	11.1767	2.31933	4.28079	3.20133	-9999	25.0638	-9999	-9999	-9999
4	14	12.5801	5.31439	9.8	0.0295	2.42348	3.43899	-9999	24.5748	-9999	-9999	-9999
4	15	13.0353	6.8092	11.1883	2.2235	1.85506	3.39134	-9999	24.2668	-9999	-9999	-9999
4	16	17.3155	4.66782	10	-0.826667	2.25406	3.72963	-9999	23.8888	-9999	-9999	-9999
4	17	21.0447	4.82348	9.87833	-0.0373333	4.23661	3.78627	-9999	23.4021	-9999	-9999	-9999
4	18	18.4233	2.43089	6.37217	-2.076	2.81805	3.75125	-9999	22.9251	-9999	-9999	-9999
4	19	20.2487	-0.0349585	3.23383	-3.93483	2.65175	3.59758	-9999	22.5707	-9999	-9999	-9999
4	20	19.2236	-0.136654	3.67583	-4.8925	3.2932	3.15961	-9999	22.3562	-9999	-9999	-9999
4	21	11.0715	2.02774	6.432	-2.19167	2.92686	2.68206	-9999	22.2166	-9999	-9999	-9999
4	22	18.1912	2.33995	7.002	-2.32183	3.76519	2.56742	-9999	21.9857	-9999	-9999	-9999
4	23	21.3858	4.14677	9.66	-1.27217	4.85828	2.70716	-9999	21.6763	-9999	-9999	-9999
4	24	22.1041	4.99714	10.905	-2.41733	5.01977	2.7183	-9999	21.3093	-9999	-9999	-9999
4	25	22.4834	5.76555	10.815	1.06217	5.30751	2.85283	-9999	20.7823	-9999	-9999	-9999
4	26	22.9737	6.15191	12.4317	-1.263	5.96826	3.1753	-9999	20.1618	-9999	-9999	-9999
4	27	22.8445	7.12629	12.2567	0.0546667	6.75707	3.24093	-9999	19.521	-9999	-9999	-9999
4	28	19.183	8.97986	13.93	3.344	7.93663	3.45012	-9999	18.8811	-9999	-9999	-9999
4	29	18.7823	9.26427	14.735	2.67617	8.01812	3.68583	-9999	18.2787	-9999	-9999	-9999
4	30	5.66776	6.25295	9.91833	2.71717	3.03197	3.97714	-9999	17.8258	-9999	-9999	-9999
5	1	6.87456	7.08641	11.135	2.87647	4.07501	4.14211	-9999	-9999	-9999	-9999	-9999
5	2	4.34435	6.91043	9.58	4.5091	2.04241	4.29967	-9999	17.2256	-9999	-9999	-9999
5	3	3.98747	6.86788	7.78167	6.10617	0.0052869	4.5512	-9999	23.7139	-9999	-9999	-9999
5	4	6.86476	7.84075	11.34	4.53517	0.307572	4.71467	-9999	24.9212	-9999	-9999	-9999
5	5	24.7362	7.88971	13.2117	1.165	5.24771	4.95436	-9999	24.8226	-9999	-9999	-9999
5	6	15.561	9.25665	12.93	5.76733	3.79494	5.15209	-9999	24.2056	-9999	-9999	-9999
5	7	11.1145	6.51897	9.87667	3.598	1.4068	5.42722	-9999	24.0869	-9999	-9999	-9999
5	8	14.8518	6.90928	10.675	2.6115	2.70307	5.5048	-9999	24.4467	-9999	-9999	-9999
5	9	17.5224	4.45303	8.25833	1.92133	1.19559	5.22968	-9999	24.092	-9999	-9999	-9999
5	10	22.9082	6.21392	11.1217	-1.57933	4.17627	5.23384	-9999	23.6153	-9999	-9999	-9999
5	11	19.8746	10.096	13.9717	6.27433	7.16826	5.21438	-9999	22.9317	-9999	-9999	-9999
5	12	16.3396	11.1401	14.7333	4.75817	7.77461	5.53266	-9999	22.1828	-9999	-9999	-9999
5	13	26.8538	9.11987	12.465	5.895	7.24075	5.77743	-9999	21.3925	-9999	-9999	-9999
5	14	23.079	10.593	15.6267	2.84317	8.92062	5.97561	-9999	20.5663	-9999	-9999	-9999
5	15	21.803	12.2911	16.6917	8.45	8.92822	5.82987	-9999	19.5876	-9999	-9999	-9999
5	16	18.9285	7.59757	13.835	4.07067	4.35042	6.32916	-9999	18.206	-9999	-9999	-9999
5	17	21.9136	7.52909	12.185	2.29933	5.48963	6.42352	-9999	17.4033	-9999	-9999	-9999
5	18	17.0276	6.07627	11.6	2.4165	2.62271	6.23865	-9999	18.7187	-9999	-9999	-9999
5	19	19.8735	6.37437	11.9533	0.815333	3.63656	5.98367	-9999	22.3611	-9999	-9999	-9999
5	20	20.1042	9.76496	14.87	2.681	7.46568	5.81113	-9999	22.0618	-9999	-9999	-9999
5	21	17.7106	10.8336	17.06	6.44	7.09209	5.98576	-9999	21.3707	-9999	-9999	-9999
5	22	22.7914	13.439	19.06	6.42117	6.02343	6.48681	-9999	20.653	-9999	-9999	-9999
5	23	11.6051	13.6747	17.485	10.8	2.51128	7.0051	-9999	19.9761	-9999	-9999	-9999
5	24	19.3298	14.1933	18.1217	10.4267	6.31447	7.72425	-9999	19.3047	-9999	-9999	-9999
5	25	17.6887	12.0128	14.9267	7.057	4.92476	8.17892	-9999	18.2892	-9999	-9999	-9999
5	26	10.0166	14.1876	18.2383	10.3	3.14091	8.10723	-9999	17.6005	-9999	-9999	-9999
5	27	25.3452	16.2318	18.93	10.685	9.77597	8.26592	-9999	16.8405	-9999	-9999	-9999
5	28	19.3502	10.0443	15.0983	6.61317	5.41609	8.81951	-9999	16.1232	-9999	-9999	-9999
5	29	12.0712	10.6249	15.485	6.41183	3.05937	8.6461	-9999	17.2535	-9999	-9999	-9999
5	30	6.30763	8.72706	11.4067	5.4845	1.87923	8.36603	-9999	17.0591	-9999	-9999	-9999
5	31	17.5761	7.59439	10.7167	3.775	4.28027	8.26281	-9999	16.5895	-9999	-9999	-9999
6	1	22.2017	9.6181	13.15	4.29533	7.06587	7.88757	-9999	15.8262	-9999	-9999	-9999
6	2	18.0928	9.91319	14.98	5.17433	4.36388	7.65259	-9999	15.0689	-9999	-9999	-9999
6	3	7.81266	9.62003	11.0983	7.59833	1.20624	7.67993	-9999	15.2948	-9999	-9999	-9999
6	4	2.42179	10.6239	13.37	8.76167	0.0797874	7.84852	-9999	19.6895	-9999	-9999	-9999
6	5	10.0755	10.4868	13.1333	7.37667	0.575468	8.10983	-9999	23.5116	-9999	-9999	-9999
6	6	17.7875	9.79664	13.5717	6.53717	4.2823	8.42604	-9999	23.7457	-9999	-9999	-9999
6	7	22.85	9.81573	13.3783	5.67133	6.95451	8.47694	-9999	22.9545	-9999	-9999	-9999
6	8	25.9625	11.592	16.4	5.38867	8.3742	8.36851	-9999	22.0854	-9999	-9999	-9999
6	9	24.879	15.3908	20.8333	7.675	10.4812	8.24767	-9999	21.2075	-9999	-9999	-9999
6	10	7.13589	10.049	14.325	7.865	1.88817	8.63628	-9999	21.2678	-9999	-9999	-9999
6	11	7.62871	9.36692	13.3883	7.73667	0.384294	8.95765	-9999	24.7697	-9999	-9999	-9999
6	12	20.2135	11.6087	15.4167	7.79	3.42189	8.70111	-9999	26.8708	-9999	-9999	-9999
6	13	20.4949	11.6939	15.955	7.10407	4.71768	8.98051	-9999	25.1157	-9999	-9999	-9999
6	14	27.8855	14.4544	19.5767	6.84033	8.42537	9.10096	-9999	24.0917	-9999	-9999	-9999
6	15	24.8359	16.9015	21.9883	10.4	11.1757	9.21978	-9999	-9999	-9999	-9999	-9999
6	16	17.4048	19.4814	23.37	13.2183	12.524	9.63176	-9999	-9999	-9999	-9999	-9999
6	17	22.9002	18.943	23.4317	13.9017	10.7146	10.149	-9999	-9999	-9999	-9999	-9999
6	18	17.8403	15.8343	19.9917	11.86	6.05166	10.7571	-9999	-9999	-9999	-9999	-9999
6	19	28.7394	15.0408	19.0083	10.9867	7.06391	10.9985	-9999	-9999	-9999	-9999	-9999
6	20	22.2707	18.1521	23.2783	9.30667	9.7814	10.8389	-9999	-9999	-9999	-9999	-9999
6	21	19.4758	19.5414	24.2883	15.8633	8.65841	10.86	-9999	35.885	-9999	-9999	-9999
6	22	14.7798	16.4064	19.2217	14.1	3.06845	11.5158	-9999	37.8479	-9999	-9999	-9999
6	23	26.4827	18.5437	23.24	13.26	8.64002	11.9933	-9999	36.3112	-9999	-9999	-9999
6	24	23.6798	19.0337	24.6183	13.7	10.3824	11.9812	-9999	35.2443	-9999	-9999	-9999
6	25	12.2754	12.2929	15.3817	8.93667	4.30493	12.3349	-9999	34.5512	-9999	-9999	-9999
6	26	25.2887	14.1208	18.5483	9.30833	8.65058	11.9355	-9999	33.9927	-9999	-9999	-9999
6	27	16.7387	12.9961	18.125	9.56167	3.98467	11.2772	-9999	33.3966	-9999	-9999	-9999
6	28	17.8654	11.8312	16.375	7.40833	5.05194	11.2361	-9999	33.4953	-9999	-9999	-9999
6	29	7.62457	9.69346	12.3817	5.9475	1.36301	10.9834	-9999	35.2844	-9999	-9999	-9999
6	30	16.9619	12.372	14.7867	9.275	3.5108	10.5294	-9999	34.9832	-9999	-9999	-9999
7	1	26.4565	15.1577	19.0433	10.3883	5.48522	10.8992	0	34.2023	-9999	-9999	-9999
7	2	28.452	16.9592	22.0533	9.23667	10.3169	11.1636	0	33.4159	-9999	-9999	-9999
7	3	29.4545	18.7174	23.85	12.61	13.2122	11.5771	0	32.6456	-9999	-9999	-9999
7	4	29.8864	18.9408	24.005	12.3567	13.804	11.8188	0	31.7262	-9999	-9999	-9999
7	5	29.8509	19.7726	24.7717	11.8783	15.0001	11.9312	0	30.7692	-9999	-9999	-9999
7	6	28.3521	20.816	25.9383	14.07	15.1499	12.23	0	29.8699	-9999	-9999	-9999
7	7	25.5249	22.1751	27.3083	15.665	16.2513	12.6046	0	28.8942	-9999	-9999	-9999
7	8	27.2772	22.6552	28.285	14.995	17.1857	12.9623	0	27.8442	-9999	-9999	-9999
7	9	24.9154	21.7967	27.1517	16.175	13.8875	13.2456	0	26.7218	-9999	-9999	-9999
7	10	27.8	21.9795	26.7767	15.1433	16.371	13.2937	0	25.4993	-9999	-9999	-9999
7	11	27.8456	22.4354	27.9533	16.4617	15.9058	13.5164	0	24.3567	-9999	-9999	-9999
7	12	25.2645	25.0136	30.6567	18.4917	21.1696	13.944	0	23.1995	-9999	-9999	-9999
7	13	25.0076	19.2548	25.5017	14.5217	8.72873	14.123	0	22.0933	-9999	-9999	-9999
7	14	15.4053	16.705	20.555	12.7033	6.94967	13.5895	0	21.1927	-9999	-9999	-9999
7	15	19.42	17.1855	22.0833	12.415	5.53227	13.3918	1.4	20.3067	-9999	-9999	-9999
7	16	9.06	16.202	18.7	13.7667	4.75256	13.6451	24.8	25.2512	-9999	-9999	-9999
7	17	20.9468	16.6143	22.1033	11.0067	10.3378	13.3655	0	28.8701	-9999	-9999	-9999
7	18	17.9411	17.438	21.7167	12.9533	9.77051	13.4651	0	27.9467	-9999	-9999	-9999
7	19	16.3536	17.2528	20.7283	12.9717	8.36606	13.5689	0.8	27.0097	-9999	-9999	-9999
7	20	8.50508	14.9323	16.595	12.5033	4.47828	13.5927	11	30.5224	-9999	-9999	-9999
7	21	19.194	15.5485	19.655	10.65	5.87653	13.2592	0	31.7274	-9999	-9999	-9999
7	22	9.91402	15.2812	18.0483	12.9517	2.54528	13.2915	15.2	31.3661	-9999	-9999	-9999
7	23	9.39032	15.0068	17.1267	13.2383	2.93064	13.2684	12	35.5324	-9999	-9999	-9999
7	24	12.4416	15.2918	18.715	12.6817	4.07015	13.2599	0.6	34.028	-9999	-9999	-9999
7	25	12.206	15.1156	17.39	13.31	4.07352	13.2873	0	33.0895	-9999	-9999	-9999
7	26	8.13708	15.5955	18.1627	13.2133	3.31313	13.6035	75	-9999	-9999	-9999	-9999
7	27	13.9906	15.8286	19.5817	13.2842	4.06626	14.0231	5	-9999	-9999	-9999	-9999
7	28	17.8161	16.0269	18.975	12.0817	4.50677	13.8139	0	-9999	-9999	-9999	-9999
7	29	14.2092	15.4425	19.0017	11.1175	3.21068	13.7357	0	-9999	-9999	-9999	-9999
7	30	17.503	16.0651	20.0783	11.6967	5.9035	13.5877	0	-9999	-9999	-9999	-9999
7	31	10.1735	16.2339	19.4917	13.745	4.1024	13.6252	0.4	-9999	-9999	-9999	-9999
8	1	11.5628	15.009	19.3167	12.7	1.6522	13.5778	0.8	-9999	-9999	-9999	-9999
8	2	18.0373	15.7426	18.235	12.3433	5.3381	13.4731	0	-9999	-9999	-9999	-9999
8	3	15.842	15.2791	18.5683	11.2133	3.90559	13.3315	0	-9999	-9999	-9999	-9999
8	4	14.1151	15.3623	19.0133	11.845	4.34493	13.3401	0.2	-9999	-9999	-9999	-9999
8	5	19.2143	14.907	19.4567	10.2267	5.59343	13.1308	0.8	-9999	-9999	-9999	-9999
8	6	9.93771	14.0558	18.4317	11.235	2.68492	13.0336	10.8	-9999	-9999	-9999	-9999
8	7	5.82093	12.9087	13.875	11.855	0.131515	12.9571	34.4	-9999	-9999	-9999	-9999
8	8	5.82093	12.9085	13.673	11.8583	0.132088	12.9509	0	-9999	-9999	-9999	-9999
8	9	5.82093	12.9085	13.673	11.8583	0.132088	13.0699	8	-9999	-9999	-9999	-9999
8	10	5.82093	12.894	13.673	11.8583	0.156621	13.3399	11	-9999	-9999	-9999	-9999
8	11	12.6999	14.4643	17.7823	11.5363	3.78244	13.3399	3.2	-9999	-9999	-9999	-9999
8	12	12.7248	14.4233	17.7823	10.867	3.73897	13.3874	4	-9999	-9999	-9999	-9999
8	13	12.7248	14.4233	17.7823	10.867	3.73897	13.4001	0	-9999	-9999	-9999	-9999
8	14	12.712	14.4436	17.9767	10.867	3.74781	13.2598	0	-9999	-9999	-9999	-9999
8	15	17.9127	15.0089	20.2867	10.4033	4.59655	13.0589	15	-9999	-9999	-9999	-9999
8	16	11.5676	14.9118	19.1317	12.6583	3.23193	13.0968	0.4	-9999	-9999	-9999	-9999
8	17	20.9691	15.308	18.9617	10.0583	7.63134	12.7911	0	-9999	-9999	-9999	-9999
8	18	17.7554	16.2392	20.95	10.1	4.96985	12.783	0	-9999	-9999	-9999	-9999
8	19	21.0378	17.8181	23.92	12.29	7.26667	13.0688	0	-9999	-9999	-9999	-9999
8	20	19.2644	17.8617	23.17	12.34	6.37151	13.2933	0	-9999	-9999	-9999	-9999
8	21	14.8993	15.8865	18.86	12.84	5.40157	13.5168	0	-9999	-9999	-9999	-9999
8	22	19.939	15.9125	20.78	11.2	6.38945	13.0817	0	-9999	-9999	-9999	-9999
8	23	19.1179	15.5294	20.32	10.53	6.02632	13.022	0	-9999	-9999	-9999	-9999
8	24	18.7486	16.6031	22.29	11.6	5.03977	13.0828	0	30.7234	-9999	-9999	-9999
8	25	4.0452	15.7413	18.01	13.65	1.66212	13.2992	5.6	30.3341	-9999	-9999	-9999
8	26	9.90698	12.811	14.81	9.48	1.64455	13.2186	28.4	36.308	-9999	-9999	-9999
8	27	15.9514	12.1719	16.62	8.51	4.21011	12.6788	0	35.4895	-9999	-9999	-9999
8	28	13.1447	13.0463	17.19	9.74	4.01047	12.4602	0	34.6554	-9999	-9999	-9999
8	29	4.48621	15.7206	19.48	11.54	4.11873	12.5055	0	33.9871	-9999	-9999	-9999
8	30	18.048	14.9519	18.64	10.77	9.07355	12.6449	0	33.2264	-9999	-9999	-9999
8	31	18.0576	14.9073	19.72	8.52	8.24758	12.3044	0	32.4814	-9999	-9999	-9999
9	1	18.2106	14.9915	20.53	9.39	7.68143	12.2203	0	31.7146	-9999	-9999	-9999
9	2	16.3123	14.5387	20.48	9.55	4.5469	12.2054	0	31.0716	-9999	-9999	-9999
9	3	14.3576	14.0771	17.91	10.02	3.57202	12.3936	0	30.4814	-9999	-9999	-9999
9	4	13.5187	13.3181	17.44	8.4	3.90633	12.0036	0	29.9485	-9999	-9999	-9999
9	5	12.9448	15.0085	18.58	10.29	4.01249	12.1726	0	29.277	-9999	-9999	-9999
9	6	13.2751	15.8742	21.19	10.79	5.79781	12.4341	0	28.5846	-9999	-9999	-9999
9	7	9.50386	15.4315	20.02	11.8	3.10165	12.529	4.6	28.8198	-9999	-9999	-9999
9	8	8.42508	16.9342	19.07	14.85	4.52693	12.8101	0	30.3265	-9999	-9999	-9999
9	9	16.6988	13.2225	16.66	9.12	7.68737	12.6688	0	29.2737	-9999	-9999	-9999
9	10	13.8563	9.7371	13.63	6.455	4.35207	11.8727	0	28.385	-9999	-9999	-9999
9	11	14.3169	9.63056	14.29	3.38	3.66769	11.1294	0	27.7006	-9999	-9999	-9999
9	12	7.62547	10.5767	15.82	7.46	1.74968	10.9894	1.8	27.177	-9999	-9999	-9999
9	13	10.6095	9.9006	13.73	4.912	3.523	10.7755	0.2	26.8954	-9999	-9999	-9999
9	14	2.83094	13.5569	15.95	12.2	2.27875	11.1122	7.8	28.9071	-9999	-9999	-9999
9	15	5.0922	7.95333	12.45	3.033	2.83435	11.0942	0.4	30.8199	-9999	-9999	-9999
9	16	14.8965	6.10148	10.98	1.422	4.15203	10.131	0	30.2589	-9999	-9999	-9999
9	17	14.6893	6.48983	11.52	1.806	4.05155	9.54794	0	29.465	-9999	-9999	-9999
9	18	4.1393	10.4084	13.38	4.556	2.22267	9.53005	0	28.6863	-9999	-9999	-9999
9	19	13.1721	14.3221	18.61	11.04	4.33485	10.1661	0	27.9226	-9999	-9999	-9999
9	20	5.43439	14.5696	16.25	12.26	4.52019	10.7769	0	27.0619	-9999	-9999	-9999
9	21	10.1942	11.8462	14.94	8.7	3.65487	10.8645	0.4	26.3485	-9999	-9999	-9999
9	22	10.1753	11.0551	15.51	5.501	2.44256	10.569	0	25.6971	-9999	-9999	-9999
9	23	10.9383	12.695	17.22	9.26	3.05305	10.6681	0	25.0271	-9999	-9999	-9999
9	24	8.66601	14.0125	18.23	9.96	3.17859	10.8752	0	24.3279	-9999	-9999	-9999
9	25	8.1955	13.1048	18.84	9.44	2.07442	11.068	0	23.7484	-9999	-9999	-9999
9	26	8.47327	13.6304	18.7	10.2	2.16079	11.1456	0	23.2115	-9999	-9999	-9999
9	27	4.6154	13.2629	15.93	11.26	1.83855	11.2594	0	22.729	-9999	-9999	-9999
9	28	4.90085	12.0635	13.65	9.33	1.33272	11.3725	4	22.8572	-9999	-9999	-9999
9	29	8.53455	9.50033	13.35	6.728	1.91923	10.989	0	22.7714	-9999	-9999	-9999
9	30	9.36977	8.81348	13.9	4.619	1.70603	10.4524	0.2	22.4889	-9999	-9999	-9999
10	1	6.97897	10.9629	14.32	7.85	2.49711	10.3235	0	22.1686	-9999	-9999	-9999
10	2	5.53374	10.9269	14.56	8.63	1.6527	10.3826	0	21.7913	-9999	-9999	-9999
10	3	7.11201	10.7975	14.41	8.34	2.22031	10.3795	0	21.4576	-9999	-9999	-9999
10	4	9.87765	11.1572	16.03	6.569	3.31536	10.1473	0	21.0737	-9999	-9999	-9999
10	5	8.86679	9.52785	14.51	5.757	2.0757	9.90567	0	20.6426	-9999	-9999	-9999
10	6	8.96107	10.0781	14.11	7.67	2.11836	9.76847	0	20.2541	-9999	-9999	-9999
10	7	8.12549	10.5432	15.01	6.923	1.51135	9.74961	0	19.852	-9999	-9999	-9999
10	8	5.27098	11.1512	15.7	7.81	1.698	9.87685	0	19.4599	-9999	-9999	-9999
10	9	7.06539	11.7492	16.39	7.42	2.07771	10.0116	0.6	19.0387	-9999	-9999	-9999
10	10	7.80058	10.0662	14.05	7.02	2.21197	9.98147	0	18.6211	-9999	-9999	-9999
10	11	6.87841	12.3798	16.36	9.49	2.47065	10.0855	0	18.1527	-9999	-9999	-9999
10	12	6.42762	10.9935	14.61	8.78	1.85431	10.091	0	17.7421	-9999	-9999	-9999
10	13	5.51889	10.6271	14.27	7.05	1.80028	10.0824	0	17.3547	-9999	-9999	-9999
10	14	5.54526	9.01675	13.44	6.317	3.65254	9.84236	0.2	17.0706	-9999	-9999	-9999
10	15	7.79744	6.4884	9.7	4.146	4.92688	9.17552	0	16.7342	-9999	-9999	-9999
10	16	1.55942	3.71006	4.713	2.003	1.8685	8.57588	0	16.4422	-9999	-9999	-9999
10	17	7.3395	3.6321	7.39	1.596	1.82135	8.18706	0	16.2577	-9999	-9999	-9999
10	18	7.20646	4.55927	9.11	1.005	2.98939	7.67829	0	16.0509	-9999	-9999	-9999
10	19	7.02471	3.25381	7.37	-0.591	1.18001	7.20575	0	15.8825	-9999	-9999	-9999
10	20	4.53273	3.2579	8.39	-2.564	0.428366	6.90558	0.2	15.7792	-9999	-9999	-9999
10	21	3.1782	8.51437	9.81	7.26	1.63871	7.48799	0.6	15.53	-9999	-9999	-9999
10	22	0.656974	5.65446	7.41	2.922	0.0697875	7.65704	15.8	17.5099	-9999	-9999	-9999
10	23	1.33874	1.10329	2.746	-1.068	0.101903	7.36143	1.2	21.0724	-9999	-9999	-9999
10	24	6.18757	-1.1949	2.207	-3.324	1.09136	6.65688	0	21.8063	-9999	-9999	-9999
10	25	1.96551	-0.341187	5.039	-5.165	0.249931	5.9005	14.4	22.5232	-9999	-9999	-9999
10	26	1.60114	3.96725	6.782	0.923	0.0706387	5.97995	2.6	24.6419	-9999	-9999	-9999
10	27	3.85769	1.73852	3.57	-0.709	0.829683	5.97106	0	24.8479	-9999	-9999	-9999
10	28	1.77241	6.92321	9.74	3.117	2.07238	6.19147	0	24.6779	-9999	-9999	-9999
10	29	4.01063	7.645	9.8	6.593	2.42594	6.63923	0.2	24.4833	-9999	-9999	-9999
10	30	1.71323	7.30075	9.2	5.952	1.18761	6.95964	0.2	24.3302	-9999	-9999	-9999
10	31	1.71305	7.16031	8.63	6.174	0.0990703	7.20184	0	24.2975	-9999	-9999	-9999
11	1	3.32084	6.86208	8.94	5.34	1.0458	7.20147	0	24.3033	-9999	-9999	-9999
11	2	1.20064	7.70323	10.07	5.819	0.614326	7.32022	0.2	24.2576	-9999	-9999	-9999
11	3	1.28654	6.77277	8.91	4.161	0.131048	7.27079	4	24.5936	-9999	-9999	-9999
11	4	1.31325	9.9525	12.01	8.66	0.152659	7.63609	0.4	25.9842	-9999	-9999	-9999
11	5	0.838196	9.81292	10.26	8.37	0.00250286	7.9744	3.2	26.5354	-9999	-9999	-9999
11	6	1.24499	8.18229	9.43	7.6	0.0358035	8.10339	3.2	28.2606	-9999	-9999	-9999
11	7	0.840466	9.14687	10.68	8.45	0.588739	8.17154	0.8	29.1603	-9999	-9999	-9999
11	8	2.20452	7.68988	8.89	6.129	0.858644	8.09267	0	29.065	-9999	-9999	-9999
11	9	0.748283	7.57867	8.75	6.449	1.53143	7.95564	0	28.9628	-9999	-9999	-9999
11	10	2.531	7.6934	8.52	6.5	1.87636	7.87887	0.4	28.8202	-9999	-9999	-9999
11	11	2.94896	5.31454	7.84	2.127	0.919135	7.66185	0	28.6942	-9999	-9999	-9999
11	12	0.879922	8.82785	11.46	3.923	1.09048	7.45058	1.2	28.6035	-9999	-9999	-9999
11	13	0.914491	6.69479	8.54	4.019	0.678923	7.65897	2.4	28.8762	-9999	-9999	-9999
11	14	0.243201	6.692	10.85	2.484	1.1968	7.4215	8	31.5304	-9999	-9999	-9999
11	15	0.976469	4.55315	10.68	-1.619	1.97497	7.50187	1.4	31.6089	-9999	-9999	-9999
11	16	1.58037	-1.75965	0.243	-3.178	0.611312	6.51841	0	31.4763	-9999	-9999	-9999
11	17	1.99405	-3.98821	-1.804	-5.675	0.470439	5.66525	0	31.151	-9999	-9999	-9999
11	18	2.10693	-3.42077	-0.861	-6.939	0.581851	4.88354	0	30.8391	-9999	-9999	-9999
11	19	1.76508	-1.7935	-0.234	-3.848	0.808108	4.46097	0.4	30.5913	-9999	-9999	-9999
11	20	1.24114	-0.556271	-0.016	-1.753	0.0126957	4.3297	0.2	30.4827	-9999	-9999	-9999
11	21	1.14251	-2.2071	-0.86	-3.455	0.216253	4.28172	0	30.4659	-9999	-9999	-9999
11	22	0.505781	0.088	2.151	-0.962	0.0625299	4.12929	0	30.3605	-9999	-9999	-9999
11	23	0.339748	3.57992	4.453	2.109	0.105106	4.32013	0	30.5693	-9999	-9999	-9999
11	24	0.183666	4.05431	4.607	3.504	0.329898	4.78744	0.2	30.7947	-9999	-9999	-9999
11	25	0.403647	1.58173	4.453	0.404	0.490912	4.94441	2	30.9644	-9999	-9999	-9999
11	26	0.44485	0.174542	1.007	-0.125	0.0136527	4.70493	6.2	32.4209	-9999	-9999	-9999
11	27	0.613501	-0.499313	-0.05	-1.633	0.046812	4.45116	3	32.9158	-9999	-9999	-9999
11	28	0.267294	-1.86863	-1.208	-2.568	0.225404	4.2744	0.4	32.477	-9999	-9999	-9999
11	29	1.82217	-3.37785	-0.984	-5.331	0.413779	4.0902	0	32.1372	-9999	-9999	-9999
11	30	1.2504	-4.50619	-1.001	-7.71	0.502843	3.83249	0	31.8085	-9999	-9999	-9999
12	1	0.882018	-4.52194	1.031	-9.26	0.4256	3.44738	0	31.5407	-9999	-9999	-9999
12	2	0.467372	0.33275	2.357	-1.459	0.0444456	3.23398	3.2	32.7959	-9999	-9999	-9999
12	3	0.263453	0.0672917	0.802	-0.627	0.949043	3.28425	1.4	33.244	-9999	-9999	-9999
12	4	0.129719	0.271167	1.249	-0.73	0.24332	3.36639	4.6	33.4174	-9999	-9999	-9999
12	5	0.224345	0.680146	1.47	-0.006	0	3.37866	4	34.3176	-9999	-9999	-9999
12	6	0.100213	1.68683	2.506	0.725	0	3.3976	4.2	34.9445	-9999	-9999	-9999
12	7	0.0965471	1.33854	1.723	0.877	0	3.4364	2.8	35.1425	-9999	-9999	-9999
12	8	0.321067	-0.188104	0.99	-1.131	0.700165	3.49948	0	34.1439	-9999	-9999	-9999
12	9	1.03583	-2.63208	-1.149	-4.993	0.98313	3.37481	0	33.3717	-9999	-9999	-9999
12	10	0.976469	-1.6685	3.188	-4.515	0.48925	3.07535	0.4	32.854	-9999	-9999	-9999
12	11	0.82161	3.96362	7.13	2.035	0.709259	2.9736	0	32.5875	-9999	-9999	-9999
12	12	1.27903	3.70792	6.556	2.377	3.65538	3.18149	0	-9999	-9999	-9999	-9999
12	13	1.22578	2.49448	3.863	0.853	3.27538	3.22817	0	-9999	-9999	-9999	-9999
12	14	1.18545	0.213896	1.679	-1.313	1.47921	3.17638	0	-9999	-9999	-9999	-9999
12	15	0.928982	-0.174729	2.091	-2.753	1.27643	3.10068	0	-9999	-9999	-9999	-9999
12	16	0.870146	-4.24773	-2.581	-6.662	0.676048	2.91854	0	-9999	-9999	-9999	-9999
12	17	0.943647	-6.1345	-4.144	-7.85	0.595612	2.49829	0	-9999	-9999	-9999	-9999
12	18	1.05525	-7.78752	-6.002	-9.39	0.469035	2.19029	0	-9999	-9999	-9999	-9999
12	19	1.15036	-7.95185	-4.136	-9.53	0.499678	2.01449	0	-9999	-9999	-9999	-9999
12	20	0.354413	-2.25719	-1.257	-3.928	0.313498	1.87344	0	-9999	-9999	-9999	-9999
12	21	0.335558	-3.99954	-1.249	-5.996	0.205908	1.89559	0	-9999	-9999	-9999	-9999
12	22	0.256644	-0.245396	0.108	-1.185	0.00929047	1.93286	0	-9999	-9999	-9999	-9999
12	23	0.457769	-0.00766667	0.336	-0.143	0	2.03316	6	-9999	-9999	-9999	-9999
12	24	0.457769	0.0136163	0.485	-0.1212	0	2.03733	3.4	-9999	-9999	-9999	-9999
12	25	0.457769	0.0120642	0.4105	-0.1212	0	2.03764	0	-9999	-9999	-9999	-9999
12	26	0.457769	0.0120642	0.4105	-0.1212	0	2.03492	0.2	-9999	-9999	-9999	-9999
12	27	0.350511	-1.41177	0.4105	-2.10965	0.0921943	1.94466	0	-9999	-9999	-9999	-9999
12	28	0.353598	-0.742441	0.137	-1.31533	0.0369145	1.96983	0	-9999	-9999	-9999	-9999
12	29	0.400305	-0.0560454	0.235667	-0.306571	0.00197781	2.00639	0	-9999	-9999	-9999	-9999
12	30	0.457769	-0.0801847	0.2675	-1.38991	0.00431988	2.02952	1.8	-9999	-9999	-9999	-9999
12	31	0.34999	-1.40315	-0.34925	-2.1184	0.071107	1.95417	0.6	-9999	-9999	-9999	-9999
