Month	n_days	Rg_f	Ta_f	Tmax	Tmin	VPD_f	Ts_f	Precip	SWC	LAI	ET	Litterfall
1	1	-9999	-9999	-9999	-9999	-9999	1.34611	-9999	0.382628	-9999	-9999	-9999
1	2	-9999	-9999	-9999	-9999	-9999	1.39133	-9999	0.382609	-9999	-9999	-9999
1	3	-9999	-9999	-9999	-9999	-9999	1.41373	-9999	0.382657	-9999	-9999	-9999
1	4	-9999	-9999	-9999	-9999	-9999	1.46941	-9999	0.382193	-9999	-9999	-9999
1	5	-9999	-9999	-9999	-9999	-9999	1.50953	-9999	0.382261	-9999	-9999	-9999
1	6	-9999	-9999	-9999	-9999	-9999	1.46496	-9999	0.382761	-9999	-9999	-9999
1	7	-9999	-9999	-9999	-9999	-9999	1.36614	-9999	0.383238	-9999	-9999	-9999
1	8	-9999	-9999	-9999	-9999	-9999	1.31912	-9999	0.383538	-9999	-9999	-9999
1	9	-9999	-9999	-9999	-9999	-9999	1.22166	-9999	0.383242	-9999	-9999	-9999
1	10	-9999	-9999	-9999	-9999	-9999	1.17987	-9999	0.382341	-9999	-9999	-9999
1	11	-9999	-9999	-9999	-9999	-9999	1.31137	-9999	0.384367	-9999	-9999	-9999
1	12	-9999	-9999	-9999	-9999	-9999	1.60457	-9999	0.384396	-9999	-9999	-9999
1	13	-9999	-9999	-9999	-9999	-9999	1.72973	-9999	0.384268	-9999	-9999	-9999
1	14	-9999	-9999	-9999	-9999	-9999	2.04177	-9999	0.384293	-9999	-9999	-9999
1	15	-9999	-9999	-9999	-9999	-9999	2.2931	-9999	0.383945	-9999	-9999	-9999
1	16	-9999	-9999	-9999	-9999	-9999	2.54954	-9999	0.383874	-9999	-9999	-9999
1	17	-9999	-9999	-9999	-9999	-9999	2.68539	-9999	0.383637	-9999	-9999	-9999
1	18	-9999	-9999	-9999	-9999	-9999	2.30398	-9999	0.382492	-9999	-9999	-9999
1	19	-9999	-9999	-9999	-9999	-9999	1.85991	-9999	0.379775	-9999	-9999	-9999
1	20	-9999	-9999	-9999	-9999	-9999	1.76305	-9999	0.376844	-9999	-9999	-9999
1	21	-9999	-9999	-9999	-9999	-9999	1.6925	-9999	0.375347	-9999	-9999	-9999
1	22	-9999	-9999	-9999	-9999	-9999	1.61332	-9999	0.375108	-9999	-9999	-9999
1	23	-9999	-9999	-9999	-9999	-9999	1.57616	-9999	0.374791	-9999	-9999	-9999
1	24	-9999	-9999	-9999	-9999	-9999	1.56808	-9999	0.374156	-9999	-9999	-9999
1	25	-9999	-9999	-9999	-9999	-9999	1.54192	-9999	0.373807	-9999	-9999	-9999
1	26	-9999	-9999	-9999	-9999	-9999	1.53414	-9999	0.373356	-9999	-9999	-9999
1	27	-9999	-9999	-9999	-9999	-9999	1.5354	-9999	0.372813	-9999	-9999	-9999
1	28	-9999	-9999	-9999	-9999	-9999	1.49027	-9999	0.37209	-9999	-9999	-9999
1	29	-9999	-9999	-9999	-9999	-9999	1.30438	-9999	0.371339	-9999	-9999	-9999
1	30	-9999	-9999	-9999	-9999	-9999	1.17916	-9999	0.3706	-9999	-9999	-9999
1	31	-9999	-9999	-9999	-9999	-9999	1.0563	-9999	0.367515	-9999	-9999	-9999
2	1	-9999	-9999	-9999	-9999	-9999	0.933515	-9999	0.366316	-9999	-9999	-9999
2	2	-9999	-9999	-9999	-9999	-9999	0.874796	-9999	0.365828	-9999	-9999	-9999
2	3	-9999	-9999	-9999	-9999	-9999	0.871844	-9999	0.363349	-9999	-9999	-9999
2	4	-9999	-9999	-9999	-9999	-9999	0.826651	-9999	0.362098	-9999	-9999	-9999
2	5	-9999	-9999	-9999	-9999	-9999	0.810355	-9999	0.360791	-9999	-9999	-9999
2	6	-9999	-9999	-9999	-9999	-9999	0.802855	-9999	0.358905	-9999	-9999	-9999
2	7	-9999	-9999	-9999	-9999	-9999	0.802558	-9999	0.360217	-9999	-9999	-9999
2	8	-9999	-9999	-9999	-9999	-9999	0.824918	-9999	0.367096	-9999	-9999	-9999
2	9	-9999	-9999	-9999	-9999	-9999	0.865184	-9999	0.368118	-9999	-9999	-9999
2	10	-9999	-9999	-9999	-9999	-9999	0.886512	-9999	0.380501	-9999	-9999	-9999
2	11	-9999	-9999	-9999	-9999	-9999	0.937949	-9999	0.382332	-9999	-9999	-9999
2	12	-9999	-9999	-9999	-9999	-9999	0.990229	-9999	0.382398	-9999	-9999	-9999
2	13	-9999	-9999	-9999	-9999	-9999	1.02167	-9999	0.383137	-9999	-9999	-9999
2	14	-9999	-9999	-9999	-9999	-9999	0.996445	-9999	0.382925	-9999	-9999	-9999
2	15	-9999	-9999	-9999	-9999	-9999	1.02587	-9999	0.382932	-9999	-9999	-9999
2	16	-9999	-9999	-9999	-9999	-9999	1.0728	-9999	0.38227	-9999	-9999	-9999
2	17	-9999	-9999	-9999	-9999	-9999	1.02168	-9999	0.380356	-9999	-9999	-9999
2	18	-9999	-9999	-9999	-9999	-9999	0.942438	-9999	0.379517	-9999	-9999	-9999
2	19	-9999	-9999	-9999	-9999	-9999	0.949225	-9999	0.382769	-9999	-9999	-9999
2	20	-9999	-9999	-9999	-9999	-9999	1.11579	-9999	0.383114	-9999	-9999	-9999
2	21	-9999	-9999	-9999	-9999	-9999	1.68223	-9999	0.383163	-9999	-9999	-9999
2	22	-9999	-9999	-9999	-9999	-9999	2.36604	-9999	0.382706	-9999	-9999	-9999
2	23	-9999	-9999	-9999	-9999	-9999	2.31974	-9999	0.382475	-9999	-9999	-9999
2	24	-9999	-9999	-9999	-9999	-9999	1.98259	-9999	0.382497	-9999	-9999	-9999
2	25	-9999	-9999	-9999	-9999	-9999	1.38838	-9999	0.382155	-9999	-9999	-9999
2	26	-9999	-9999	-9999	-9999	-9999	1.23238	-9999	0.381924	-9999	-9999	-9999
2	27	-9999	-9999	-9999	-9999	-9999	1.51541	-9999	-9999	-9999	-9999	-9999
2	28	-9999	-9999	-9999	-9999	-9999	1.69914	-9999	-9999	-9999	-9999	-9999
3	1	-9999	-9999	-9999	-9999	-9999	1.3617	-9999	-9999	-9999	-9999	-9999
3	2	-9999	-9999	-9999	-9999	-9999	1.07756	-9999	-9999	-9999	-9999	-9999
3	3	-9999	-9999	-9999	-9999	-9999	0.842403	-9999	-9999	-9999	-9999	-9999
3	4	-9999	-9999	-9999	-9999	-9999	0.778613	-9999	-9999	-9999	-9999	-9999
3	5	-9999	-9999	-9999	-9999	-9999	0.750772	-9999	-9999	-9999	-9999	-9999
3	6	-9999	-9999	-9999	-9999	-9999	0.620899	-9999	-9999	-9999	-9999	-9999
3	7	-9999	-9999	-9999	-9999	-9999	0.49908	-9999	-9999	-9999	-9999	-9999
3	8	-9999	-9999	-9999	-9999	-9999	0.461622	-9999	-9999	-9999	-9999	-9999
3	9	-9999	-9999	-9999	-9999	-9999	0.448012	-9999	-9999	-9999	-9999	-9999
3	10	-9999	-9999	-9999	-9999	-9999	0.372098	-9999	-9999	-9999	-9999	-9999
3	11	-9999	-9999	-9999	-9999	-9999	0.300417	-9999	-9999	-9999	-9999	-9999
3	12	-9999	-9999	-9999	-9999	-9999	0.306931	-9999	0.364975	-9999	-9999	-9999
3	13	-9999	-9999	-9999	-9999	-9999	0.307171	-9999	0.364504	-9999	-9999	-9999
3	14	-9999	-9999	-9999	-9999	-9999	0.308658	-9999	0.362661	-9999	-9999	-9999
3	15	-9999	-9999	-9999	-9999	-9999	0.27442	-9999	0.361469	-9999	-9999	-9999
3	16	-9999	-9999	-9999	-9999	-9999	0.28363	-9999	0.362246	-9999	-9999	-9999
3	17	-9999	-9999	-9999	-9999	-9999	0.298809	-9999	0.370396	-9999	-9999	-9999
3	18	-9999	-9999	-9999	-9999	-9999	0.323297	-9999	0.377442	-9999	-9999	-9999
3	19	-9999	-9999	-9999	-9999	-9999	0.359927	-9999	-9999	-9999	-9999	-9999
3	20	-9999	-9999	-9999	-9999	-9999	0.393802	-9999	-9999	-9999	-9999	-9999
3	21	-9999	-9999	-9999	-9999	-9999	0.423956	-9999	-9999	-9999	-9999	-9999
3	22	-9999	-9999	-9999	-9999	-9999	0.455719	-9999	-9999	-9999	-9999	-9999
3	23	-9999	-9999	-9999	-9999	-9999	0.460895	-9999	-9999	-9999	-9999	-9999
3	24	-9999	-9999	-9999	-9999	-9999	0.444613	-9999	-9999	-9999	-9999	-9999
3	25	-9999	-9999	-9999	-9999	-9999	0.462211	-9999	-9999	-9999	-9999	-9999
3	26	-9999	-9999	-9999	-9999	-9999	0.482409	-9999	-9999	-9999	-9999	-9999
3	27	-9999	-9999	-9999	-9999	-9999	0.497913	-9999	-9999	-9999	-9999	-9999
3	28	-9999	-9999	-9999	-9999	-9999	0.515468	-9999	-9999	-9999	-9999	-9999
3	29	-9999	-9999	-9999	-9999	-9999	0.549909	-9999	-9999	-9999	-9999	-9999
3	30	-9999	-9999	-9999	-9999	-9999	0.884951	-9999	-9999	-9999	-9999	-9999
3	31	-9999	-9999	-9999	-9999	-9999	1.71431	-9999	-9999	-9999	-9999	-9999
4	1	-9999	-9999	-9999	-9999	-9999	1.23966	-9999	-9999	-9999	-9999	-9999
4	2	-9999	-9999	-9999	-9999	-9999	0.828224	-9999	-9999	-9999	-9999	-9999
4	3	-9999	-9999	-9999	-9999	-9999	0.638147	0	-9999	-9999	-9999	-9999
4	4	-9999	-9999	-9999	-9999	-9999	0.507436	0.182914	-9999	-9999	-9999	-9999
4	5	-9999	-9999	-9999	-9999	-9999	0.48212	2.44949	-9999	-9999	-9999	-9999
4	6	-9999	-9999	-9999	-9999	-9999	0.477998	0.132647	-9999	-9999	-9999	-9999
4	7	-9999	-9999	-9999	-9999	-9999	0.493539	0	-9999	-9999	-9999	-9999
4	8	-9999	-9999	-9999	-9999	-9999	0.531249	0	0.370771	-9999	-9999	-9999
4	9	-9999	-9999	-9999	-9999	-9999	0.530374	0	0.366637	-9999	-9999	-9999
4	10	-9999	-9999	-9999	-9999	-9999	0.560584	0	0.364844	-9999	-9999	-9999
4	11	-9999	-9999	-9999	-9999	-9999	0.643622	0	0.363873	-9999	-9999	-9999
4	12	-9999	-9999	-9999	-9999	-9999	0.679082	0	0.362947	-9999	-9999	-9999
4	13	-9999	-9999	-9999	-9999	-9999	0.728658	0	0.36198	-9999	-9999	-9999
4	14	-9999	-9999	-9999	-9999	-9999	0.788051	0	0.360797	-9999	-9999	-9999
4	15	-9999	-9999	-9999	-9999	-9999	0.915876	0	0.359753	-9999	-9999	-9999
4	16	-9999	-9999	-9999	-9999	-9999	1.37251	5.17524	0.358958	-9999	-9999	-9999
4	17	-9999	-9999	-9999	-9999	-9999	2.14166	3.02695	0.366885	-9999	-9999	-9999
4	18	-9999	-9999	-9999	-9999	-9999	2.31774	0.897613	0.368844	-9999	-9999	-9999
4	19	-9999	-9999	-9999	-9999	-9999	1.8752	2.16125	0.368804	-9999	-9999	-9999
4	20	-9999	-9999	-9999	-9999	-9999	1.97876	3.60741	0.369087	-9999	-9999	-9999
4	21	-9999	-9999	-9999	-9999	-9999	2.59238	0.127661	0.369946	-9999	-9999	-9999
4	22	-9999	-9999	-9999	-9999	-9999	2.86163	0	0.369438	-9999	-9999	-9999
4	23	-9999	-9999	-9999	-9999	-9999	3.38818	0.400933	0.367781	-9999	-9999	-9999
4	24	-9999	-9999	-9999	-9999	-9999	4.02067	0.163565	0.365305	-9999	-9999	-9999
4	25	-9999	-9999	-9999	-9999	-9999	4.52526	0	0.361244	-9999	-9999	-9999
4	26	-9999	-9999	-9999	-9999	-9999	5.05295	7.06023	0.359029	-9999	-9999	-9999
4	27	-9999	-9999	-9999	-9999	-9999	5.3746	6.2045	0.361481	-9999	-9999	-9999
4	28	-9999	-9999	-9999	-9999	-9999	5.9219	0.122674	0.368292	-9999	-9999	-9999
4	29	-9999	-9999	-9999	-9999	-9999	6.66144	0.105719	0.364713	-9999	-9999	-9999
4	30	-9999	-9999	-9999	-9999	-9999	7.10519	0	0.358411	-9999	-9999	-9999
5	1	-9999	-9999	-9999	-9999	-9999	7.06075	0	0.355867	-9999	-9999	-9999
5	2	-9999	-9999	-9999	-9999	-9999	6.46473	2.43453	0.354488	-9999	-9999	-9999
5	3	20.0967	14.1435	-9999	-9999	5.29235	5.82215	2.40959	0.353712	-9999	-9999	-9999
5	4	22.5612	14.0581	-9999	-9999	4.03829	5.25013	3.33413	0.353708	-9999	-9999	-9999
5	5	19.9835	13.5011	-9999	-9999	4.73145	4.9072	2.32881	0.354328	-9999	-9999	-9999
5	6	21.2976	14.153	-9999	-9999	5.8094	5.09211	0.818822	0.354963	-9999	-9999	-9999
5	7	22.5612	13.9543	-9999	-9999	4.02648	5.78473	6.82386	0.358394	-9999	-9999	-9999
5	8	21.0882	13.7572	-9999	-9999	4.47753	6.54053	0.353061	0.358096	-9999	-9999	-9999
5	9	20.6406	13.8391	-9999	-9999	5.29631	6.83452	3.59843	0.353959	-9999	-9999	-9999
5	10	19.678	14.078	-9999	-9999	5.22589	7.64569	0.359045	0.353039	-9999	-9999	-9999
5	11	22.5612	14.0581	-9999	-9999	4.03829	7.81439	0	0.349314	-9999	-9999	-9999
5	12	19.9835	13.5011	-9999	-9999	4.73145	7.16436	0	0.344028	-9999	-9999	-9999
5	13	21.2976	14.153	-9999	-9999	5.8094	6.87305	0	0.340476	-9999	-9999	-9999
5	14	22.5612	13.9543	-9999	-9999	4.02648	7.44568	0	0.336487	-9999	-9999	-9999
5	15	21.0882	13.7572	-9999	-9999	4.47753	7.60501	0	0.331699	-9999	-9999	-9999
5	16	20.6406	13.8391	-9999	-9999	5.29631	7.59976	0	0.323796	-9999	-9999	-9999
5	17	19.678	14.078	-9999	-9999	5.22589	8.29149	0	0.314072	-9999	-9999	-9999
5	18	22.5612	14.0581	-9999	-9999	4.03829	8.89258	0	0.305905	-9999	-9999	-9999
5	19	19.9835	13.5011	-9999	-9999	4.73145	9.08208	2.50434	0.298848	-9999	-9999	-9999
5	20	21.2976	14.153	-9999	-9999	5.8094	8.18411	0.841762	0.294149	-9999	-9999	-9999
5	21	22.5612	13.9543	-9999	-9999	4.02648	7.32525	1.97575	0.290618	-9999	-9999	-9999
5	22	21.0882	13.7572	-9999	-9999	4.47753	6.35809	0.448807	0.287715	-9999	-9999	-9999
5	23	20.6406	13.8391	-9999	-9999	5.29631	6.05538	0	0.284319	-9999	-9999	-9999
5	24	19.678	14.078	-9999	-9999	5.22589	5.87836	0	0.280298	-9999	-9999	-9999
5	25	22.5612	14.0581	-9999	-9999	4.03829	5.47066	8.31789	0.278869	-9999	-9999	-9999
5	26	19.9835	13.5011	-9999	-9999	4.73145	5.4145	-9999	0.281725	-9999	-9999	-9999
5	27	21.2976	14.153	-9999	-9999	5.8094	5.92958	-9999	0.279154	-9999	-9999	-9999
5	28	22.5612	13.9543	-9999	-9999	4.02648	6.79359	-9999	0.275569	-9999	-9999	-9999
5	29	21.0882	13.7572	-9999	-9999	4.47753	7.53143	-9999	0.271494	-9999	-9999	-9999
5	30	20.6406	13.8391	-9999	-9999	5.29631	7.43646	0.169549	0.267213	-9999	-9999	-9999
5	31	19.678	14.078	-9999	-9999	5.22589	7.9571	2.4834	0.263404	-9999	-9999	-9999
6	1	22.5612	14.0581	-9999	-9999	4.03829	7.22503	-9999	0.263107	-9999	-9999	-9999
6	2	19.9835	13.5011	-9999	-9999	4.73145	6.84726	-9999	0.269606	-9999	-9999	-9999
6	3	21.2976	14.153	-9999	-9999	5.8094	6.88279	7.76935	0.284011	-9999	-9999	-9999
6	4	22.5612	13.9543	-9999	-9999	4.02648	7.70122	1.02727	0.311225	-9999	-9999	-9999
6	5	21.0882	13.7572	-9999	-9999	4.47753	7.97779	3.55056	0.309712	-9999	-9999	-9999
6	6	20.6406	13.8391	-9999	-9999	5.29631	8.04845	0.149602	0.301556	-9999	-9999	-9999
6	7	19.678	14.078	-9999	-9999	5.22589	8.2397	1.33644	0.291983	-9999	-9999	-9999
6	8	22.5612	14.0581	-9999	-9999	4.03829	8.99837	0.388966	0.289655	-9999	-9999	-9999
6	9	19.9835	13.5011	-9999	-9999	4.73145	9.3452	0.39894	0.283443	-9999	-9999	-9999
6	10	21.2976	14.153	-9999	-9999	5.8094	10.0175	5.19619	0.280243	-9999	-9999	-9999
6	11	22.5612	13.9543	-9999	-9999	4.02648	10.603	0.219416	0.278438	-9999	-9999	-9999
6	12	21.0882	13.7572	-9999	-9999	4.47753	10.6806	0.269284	0.273782	-9999	-9999	-9999
6	13	20.6406	13.8391	-9999	-9999	5.29631	10.8896	0.219416	0.269113	-9999	-9999	-9999
6	14	19.678	14.078	-9999	-9999	5.22589	10.3831	0	0.263464	-9999	-9999	-9999
6	15	22.5612	14.0581	-9999	-9999	4.03829	9.68194	13.3944	0.260015	-9999	-9999	-9999
6	16	19.9835	13.5011	-9999	-9999	4.73145	9.31168	2.1443	0.267593	-9999	-9999	-9999
6	17	21.2976	14.153	-9999	-9999	5.8094	9.49626	4.14897	0.27165	-9999	-9999	-9999
6	18	22.5612	13.9543	-9999	-9999	4.02648	9.93958	4.19883	0.283535	-9999	-9999	-9999
6	19	21.0882	13.7572	-9999	-9999	4.47753	10.0615	11.3897	0.290172	-9999	-9999	-9999
6	20	20.6406	13.8391	-9999	-9999	5.29631	9.98723	2.27395	0.323504	-9999	-9999	-9999
6	21	19.678	14.078	-9999	-9999	5.22589	9.8514	0.169549	0.325386	-9999	-9999	-9999
6	22	22.5612	14.0581	-9999	-9999	4.03829	9.2624	0	0.325121	-9999	-9999	-9999
6	23	19.9835	13.5011	-9999	-9999	4.73145	8.94209	2.633	0.323935	-9999	-9999	-9999
6	24	21.2976	14.153	-9999	-9999	5.8094	9.1541	0.129655	0.319955	-9999	-9999	-9999
6	25	22.5612	13.9543	-9999	-9999	4.02648	9.39694	0.109708	0.307468	-9999	-9999	-9999
6	26	21.0882	13.7572	-9999	-9999	4.47753	10.1422	0.857719	0.293612	-9999	-9999	-9999
6	27	20.6406	13.8391	-9999	-9999	5.29631	10.6764	0	0.285982	-9999	-9999	-9999
6	28	19.678	14.078	-9999	-9999	5.22589	10.7842	0.159576	0.281302	-9999	-9999	-9999
6	29	22.5612	14.0581	-9999	-9999	4.03829	11.3222	18.3313	0.315537	-9999	-9999	-9999
6	30	22.5612	14.0729	19.0304	7.63087	4.27369	11.4147	5.61507	0.319744	-9999	-9999	-9999
7	1	22.5612	14.0729	19.0304	7.54317	4.27369	11.4621	0.3	0.320164	-9999	-9999	-9999
7	2	22.5612	14.0391	19.2611	7.1421	3.98351	11.5137	3.48	0.318198	-9999	-9999	-9999
7	3	17.4058	14.4963	17.1181	12.1896	6.33261	11.5379	0	0.314225	-9999	-9999	-9999
7	4	23.9257	15.0061	18.6704	10.2161	7.36295	11.3738	0.5	0.302279	-9999	-9999	-9999
7	5	7.53102	13.623	15.8453	11.65	1.42702	11.6019	8.88	0.302421	-9999	-9999	-9999
7	6	8.49739	13.7719	15.6986	12.1477	1.28803	11.8296	4.91	0.316424	-9999	-9999	-9999
7	7	10.6898	13.9175	16.088	12.2615	1.76966	11.9147	4.59	0.321563	-9999	-9999	-9999
7	8	25.6343	16.8511	21.7734	11.2306	6.69552	12.1515	0	0.321192	-9999	-9999	-9999
7	9	22.6629	18.3244	23.5279	12.0327	9.10897	12.5186	0.54	0.314477	-9999	-9999	-9999
7	10	11.4333	15.4357	18.9736	13.3396	3.41138	12.6533	1.8	0.304916	-9999	-9999	-9999
7	11	12.5744	15.1421	19.1621	12.7405	2.18989	12.7447	4.92	0.312931	-9999	-9999	-9999
7	12	13.1143	14.9528	20.2028	12.572	4.33969	12.8793	14.5	0.335677	-9999	-9999	-9999
7	13	12.3173	14.9065	20.9471	12.3809	5.18641	13.1487	7.77	0.346563	-9999	-9999	-9999
7	14	18.9884	14.9584	19.3091	11.8434	7.41053	12.8957	0	0.348663	-9999	-9999	-9999
7	15	10.4986	13.3977	19.2046	10.9673	5.41307	12.3803	9.21	0.3493	-9999	-9999	-9999
7	16	10.7305	12.774	16.1953	10.8945	5.22387	12.1035	1.72	0.353402	-9999	-9999	-9999
7	17	18.8051	13.884	17.7627	10.9932	6.31715	12.1022	1.96	0.350512	-9999	-9999	-9999
7	18	14.095	13.5257	18.7501	9.41485	6.60161	12.1826	3.87	0.345503	-9999	-9999	-9999
7	19	13.4345	12.4506	16.9232	9.51575	4.84408	12.0278	1.16	0.344154	-9999	-9999	-9999
7	20	22.6215	16.2442	20.9722	10.2874	10.4828	12.084	0	0.343072	-9999	-9999	-9999
7	21	25.7295	18.5603	23.7531	12.0464	11.7003	12.6792	0	0.339487	-9999	-9999	-9999
7	22	11.0254	16.6859	19.9639	14.0604	6.62292	13.1052	3.81	0.335198	-9999	-9999	-9999
7	23	21.3475	16.9716	20.5447	12.2692	6.83648	12.9989	0	0.330926	-9999	-9999	-9999
7	24	6.70306	14.1739	18.9617	11.803	3.46005	12.7801	6.4	0.327248	-9999	-9999	-9999
7	25	15.629	14.8386	18.2231	10.3832	5.98488	12.7016	1.21	0.328153	-9999	-9999	-9999
7	26	18.3481	13.3156	17.3094	8.61746	3.70839	12.2582	4.33	0.322794	-9999	-9999	-9999
7	27	25.6306	16.551	21.9907	10.7817	7.59145	12.3931	0.71	0.315952	-9999	-9999	-9999
7	28	8.49608	14.8262	17.2792	11.8065	2.00356	12.659	6.65	0.307397	-9999	-9999	-9999
7	29	5.91428	13.8346	15.3652	12.402	1.38745	12.6106	10.04	0.305737	-9999	-9999	-9999
7	30	15.2429	15.5524	18.7649	12.9599	4.33844	12.6726	4.01	0.324053	-9999	-9999	-9999
7	31	10.8429	14.8109	17.885	12.3034	2.54641	12.8314	1.33	0.322895	-9999	-9999	-9999
8	1	14.4171	15.4393	19.594	11.527	4.01209	12.7724	0	0.313344	-9999	-9999	-9999
8	2	16.509	15.1584	19.1272	11.5553	5.00176	12.8438	0	0.300401	-9999	-9999	-9999
8	3	15.5542	15.0467	18.8217	9.75039	5.40595	12.6632	0	0.292065	-9999	-9999	-9999
8	4	7.03987	13.6714	17.7569	10.2402	2.96218	12.4919	0	0.287351	-9999	-9999	-9999
8	5	19.1711	14.5752	18.9768	10.5879	4.63733	12.4283	1.14	0.283029	-9999	-9999	-9999
8	6	20.3636	15.7267	20.1222	10.2217	7.40053	12.4193	0	0.278034	-9999	-9999	-9999
8	7	10.4969	12.2949	16.7793	8.24008	1.12792	12.5578	6.13	0.274331	-9999	-9999	-9999
8	8	20.9919	13.0871	18.4498	6.52365	4.81939	12.2135	0	0.272618	-9999	-9999	-9999
8	9	17.1052	13.5656	17.4429	10.1846	4.13675	12.2488	1.25	0.267827	-9999	-9999	-9999
8	10	19.6559	13.8103	18.5543	8.59148	5.89931	11.9644	0	0.262808	-9999	-9999	-9999
8	11	21.5141	14.9564	19.9541	8.07559	7.21804	11.8807	0	0.257608	-9999	-9999	-9999
8	12	19.4046	15.676	21.0396	9.15265	8.24201	12.0196	0	0.252775	-9999	-9999	-9999
8	13	3.52461	12.3649	15.143	9.70843	1.64377	11.936	12.5	0.249879	-9999	-9999	-9999
8	14	7.19019	13.7953	17.1515	11.9635	1.93205	12.1463	1.05	0.252272	-9999	-9999	-9999
8	15	8.35251	13.7945	16.3913	11.6478	2.1576	12.3449	4.78	0.252186	-9999	-9999	-9999
8	16	17.1244	14.8398	19.4519	11.3316	5.04338	12.5348	0.64	0.251252	-9999	-9999	-9999
8	17	19.0804	14.4638	19.2199	9.45066	4.18145	12.314	2.26	0.248711	-9999	-9999	-9999
8	18	11.2595	14.4442	19.1139	10.1598	3.57509	12.5899	0	0.2466	-9999	-9999	-9999
8	19	9.31495	11.5939	14.6314	8.53408	3.2051	11.9304	0.47	0.243771	-9999	-9999	-9999
8	20	7.06999	12.1028	13.8328	8.13709	1.49474	11.6695	1.85	0.241694	-9999	-9999	-9999
8	21	4.13689	12.6417	14.4509	11.6753	0.438645	11.834	4.33	0.241625	-9999	-9999	-9999
8	22	9.5856	12.2179	15.8043	10.4495	1.33527	11.8448	0.7	0.241979	-9999	-9999	-9999
8	23	9.74731	12.2699	16.4903	10.5454	2.69956	11.8462	14.78	0.264787	-9999	-9999	-9999
8	24	7.10468	11.7564	14.1444	8.78662	2.12767	11.682	0.45	0.273277	-9999	-9999	-9999
8	25	15.5577	10.5622	14.2383	7.14307	3.77153	11.3063	0	0.271692	-9999	-9999	-9999
8	26	12.5442	10.7434	15.2398	6.06753	3.86506	10.8643	0	0.268352	-9999	-9999	-9999
8	27	4.47771	9.66826	12.3098	7.31454	1.59242	10.7217	15.44	0.267237	-9999	-9999	-9999
8	28	7.50317	10.5336	13.1017	9.47145	1.99072	10.861	3.07	0.30513	-9999	-9999	-9999
8	29	6.49603	10.6961	12.7939	9.3384	1.70889	11.088	0.27	0.314014	-9999	-9999	-9999
8	30	4.14023	11.1693	12.7703	9.72589	0.434348	11.0563	1.8	0.314787	-9999	-9999	-9999
8	31	4.28297	9.51857	10.8869	7.59755	0.225868	10.975	4.28	0.315631	-9999	-9999	-9999
9	1	8.11289	8.74181	11.9858	6.45732	1.75375	10.5427	0.28	0.316406	-9999	-9999	-9999
9	2	15.8117	10.3441	15.5771	6.03906	2.91078	10.2735	0.23	0.313012	-9999	-9999	-9999
9	3	17.8267	12.0167	18.3116	4.92961	5.90162	10.0151	0	0.30232	-9999	-9999	-9999
9	4	16.1416	11.5875	18.1343	5.02632	4.10646	10.0457	0	0.289387	-9999	-9999	-9999
9	5	10.8053	11.4077	16.6518	6.57608	2.67348	10.2398	0	0.283328	-9999	-9999	-9999
9	6	12.3312	11.5423	16.172	6.23759	3.09267	10.3661	0	0.278675	-9999	-9999	-9999
9	7	14.0048	12.8586	17.7104	8.24056	3.3781	10.5675	0	0.274767	-9999	-9999	-9999
9	8	9.01184	13.2823	19.658	7.81812	2.41192	10.7302	0	0.271662	-9999	-9999	-9999
9	9	4.01066	14.7887	17.3228	12.3773	1.22208	11.3189	1.52	0.269992	-9999	-9999	-9999
9	10	7.30542	15.7601	18.9998	13.1989	2.11014	11.8581	4.08	0.269123	-9999	-9999	-9999
9	11	8.23941	13.9794	17.742	11.4113	1.52125	11.9685	1.53	0.268275	-9999	-9999	-9999
9	12	13.0105	14.0799	18.7928	10.4167	4.15047	11.7029	2.09	0.266664	-9999	-9999	-9999
9	13	5.57473	13.757	17.4016	11.3804	1.55565	12.0163	6.07	0.268713	-9999	-9999	-9999
9	14	12.9061	14.2564	19.2089	10.8587	2.94207	11.8803	1.04	0.269866	-9999	-9999	-9999
9	15	2.67224	11.6486	13.3205	10.5911	0.537896	11.787	1.58	0.268966	-9999	-9999	-9999
9	16	2.56289	11.6116	12.7729	10.7463	0.250726	11.5033	5.72	0.269282	-9999	-9999	-9999
9	17	2.07189	11.2074	12.026	10.075	0.0596562	11.3588	22.28	0.292217	-9999	-9999	-9999
9	18	5.23006	11.8	14.4147	10.6042	1.52762	11.29	0.44	0.343926	-9999	-9999	-9999
9	19	2.70157	10.4451	11.704	9.35079	0.253744	10.653	1.24	0.347535	-9999	-9999	-9999
9	20	10.036	11.3163	14.7961	9.41506	1.23717	10.8384	0	0.345488	-9999	-9999	-9999
9	21	8.67256	13.0204	17.0467	10.8197	2.53267	10.973	0.08	0.343626	-9999	-9999	-9999
9	22	7.56169	13.2547	18.7019	9.51025	3.19971	11.0053	0	0.341995	-9999	-9999	-9999
9	23	12.5306	10.2172	14.6534	5.29488	3.68267	10.5542	0	0.340175	-9999	-9999	-9999
9	24	10.3906	11.4553	17.217	6.80804	3.43528	10.3637	0	0.337876	-9999	-9999	-9999
9	25	3.42734	5.90411	8.01263	4.20709	2.23437	9.76694	0	0.334299	-9999	-9999	-9999
9	26	4.51618	6.86917	9.17179	4.23832	1.60203	9.25049	3.26	0.333078	-9999	-9999	-9999
9	27	2.15485	9.0407	10.8468	7.21737	0.860966	9.51873	4.43	0.335188	-9999	-9999	-9999
9	28	3.32848	9.97225	11.4811	9.03314	0.514025	9.86227	0	0.336626	-9999	-9999	-9999
9	29	7.08079	9.45046	11.6987	6.792	2.30504	9.88059	0	0.335705	-9999	-9999	-9999
9	30	10.7947	6.21723	9.24852	1.91597	3.33944	9.24995	0.14	0.330185	-9999	-9999	-9999
10	1	3.96093	4.64726	7.15177	1.66017	2.52149	8.43618	0	0.327696	-9999	-9999	-9999
10	2	9.04283	4.1205	8.94669	-1.76366	2.18326	7.62746	0	0.32402	-9999	-9999	-9999
10	3	8.60092	5.91343	9.68796	1.5538	2.83535	7.52905	0.24	0.322826	-9999	-9999	-9999
10	4	9.92083	3.90183	9.03835	-1.54294	1.91295	6.92259	0	0.320304	-9999	-9999	-9999
10	5	3.25434	4.59558	8.47873	-0.894534	1.14845	6.69925	-9999	0.316463	-9999	-9999	-9999
10	6	8.75915	5.78665	9.00154	2.09856	3.12949	6.96893	-9999	0.310431	-9999	-9999	-9999
10	7	8.47411	4.6631	9.52567	0.0825	2.34147	6.43833	-9999	0.305058	-9999	-9999	-9999
10	8	2.83923	3.40402	6.75735	0.266174	1.17068	6.25401	-9999	0.302757	-9999	-9999	-9999
10	9	4.64104	5.25461	8.69005	0.316581	1.24075	6.28128	-9999	0.302498	-9999	-9999	-9999
10	10	1.81085	8.70254	10.3303	7.7667	0.722508	7.14603	0	0.303201	-9999	-9999	-9999
10	11	1.51565	6.7196	8.21701	4.41905	0.228668	7.55374	2.17	0.302505	-9999	-9999	-9999
10	12	1.42323	5.05316	6.31512	4.20266	0.26985	7.29926	8.6	0.308417	-9999	-9999	-9999
10	13	1.23179	5.95701	7.12239	4.47378	0.436482	7.13878	0	0.32145	-9999	-9999	-9999
10	14	3.81247	6.89606	10.2032	4.90886	1.07456	6.87091	5.13	0.323893	-9999	-9999	-9999
10	15	7.22002	5.98505	9.18358	2.91605	2.56103	6.86995	0	0.328596	-9999	-9999	-9999
10	16	6.82015	3.92736	7.96353	1.52389	3.37624	6.31119	0	0.325091	-9999	-9999	-9999
10	17	1.27391	2.53122	7.21678	-1.33952	0.383828	5.78519	16.1	0.324266	-9999	-9999	-9999
10	18	2.19259	3.99687	7.86838	0.210247	0.69593	6.10702	0	0.350394	-9999	-9999	-9999
10	19	4.67217	3.08637	6.64517	-1.01818	0.98116	5.58263	0	0.353775	-9999	-9999	-9999
10	20	4.24979	3.08803	5.36359	-1.23702	0.875588	5.87936	0	0.354077	-9999	-9999	-9999
10	21	5.20472	1.44889	4.77195	-2.28699	1.09059	5.19549	0	0.352368	-9999	-9999	-9999
10	22	1.24926	8.54067	11.9085	4.60327	0.154921	5.72701	0	0.350914	-9999	-9999	-9999
10	23	0.6103	11.4488	12.1358	8.60602	1.23896	7.09316	5.35	0.352178	-9999	-9999	-9999
10	24	5.94596	5.82257	9.49696	1.98741	2.33436	6.9636	0	0.353697	-9999	-9999	-9999
10	25	0.421833	7.51337	9.59375	1.64698	0.406926	6.62765	5.12	0.354594	-9999	-9999	-9999
10	26	0.99128	7.06594	8.94997	5.03831	0.644197	7.15296	2.92	0.355875	-9999	-9999	-9999
10	27	1.52345	4.71589	6.01292	3.51273	1.03067	6.83608	6.76	0.356342	-9999	-9999	-9999
10	28	2.2537	3.72656	5.34807	0.538934	0.425251	6.45302	0.08	0.357676	-9999	-9999	-9999
10	29	1.53832	2.30784	4.04435	0.127775	0.26745	6.01814	0.43	0.358922	-9999	-9999	-9999
10	30	2.09206	2.36782	5.00952	-0.532745	0.562906	5.64498	1.56	0.359535	-9999	-9999	-9999
10	31	3.89802	1.41376	5.78035	-1.09059	0.661982	5.07776	0.19	0.360048	-9999	-9999	-9999
11	1	1.92095	0.915638	2.67256	-0.622125	0.427854	5.04906	0.43	0.360324	-9999	-9999	-9999
11	2	1.89241	-0.302197	1.09682	-1.03531	0.384233	4.66177	12.1	0.360814	-9999	-9999	-9999
11	3	1.28773	-0.830128	0.293434	-1.90179	0.25615	4.16639	0.5	0.374776	-9999	-9999	-9999
11	4	2.13864	-1.40946	-0.107459	-2.5767	0.270383	3.95539	-9999	0.382236	-9999	-9999	-9999
11	5	3.15262	-1.54619	0.244157	-2.8176	0.492445	3.76303	-9999	0.380464	-9999	-9999	-9999
11	6	2.90139	-1.81982	0.622041	-3.89675	0.278145	3.43336	-9999	0.375821	-9999	-9999	-9999
11	7	3.32884	-3.35141	-1.2799	-5.01842	0.469664	3.22822	-9999	0.37248	-9999	-9999	-9999
11	8	3.76144	-4.58747	-2.09994	-6.4065	0.393589	2.83664	-9999	0.371563	-9999	-9999	-9999
11	9	1.76784	-4.91365	-2.54975	-6.83944	0.292723	2.5383	-9999	0.371109	-9999	-9999	-9999
11	10	0.927498	-0.72308	-0.043	-3.16908	0.265015	2.38732	-9999	0.370708	-9999	-9999	-9999
11	11	0.826208	-0.298762	0.0254	-0.5545	0.359427	2.496	-9999	0.370006	-9999	-9999	-9999
11	12	0.586178	-0.455747	0.275272	-1.07808	0.631791	2.63129	-9999	0.368803	-9999	-9999	-9999
11	13	0.692473	-0.227106	0.0814	-1.13949	0.171359	2.72452	-9999	0.3677	-9999	-9999	-9999
11	14	0.678361	-1.66774	-1.00578	-2.85927	0.233967	2.78215	-9999	0.367056	-9999	-9999	-9999
11	15	0.664132	-3.0661	-1.48759	-4.58996	0.342115	2.72064	-9999	0.364705	-9999	-9999	-9999
11	16	0.861067	-3.31161	-2.62767	-4.18817	0.511165	2.60424	-9999	0.363347	-9999	-9999	-9999
11	17	0.599593	-3.4947	-2.77212	-4.38057	0.415441	2.52499	-9999	0.36268	-9999	-9999	-9999
11	18	1.95352	-4.5296	-3.11707	-7.23694	0.279507	2.465	-9999	0.361994	-9999	-9999	-9999
11	19	1.62017	-5.38804	-2.80761	-7.92325	0.303537	2.31546	-9999	0.3609	-9999	-9999	-9999
11	20	2.21687	-9.10281	-6.68876	-11.4338	0.367093	2.14701	-9999	0.359787	-9999	-9999	-9999
11	21	1.4556	-2.88458	0.299948	-9.2804	0.460824	1.92303	-9999	0.35958	-9999	-9999	-9999
11	22	0.958196	0.0760485	1.238	-2.65382	1.33618	1.95184	-9999	0.358656	-9999	-9999	-9999
11	23	1.17867	-4.15498	-2.95504	-5.86585	0.669736	1.95123	-9999	0.357357	-9999	-9999	-9999
11	24	0.446421	-2.47401	-0.449342	-4.04995	0.200221	1.87173	-9999	0.35701	-9999	-9999	-9999
11	25	0.444413	-0.242033	0.935538	-0.860539	0.122986	1.93356	-9999	0.355553	-9999	-9999	-9999
11	26	0.242939	0.247807	0.755682	-1.76743	0.597161	2.0439	-9999	0.355134	-9999	-9999	-9999
11	27	0.379641	-0.531179	0.192349	-2.21907	0.123445	2.12105	-9999	0.354853	-9999	-9999	-9999
11	28	0.256004	-0.280044	-0.138148	-0.544288	0.0601875	2.18847	-9999	0.354548	-9999	-9999	-9999
11	29	0.232522	-0.226034	0.1131	-0.690859	0.0487425	2.23733	-9999	0.354415	-9999	-9999	-9999
11	30	0.848816	-0.360356	0.0617	-2.52357	0.0682923	2.26746	-9999	0.354367	-9999	-9999	-9999
12	1	0.502144	-1.33074	-0.336309	-2.74936	0.240998	2.27172	-9999	0.35439	-9999	-9999	-9999
12	2	0.404112	1.41466	2.70573	-1.14207	0.0591234	2.2697	-9999	0.354675	-9999	-9999	-9999
12	3	0.145315	0.368779	1.94119	-1.07215	0.283346	2.26456	-9999	0.364985	-9999	-9999	-9999
12	4	0.261736	-1.6778	-1.0996	-2.04232	0.230894	2.24896	-9999	0.367497	-9999	-9999	-9999
12	5	0.242735	-1.05488	-0.00772	-2.06125	0.217183	2.23355	-9999	0.36795	-9999	-9999	-9999
12	6	0.369363	-2.89079	-1.84585	-3.55929	0.329685	2.23085	-9999	0.368015	-9999	-9999	-9999
12	7	0.334539	-5.56432	-2.93097	-10.5901	0.491863	2.21091	-9999	0.367943	-9999	-9999	-9999
12	8	1.03013	-3.29569	-0.946849	-10.8381	0.374818	2.18523	-9999	0.367971	-9999	-9999	-9999
12	9	0.98229	-4.20813	-1.54412	-7.74309	0.345718	2.17198	-9999	0.368163	-9999	-9999	-9999
12	10	0.14808	-3.35221	-1.24985	-5.61931	0.240002	2.15256	-9999	0.368315	-9999	-9999	-9999
12	11	0.412056	-3.19675	-2.31898	-4.18854	0.349758	2.1476	-9999	0.368464	-9999	-9999	-9999
12	12	0.164578	-2.90307	-2.37101	-3.82757	0.402252	2.13324	-9999	0.368497	-9999	-9999	-9999
12	13	0.219195	-3.57205	-2.8594	-4.53792	0.237955	2.11834	-9999	0.368482	-9999	-9999	-9999
12	14	0.752945	-4.20928	-1.7689	-6.23091	0.264392	2.10299	-9999	0.368677	-9999	-9999	-9999
12	15	0.794956	2.24137	4.24877	-1.73367	0.557427	2.07018	-9999	0.37723	-9999	-9999	-9999
12	16	1.21664	2.11042	3.25986	-0.963556	1.68985	2.01952	-9999	0.38518	-9999	-9999	-9999
12	17	0.563773	3.86384	6.40556	-1.08996	0.938511	1.99708	-9999	0.385324	-9999	-9999	-9999
12	18	0.246256	5.04409	6.46582	3.60024	1.27056	1.92098	-9999	0.385317	-9999	-9999	-9999
12	19	0.613909	0.643411	3.56505	-2.29354	1.03356	1.9137	-9999	0.385252	-9999	-9999	-9999
12	20	0.670155	-3.46329	-2.18135	-5.46783	0.417754	1.87397	-9999	0.38536	-9999	-9999	-9999
12	21	0.581552	-6.68544	-3.03654	-10.9126	0.472288	1.73342	-9999	0.385873	-9999	-9999	-9999
12	22	1.10645	-10.0286	-5.42478	-12.4692	0.464777	1.5124	-9999	0.386126	-9999	-9999	-9999
12	23	0.462076	-3.9015	-1.2943	-5.30901	0.310107	1.2986	-9999	0.386442	-9999	-9999	-9999
12	24	0.258826	0.0861321	0.473072	-0.800311	0.0990448	1.25747	-9999	0.386133	-9999	-9999	-9999
12	25	0.139554	1.55155	2.95147	0.207961	0.242473	1.29426	-9999	0.385918	-9999	-9999	-9999
12	26	0.138332	0.525287	2.68238	-1.79145	0.250043	1.33807	-9999	0.38604	-9999	-9999	-9999
12	27	0.200921	-1.71344	-1.63421	-1.78666	0.488811	1.39399	-9999	0.385981	-9999	-9999	-9999
12	28	0.336867	2.2993	3.96561	-1.62407	0.862258	1.45438	-9999	0.386302	-9999	-9999	-9999
12	29	0.912687	1.08365	3.27737	-1.30587	1.3556	1.52217	-9999	0.386925	-9999	-9999	-9999
12	30	0.541455	-3.0596	-0.729838	-5.3093	0.507392	1.49783	-9999	0.387618	-9999	-9999	-9999
12	31	0.416072	0.0486125	0.962739	-1.7368	0.521625	1.42381	-9999	0.387631	-9999	-9999	-9999
