Month	n_days	Rg_f	Ta_f	Tmax	Tmin	VPD_f	Ts_f	Precip	SWC	LAI 	ET	LITTERFALL
1	1	3.389852	-2.423340	1.100890	-7.779670	1.232005	-9999	0.000000	-9999	-9999	-9999	-9999
1	2	2.935146	1.327330	4.927030	-1.742070	1.096213	-9999	0.006459	-9999	-9999	-9999	-9999
1	3	3.364226	1.582030	4.387300	-1.432840	0.739652	-9999	0.003189	-9999	-9999	-9999	-9999
1	4	1.633072	-0.872686	2.751770	-4.547740	0.400334	-9999	6.686630	-9999	-9999	-9999	-9999
1	5	3.552103	-3.458990	-0.442688	-6.844760	0.997343	-9999	0.039171	-9999	-9999	-9999	-9999
1	6	3.573400	-0.794042	3.125000	-4.010470	0.861583	-9999	0.000000	-9999	-9999	-9999	-9999
1	7	2.171871	2.761410	4.841160	-2.472630	0.730424	-9999	0.000000	-9999	-9999	-9999	-9999
1	8	2.929755	2.192070	4.375820	0.503777	0.553800	-9999	0.041103	-9999	-9999	-9999	-9999
1	9	2.750242	1.244010	3.827670	-1.690990	0.449169	-9999	0.661257	-9999	-9999	-9999	-9999
1	10	3.241676	0.105647	3.441990	-2.522440	0.358525	-9999	0.060108	-9999	-9999	-9999	-9999
1	11	3.844610	0.320460	3.104740	-3.124270	2.709511	-9999	0.000000	-9999	-9999	-9999	-9999
1	12	3.916875	1.245420	4.690640	-3.529400	3.683026	-9999	0.000000	-9999	-9999	-9999	-9999
1	13	2.421723	2.617090	6.404300	-0.982429	1.379886	-9999	0.015257	-9999	-9999	-9999	-9999
1	14	3.693842	1.424130	4.149320	-0.871101	0.654876	-9999	0.335903	-9999	-9999	-9999	-9999
1	15	1.452721	-1.100740	2.030400	-2.800000	0.318430	-9999	4.513250	-9999	-9999	-9999	-9999
1	16	3.336414	-3.401190	-0.871643	-5.622320	1.075568	-9999	0.239546	-9999	-9999	-9999	-9999
1	17	4.335293	-2.392340	-0.439941	-5.020450	2.557077	-9999	0.000000	-9999	-9999	-9999	-9999
1	18	4.181060	-2.211860	1.844390	-5.726480	1.012418	-9999	0.000000	-9999	-9999	-9999	-9999
1	19	2.808449	-2.765260	1.151730	-6.218970	0.448636	-9999	7.290140	-9999	-9999	-9999	-9999
1	20	4.473152	-7.072420	-3.332120	-9.918860	0.639561	-9999	0.045207	-9999	-9999	-9999	-9999
1	21	4.443803	-4.684090	-0.054566	-8.087840	0.750135	-9999	0.000000	-9999	-9999	-9999	-9999
1	22	4.514944	-2.097600	1.587800	-7.220830	1.405499	-9999	0.000000	-9999	-9999	-9999	-9999
1	23	4.635524	2.149870	6.741580	-1.676770	3.985328	-9999	0.000000	-9999	-9999	-9999	-9999
1	24	4.744198	1.778470	5.620670	-3.739390	2.326763	-9999	0.000000	-9999	-9999	-9999	-9999
1	25	4.645728	1.758230	4.661160	-1.720740	1.028062	-9999	0.000419	-9999	-9999	-9999	-9999
1	26	4.058761	2.232230	4.781950	0.208245	0.803999	-9999	0.978569	-9999	-9999	-9999	-9999
1	27	3.520308	0.570918	3.707950	-2.029820	0.757727	-9999	1.952920	-9999	-9999	-9999	-9999
1	28	4.431128	1.065940	4.041230	-2.676400	1.210849	-9999	0.058103	-9999	-9999	-9999	-9999
1	29	1.431320	2.998190	4.886510	0.652489	0.477953	-9999	4.433550	-9999	-9999	-9999	-9999
1	30	4.974221	3.069640	4.989870	1.437490	0.570455	-9999	1.221680	-9999	-9999	-9999	-9999
1	31	1.878241	-3.361030	3.365450	-7.158300	0.574277	-9999	4.911010	-9999	-9999	-9999	-9999
2	1	2.650553	-7.173470	-4.986910	-10.064200	0.458313	-9999	3.891870	-9999	-9999	-9999	-9999
2	2	3.902688	-6.050270	-2.868690	-8.204130	0.390010	-9999	2.373790	-9999	-9999	-9999	-9999
2	3	2.774157	-3.758890	-0.367651	-7.708590	0.338194	-9999	7.196570	-9999	-9999	-9999	-9999
2	4	5.922737	-3.548100	1.386680	-7.493250	0.927943	-9999	0.090634	-9999	-9999	-9999	-9999
2	5	6.080970	-1.379070	3.894800	-5.264560	1.481466	-9999	0.000000	-9999	-9999	-9999	-9999
2	6	6.167240	-1.578380	3.994130	-4.604730	1.240793	-9999	0.000000	-9999	-9999	-9999	-9999
2	7	6.386550	-2.194530	3.166190	-5.426510	1.232560	-9999	0.000000	-9999	-9999	-9999	-9999
2	8	4.058839	-1.670810	1.741540	-5.935210	0.446221	-9999	2.586120	-9999	-9999	-9999	-9999
2	9	6.490014	-0.248298	3.794700	-3.486420	0.931574	-9999	0.272303	-9999	-9999	-9999	-9999
2	10	6.555436	-0.861732	3.833310	-5.023220	0.894299	-9999	0.000000	-9999	-9999	-9999	-9999
2	11	6.720503	0.138695	4.782040	-5.280640	1.601342	-9999	0.000000	-9999	-9999	-9999	-9999
2	12	6.799974	0.646965	5.489280	-4.467710	1.781496	-9999	0.000000	-9999	-9999	-9999	-9999
2	13	7.010833	2.054370	6.174890	-1.272090	2.780614	-9999	0.000000	-9999	-9999	-9999	-9999
2	14	6.659937	0.512749	3.449120	-3.138000	1.402354	-9999	0.000000	-9999	-9999	-9999	-9999
2	15	7.202900	-0.203468	3.105650	-2.542080	1.028519	-9999	0.000000	-9999	-9999	-9999	-9999
2	16	7.444959	-0.366829	3.938680	-3.408200	1.040025	-9999	0.000000	-9999	-9999	-9999	-9999
2	17	7.671957	-1.697520	3.325040	-4.636020	1.096762	-9999	0.000000	-9999	-9999	-9999	-9999
2	18	7.806888	0.837212	4.989470	-4.237300	1.623362	-9999	0.000000	-9999	-9999	-9999	-9999
2	19	7.918543	-1.626290	3.034840	-5.387630	0.521784	-9999	0.000000	-9999	-9999	-9999	-9999
2	20	7.746711	-2.069710	2.957060	-7.272920	0.341699	-9999	0.069780	-9999	-9999	-9999	-9999
2	21	7.981097	-1.603100	2.980070	-4.937380	0.450454	-9999	0.021048	-9999	-9999	-9999	-9999
2	22	8.327275	-1.930180	2.980860	-6.421080	0.598040	-9999	0.000000	-9999	-9999	-9999	-9999
2	23	8.408387	0.680809	4.182280	-3.825100	1.004073	-9999	0.154657	-9999	-9999	-9999	-9999
2	24	8.254354	1.985860	4.651760	-0.086058	0.804841	-9999	3.914930	-9999	-9999	-9999	-9999
2	25	4.745373	-5.768900	2.230710	-8.654630	0.582413	-9999	5.680270	-9999	-9999	-9999	-9999
2	26	9.100685	-2.253180	3.241480	-10.537500	1.049655	-9999	0.167305	-9999	-9999	-9999	-9999
2	27	3.925757	2.054800	3.973630	-0.122100	0.768600	-9999	1.203250	-9999	-9999	-9999	-9999
2	28	3.763826	2.555020	4.795010	-0.141295	0.493374	-9999	4.633010	-9999	-9999	-9999	-9999
3	1	7.676839	4.476320	6.793080	2.687880	0.863910	-9999	0.317013	-9999	-9999	-9999	-9999
3	2	5.001739	2.741520	5.520710	-0.394460	0.306711	-9999	9.481520	-9999	-9999	-9999	-9999
3	3	7.987464	2.768650	6.223960	-1.028980	0.598015	-9999	0.714253	-9999	-9999	-9999	-9999
3	4	7.587303	2.890510	5.661150	0.879526	0.720774	-9999	7.642620	-9999	-9999	-9999	-9999
3	5	4.766057	2.322820	5.075770	-0.119497	0.833795	-9999	1.515590	-9999	-9999	-9999	-9999
3	6	10.116230	3.484680	5.952840	-0.718466	0.516940	-9999	0.000683	-9999	-9999	-9999	-9999
3	7	3.241011	3.103730	6.455770	0.607126	0.323183	-9999	4.682150	-9999	-9999	-9999	-9999
3	8	10.645689	0.650425	5.195460	-2.784110	1.321746	-9999	0.734639	-9999	-9999	-9999	-9999
3	9	11.060756	3.845860	8.360340	-2.688740	3.932196	-9999	0.000000	-9999	-9999	-9999	-9999
3	10	10.314173	6.911380	11.832800	2.048410	3.398083	-9999	0.000000	-9999	-9999	-9999	-9999
3	11	10.412410	7.146490	11.741500	4.488900	1.924636	-9999	0.000000	-9999	-9999	-9999	-9999
3	12	9.482659	7.700110	12.061700	4.585210	2.170111	-9999	0.000000	-9999	-9999	-9999	-9999
3	13	7.261635	8.070220	12.785500	5.067940	2.427139	-9999	0.000000	-9999	-9999	-9999	-9999
3	14	9.949392	7.676000	13.493200	3.931930	2.559759	-9999	0.000000	-9999	-9999	-9999	-9999
3	15	7.480331	7.812380	11.950300	3.961040	1.257603	-9999	4.408900	-9999	-9999	-9999	-9999
3	16	2.008454	4.462160	8.078240	1.428690	0.485603	-9999	5.444730	-9999	-9999	-9999	-9999
3	17	7.849950	0.489902	3.727470	-2.596030	1.130559	-9999	0.299909	-9999	-9999	-9999	-9999
3	18	11.734502	2.813450	8.390310	-3.119920	1.420284	-9999	0.000000	-9999	-9999	-9999	-9999
3	19	13.207795	7.434600	15.150800	0.915964	1.593542	-9999	0.000000	-9999	-9999	-9999	-9999
3	20	13.268449	8.397070	15.229700	3.743510	1.673304	-9999	0.051200	-9999	-9999	-9999	-9999
3	21	11.435817	7.089080	11.867500	3.356150	1.255904	-9999	0.396809	-9999	-9999	-9999	-9999
3	22	8.499453	7.343420	12.199400	3.656350	1.220995	-9999	7.814440	-9999	-9999	-9999	-9999
3	23	12.877661	8.207680	13.112300	3.293830	1.623344	-9999	2.022360	-9999	-9999	-9999	-9999
3	24	14.013389	7.687900	12.435300	2.923320	1.329816	-9999	8.949740	-9999	-9999	-9999	-9999
3	25	5.281520	-0.065090	5.212670	-4.222070	0.647081	-9999	20.785000	-9999	-9999	-9999	-9999
3	26	8.268964	-5.077140	-1.779400	-8.030840	0.646917	-9999	5.198230	-9999	-9999	-9999	-9999
3	27	11.046413	-1.286070	4.805780	-10.927200	1.017696	-9999	0.367879	-9999	-9999	-9999	-9999
3	28	13.547433	3.477150	7.806390	-2.633660	0.832955	-9999	1.760500	-9999	-9999	-9999	-9999
3	29	13.688266	4.439790	10.600500	0.112131	1.553612	-9999	4.668450	-9999	-9999	-9999	-9999
3	30	12.816748	1.828340	6.386010	-2.102290	1.020202	-9999	0.814862	-9999	-9999	-9999	-9999
3	31	9.536832	1.953130	5.290150	-0.813772	1.356158	-9999	5.668250	-9999	-9999	-9999	-9999
4	1	6.757672	0.541880	3.226350	-1.499120	0.953786	-9999	2.497440	-9999	-9999	-9999	-9999
4	2	7.639816	-0.574636	2.459380	-2.631510	1.059759	-9999	1.801080	-9999	-9999	-9999	-9999
4	3	16.479590	2.576640	8.890050	-4.048010	2.293844	-9999	0.007713	-9999	-9999	-9999	-9999
4	4	16.016227	5.391860	12.139300	0.473898	2.557228	-9999	0.000000	-9999	-9999	-9999	-9999
4	5	15.662159	6.822460	14.436100	1.941520	1.801134	-9999	0.000058	-9999	-9999	-9999	-9999
4	6	6.517610	3.891030	7.677520	1.250940	0.695656	-9999	6.824480	-9999	-9999	-9999	-9999
4	7	13.029811	3.899700	8.555700	0.864584	1.582176	-9999	1.639360	-9999	-9999	-9999	-9999
4	8	16.963085	8.344830	15.605600	1.947290	3.046866	-9999	0.000000	-9999	-9999	-9999	-9999
4	9	12.466224	7.712170	15.319600	2.763780	2.347562	-9999	0.000000	-9999	-9999	-9999	-9999
4	10	7.507927	7.682380	11.402400	2.426750	1.385925	-9999	0.826113	-9999	-9999	-9999	-9999
4	11	5.363513	5.169200	9.022370	2.083180	0.844304	-9999	7.933780	-9999	-9999	-9999	-9999
4	12	10.803715	5.451060	9.458130	0.983816	0.921468	-9999	4.586480	-9999	-9999	-9999	-9999
4	13	8.981626	8.706370	13.680200	4.178330	1.400052	-9999	1.741020	-9999	-9999	-9999	-9999
4	14	17.381002	10.462000	17.113000	5.169150	1.926228	-9999	0.000000	-9999	-9999	-9999	-9999
4	15	3.556354	5.092720	9.873720	0.600363	0.827901	-9999	4.750270	-9999	-9999	-9999	-9999
4	16	18.310838	3.764780	10.387600	-0.733164	1.995680	-9999	0.943402	-9999	-9999	-9999	-9999
4	17	18.321033	7.792860	14.740400	1.380670	2.053443	-9999	0.756278	-9999	-9999	-9999	-9999
4	18	6.648921	3.245070	7.240240	0.928060	1.044872	-9999	7.056070	-9999	-9999	-9999	-9999
4	19	13.564195	4.002150	8.338260	0.515493	1.798237	-9999	0.167133	-9999	-9999	-9999	-9999
4	20	13.542077	4.663400	10.092700	0.804220	1.525449	-9999	1.395800	-9999	-9999	-9999	-9999
4	21	8.282131	3.633860	7.367340	1.074300	0.807200	-9999	4.401130	-9999	-9999	-9999	-9999
4	22	7.830181	2.417060	5.902350	0.828085	0.210787	-9999	17.656000	-9999	-9999	-9999	-9999
4	23	11.552890	4.915930	10.074200	0.845724	1.421245	-9999	0.842999	-9999	-9999	-9999	-9999
4	24	18.638554	7.046580	12.715200	1.322010	1.637130	-9999	0.395233	-9999	-9999	-9999	-9999
4	25	15.348787	8.818670	13.310900	4.778250	1.786902	-9999	12.216800	-9999	-9999	-9999	-9999
4	26	10.315987	8.642130	13.343400	4.180810	2.356224	-9999	2.317020	-9999	-9999	-9999	-9999
4	27	7.924176	8.325330	12.832000	4.538350	1.615033	-9999	6.588370	-9999	-9999	-9999	-9999
4	28	16.738617	9.253460	14.892200	3.480700	2.605780	-9999	2.198010	-9999	-9999	-9999	-9999
4	29	8.393337	9.235730	13.632900	5.808680	1.389102	-9999	1.477790	-9999	-9999	-9999	-9999
4	30	5.292881	9.334360	12.369400	5.697320	1.027118	-9999	9.999880	-9999	-9999	-9999	-9999
5	1	10.423987	9.199580	13.433500	6.463510	1.363636	-9999	0.000798	-9999	-9999	-9999	-9999
5	2	6.150730	9.376890	13.383000	6.225100	1.317127	-9999	4.236530	-9999	-9999	-9999	-9999
5	3	4.913715	5.740470	10.027600	0.935463	0.783810	-9999	5.481310	-9999	-9999	-9999	-9999
5	4	10.490256	2.276790	6.579570	-1.774530	0.980388	-9999	12.934300	-9999	-9999	-9999	-9999
5	5	10.883203	0.679225	3.034530	-2.682490	0.602485	-9999	2.670040	-9999	-9999	-9999	-9999
5	6	20.440080	3.267940	7.543950	-1.280820	1.686526	-9999	0.510215	-9999	-9999	-9999	-9999
5	7	11.496211	3.003870	5.811750	0.909340	1.003912	-9999	7.217570	-9999	-9999	-9999	-9999
5	8	8.241100	2.430570	5.151100	-0.161736	1.223711	-9999	7.111540	-9999	-9999	-9999	-9999
5	9	8.866022	2.220550	6.122480	0.012489	0.391597	-9999	14.460900	-9999	-9999	-9999	-9999
5	10	8.778326	1.836450	3.979780	-0.491387	0.961832	-9999	3.543050	-9999	-9999	-9999	-9999
5	11	11.626762	3.529960	7.952040	-0.209526	0.618426	-9999	11.747200	-9999	-9999	-9999	-9999
5	12	9.125136	6.507590	10.848700	1.432530	0.761729	-9999	9.604920	-9999	-9999	-9999	-9999
5	13	6.393142	5.900450	9.248580	2.304940	1.503934	-9999	1.036680	-9999	-9999	-9999	-9999
5	14	16.649367	6.907100	12.190400	1.589150	2.018287	-9999	0.311430	-9999	-9999	-9999	-9999
5	15	16.442438	9.979850	15.425600	2.947030	2.632918	-9999	0.144293	-9999	-9999	-9999	-9999
5	16	7.711450	7.460320	12.101300	3.517070	1.315053	-9999	10.330800	-9999	-9999	-9999	-9999
5	17	13.482720	5.682250	9.865340	1.371130	1.958588	-9999	0.043485	-9999	-9999	-9999	-9999
5	18	22.051181	6.991940	12.026200	1.701270	2.633833	-9999	0.000000	-9999	-9999	-9999	-9999
5	19	23.482828	10.543900	17.365200	4.537150	4.041060	-9999	0.000000	-9999	-9999	-9999	-9999
5	20	22.338635	13.521200	21.075200	6.055000	4.092284	-9999	0.220413	-9999	-9999	-9999	-9999
5	21	22.073990	12.461400	20.693800	6.669380	3.658014	-9999	0.041231	-9999	-9999	-9999	-9999
5	22	10.959235	11.028800	15.800100	6.380710	2.228201	-9999	2.160790	-9999	-9999	-9999	-9999
5	23	8.332554	11.032800	14.473200	7.284980	1.866957	-9999	1.270080	-9999	-9999	-9999	-9999
5	24	21.211373	13.051100	18.216000	6.777350	2.818412	-9999	0.888127	-9999	-9999	-9999	-9999
5	25	6.642510	8.664000	12.055800	6.333290	1.473367	-9999	8.100900	-9999	-9999	-9999	-9999
5	26	13.831258	8.788230	14.297800	4.817790	2.323508	-9999	9.044840	-9999	-9999	-9999	-9999
5	27	10.279008	6.846310	10.407200	4.112280	1.253039	-9999	3.699350	-9999	-9999	-9999	-9999
5	28	15.618269	10.151500	14.692600	4.298840	1.917697	-9999	3.659840	-9999	-9999	-9999	-9999
5	29	9.129024	6.610010	10.532200	3.048260	1.768486	-9999	9.748100	-9999	-9999	-9999	-9999
5	30	8.617640	5.144740	8.195290	1.368930	0.999320	-9999	4.322940	-9999	-9999	-9999	-9999
5	31	9.089453	5.507690	8.458480	1.401800	1.195533	-9999	6.024000	-9999	-9999	-9999	-9999
6	1	14.266109	5.284860	8.778890	1.822790	1.496564	-9999	1.942770	-9999	-9999	-9999	-9999
6	2	16.099603	6.389690	10.899900	2.108490	1.935367	-9999	0.861709	-9999	-9999	-9999	-9999
6	3	12.894940	9.712560	14.059300	3.010470	2.326712	-9999	4.035360	-9999	-9999	-9999	-9999
6	4	3.825446	8.863130	11.125400	6.415870	0.516037	-9999	15.614500	-9999	-9999	-9999	-9999
6	5	9.838368	9.779910	13.572400	7.357790	1.364073	-9999	8.433040	-9999	-9999	-9999	-9999
6	6	6.764843	9.395880	13.232900	6.945250	1.055139	-9999	16.692300	-9999	-9999	-9999	-9999
6	7	7.833654	8.283510	11.097400	6.163390	1.590046	-9999	0.807333	-9999	-9999	-9999	-9999
6	8	23.205917	9.545320	14.205600	3.763800	2.756151	-9999	0.000000	-9999	-9999	-9999	-9999
6	9	23.297933	11.257200	17.918100	5.816010	2.916030	-9999	0.286124	-9999	-9999	-9999	-9999
6	10	20.007129	13.250800	18.708000	6.445620	3.146404	-9999	1.509430	-9999	-9999	-9999	-9999
6	11	12.796013	11.843600	16.555500	7.466520	2.369676	-9999	0.419812	-9999	-9999	-9999	-9999
6	12	10.091261	9.195290	14.261800	5.808170	1.696375	-9999	8.715800	-9999	-9999	-9999	-9999
6	13	6.596813	7.342720	10.219200	5.436740	0.716103	-9999	10.604700	-9999	-9999	-9999	-9999
6	14	5.592707	7.352120	10.169700	5.273930	0.889527	-9999	2.623880	-9999	-9999	-9999	-9999
6	15	20.725891	8.766700	13.003000	4.477180	3.082249	-9999	1.122350	-9999	-9999	-9999	-9999
6	16	6.092487	7.154460	10.029500	4.171570	1.176524	-9999	20.598200	-9999	-9999	-9999	-9999
6	17	5.495887	7.195590	9.491930	3.997190	0.921991	-9999	5.112810	-9999	-9999	-9999	-9999
6	18	5.308450	8.072480	10.867700	5.720740	0.948667	-9999	25.035600	-9999	-9999	-9999	-9999
6	19	6.291501	7.508120	9.827380	5.129490	1.200448	-9999	7.832780	-9999	-9999	-9999	-9999
6	20	13.117767	10.011600	14.564600	5.314210	1.794730	-9999	1.429730	-9999	-9999	-9999	-9999
6	21	18.178387	12.017500	16.615400	6.965000	2.458417	-9999	0.425138	-9999	-9999	-9999	-9999
6	22	23.443950	14.188000	21.325800	6.876830	3.419562	-9999	0.000000	-9999	-9999	-9999	-9999
6	23	14.645060	14.306400	19.364900	8.814240	2.908628	-9999	0.474642	-9999	-9999	-9999	-9999
6	24	8.646221	13.093100	16.156800	9.774970	1.857297	-9999	1.352400	-9999	-9999	-9999	-9999
6	25	9.969437	13.804200	17.196000	10.279600	1.756427	-9999	2.617990	-9999	-9999	-9999	-9999
6	26	20.366899	15.955500	21.971900	10.074900	4.030603	-9999	0.519746	-9999	-9999	-9999	-9999
6	27	8.294020	13.741600	18.651900	10.681400	1.172347	-9999	9.605920	-9999	-9999	-9999	-9999
6	28	12.798951	13.692500	17.490600	10.324200	1.398458	-9999	7.340390	-9999	-9999	-9999	-9999
6	29	13.964745	13.447400	17.559400	10.310300	2.212260	-9999	0.045081	-9999	-9999	-9999	-9999
6	30	24.024384	14.890400	21.180100	9.652960	3.785538	-9999	0.000000	-9999	-9999	-9999	-9999
7	1	23.922258	17.434500	24.631400	10.326800	4.218901	-9999	0.000000	-9999	-9999	-9999	-9999
7	2	21.733920	18.614400	25.958100	11.767600	4.908820	-9999	1.260410	-9999	-9999	-9999	-9999
7	3	23.311151	18.147800	24.774900	12.854600	4.281595	-9999	0.000000	-9999	-9999	-9999	-9999
7	4	24.161327	19.577400	27.232100	12.488200	6.349261	-9999	0.000000	-9999	-9999	-9999	-9999
7	5	24.214810	21.056000	28.986500	13.308400	6.874318	-9999	0.000000	-9999	-9999	-9999	-9999
7	6	4.980873	15.104400	18.687300	11.880600	1.814921	-9999	4.510790	-9999	-9999	-9999	-9999
7	7	18.776967	15.843300	21.427000	11.131000	3.658749	-9999	1.657730	-9999	-9999	-9999	-9999
7	8	11.207290	12.647200	16.752500	9.311370	2.142394	-9999	11.714400	-9999	-9999	-9999	-9999
7	9	12.625200	13.500200	17.792500	7.814000	2.054307	-9999	0.810260	-9999	-9999	-9999	-9999
7	10	12.440131	15.067000	19.270200	10.220000	3.313229	-9999	7.365630	-9999	-9999	-9999	-9999
7	11	8.666438	8.508590	12.296900	6.573880	1.502367	-9999	10.799500	-9999	-9999	-9999	-9999
7	12	11.628921	8.845110	12.994500	5.298580	1.591643	-9999	5.130850	-9999	-9999	-9999	-9999
7	13	16.280956	12.605600	18.609400	4.685640	3.118304	-9999	0.772807	-9999	-9999	-9999	-9999
7	14	5.236307	11.894600	16.544000	8.685090	1.263697	-9999	21.551300	-9999	-9999	-9999	-9999
7	15	15.166742	10.875700	14.465200	8.289310	2.044122	-9999	4.285170	-9999	-9999	-9999	-9999
7	16	15.698189	10.505100	14.971700	6.143680	2.500057	-9999	0.017191	-9999	-9999	-9999	-9999
7	17	23.959064	13.995100	20.271000	5.769380	5.278145	-9999	0.000000	-9999	-9999	-9999	-9999
7	18	19.612713	15.746200	23.375800	9.640660	3.762095	-9999	0.226701	-9999	-9999	-9999	-9999
7	19	16.283808	16.123100	22.812000	11.436700	3.989786	-9999	1.845000	-9999	-9999	-9999	-9999
7	20	12.533962	12.996400	17.684500	10.028000	1.988548	-9999	3.305670	-9999	-9999	-9999	-9999
7	21	19.651939	16.031400	23.872100	9.396240	3.679656	-9999	13.405500	-9999	-9999	-9999	-9999
7	22	12.114576	10.808100	14.599000	8.213110	2.209442	-9999	1.897290	-9999	-9999	-9999	-9999
7	23	8.312812	9.045910	11.647900	6.913060	1.450831	-9999	18.829500	-9999	-9999	-9999	-9999
7	24	15.014074	8.560380	13.546800	4.659240	1.806328	-9999	3.016770	-9999	-9999	-9999	-9999
7	25	23.399972	12.922300	19.081900	4.583100	4.399570	-9999	0.000000	-9999	-9999	-9999	-9999
7	26	14.637629	14.470700	19.983800	9.490170	3.410642	-9999	0.275792	-9999	-9999	-9999	-9999
7	27	21.480249	17.931100	25.007200	10.085500	5.237464	-9999	0.000000	-9999	-9999	-9999	-9999
7	28	15.544742	18.499700	24.382200	13.180600	3.664475	-9999	0.870935	-9999	-9999	-9999	-9999
7	29	12.768106	13.170400	17.356600	9.088260	2.428033	-9999	2.548850	-9999	-9999	-9999	-9999
7	30	22.215858	16.633600	24.541700	8.581570	4.145129	-9999	0.000000	-9999	-9999	-9999	-9999
7	31	20.353334	18.633400	27.456400	12.270400	3.940261	-9999	31.904700	-9999	-9999	-9999	-9999
8	1	1.168050	10.400600	15.004900	8.518200	0.973128	-9999	11.481500	-9999	-9999	-9999	-9999
8	2	3.841206	9.185250	12.282900	6.249220	1.290716	-9999	9.977600	-9999	-9999	-9999	-9999
8	3	6.370946	9.077680	11.826000	6.210280	1.765903	-9999	4.355210	-9999	-9999	-9999	-9999
8	4	12.857962	8.465710	11.563500	5.658400	2.042229	-9999	5.382800	-9999	-9999	-9999	-9999
8	5	9.838541	9.525980	15.172900	5.271900	1.786808	-9999	12.401700	-9999	-9999	-9999	-9999
8	6	11.231913	6.125320	9.168680	2.644420	1.447414	-9999	7.302290	-9999	-9999	-9999	-9999
8	7	11.521699	8.630530	11.982300	2.617080	1.934823	-9999	3.310090	-9999	-9999	-9999	-9999
8	8	7.980405	10.899000	15.910000	7.024000	1.696315	-9999	18.660700	-9999	-9999	-9999	-9999
8	9	6.384027	5.938850	9.152690	3.622540	0.700242	-9999	37.142900	-9999	-9999	-9999	-9999
8	10	4.299515	9.308730	12.085700	4.485790	0.672378	-9999	49.374000	-9999	-9999	-9999	-9999
8	11	5.468558	10.054600	13.360100	7.148270	1.411981	-9999	1.215160	-9999	-9999	-9999	-9999
8	12	11.762151	11.042700	14.589800	7.784040	1.581956	-9999	5.746100	-9999	-9999	-9999	-9999
8	13	13.312339	11.683900	17.071000	7.865950	1.948117	-9999	0.008718	-9999	-9999	-9999	-9999
8	14	19.567094	13.119500	18.953300	7.098710	2.217584	-9999	0.013633	-9999	-9999	-9999	-9999
8	15	8.282148	11.089100	15.536300	7.961470	1.052937	-9999	1.544970	-9999	-9999	-9999	-9999
8	16	6.541223	10.105900	14.060300	7.469130	1.454753	-9999	2.798230	-9999	-9999	-9999	-9999
8	17	20.101479	10.603800	15.612900	5.794600	2.757895	-9999	0.006618	-9999	-9999	-9999	-9999
8	18	20.305987	14.653000	21.245400	8.050160	7.454556	-9999	0.000000	-9999	-9999	-9999	-9999
8	19	19.860164	17.298200	26.263000	11.463100	5.697730	-9999	0.000000	-9999	-9999	-9999	-9999
8	20	19.302279	18.878600	25.769600	12.049300	5.529776	-9999	0.221586	-9999	-9999	-9999	-9999
8	21	5.382469	15.483900	18.545300	12.464300	1.559215	-9999	0.299867	-9999	-9999	-9999	-9999
8	22	18.809539	18.138800	25.473400	11.204200	4.361718	-9999	0.000000	-9999	-9999	-9999	-9999
8	23	18.827597	20.311100	26.971500	14.324300	5.588405	-9999	0.000000	-9999	-9999	-9999	-9999
8	24	17.425151	19.951500	26.696000	15.266200	5.450779	-9999	0.000000	-9999	-9999	-9999	-9999
8	25	18.240768	20.913800	28.508400	15.041000	5.526108	-9999	0.000000	-9999	-9999	-9999	-9999
8	26	18.252691	21.520500	30.816600	16.146900	7.407331	-9999	0.000000	-9999	-9999	-9999	-9999
8	27	18.228154	20.629200	29.056300	15.103800	6.804934	-9999	0.000000	-9999	-9999	-9999	-9999
8	28	17.782762	20.845100	30.341200	14.162200	10.820115	-9999	0.000000	-9999	-9999	-9999	-9999
8	29	7.270335	16.910600	21.773200	13.870800	3.384672	-9999	40.622600	-9999	-9999	-9999	-9999
8	30	4.366967	11.367500	15.940500	7.502640	1.873931	-9999	8.475120	-9999	-9999	-9999	-9999
8	31	16.668633	8.693710	13.939900	4.244130	2.335034	-9999	0.000000	-9999	-9999	-9999	-9999
9	1	17.752954	8.655780	16.192200	2.710060	3.402810	-9999	0.000000	-9999	-9999	-9999	-9999
9	2	17.635709	12.683600	20.875600	4.126960	6.476721	-9999	0.000000	-9999	-9999	-9999	-9999
9	3	17.007754	17.246800	24.823500	10.847000	7.271024	-9999	0.000000	-9999	-9999	-9999	-9999
9	4	16.207776	18.618100	26.194400	13.428700	8.482329	-9999	0.000000	-9999	-9999	-9999	-9999
9	5	12.124425	19.123200	26.670900	13.449200	8.707888	-9999	0.000000	-9999	-9999	-9999	-9999
9	6	12.942979	16.064700	23.417800	12.115700	4.183078	-9999	0.215070	-9999	-9999	-9999	-9999
9	7	15.968880	16.244900	23.293000	11.053800	4.554851	-9999	0.000000	-9999	-9999	-9999	-9999
9	8	7.734346	13.203200	18.625100	8.076580	2.227224	-9999	6.757320	-9999	-9999	-9999	-9999
9	9	6.261408	8.551440	11.376400	5.632550	1.625974	-9999	11.666500	-9999	-9999	-9999	-9999
9	10	4.951653	9.360640	12.124900	5.135870	1.439318	-9999	12.814800	-9999	-9999	-9999	-9999
9	11	5.422861	8.102740	15.164600	1.879590	1.074446	-9999	15.207500	-9999	-9999	-9999	-9999
9	12	11.132899	8.496260	12.477100	1.248450	1.893804	-9999	10.810200	-9999	-9999	-9999	-9999
9	13	7.039042	6.609760	8.817810	4.741220	1.710048	-9999	2.743360	-9999	-9999	-9999	-9999
9	14	5.381277	5.969800	9.410680	1.023940	1.080861	-9999	13.472400	-9999	-9999	-9999	-9999
9	15	5.054383	2.743120	4.828920	0.925791	0.812267	-9999	10.664100	-9999	-9999	-9999	-9999
9	16	7.020475	3.392200	6.569120	0.884501	0.366936	-9999	13.030500	-9999	-9999	-9999	-9999
9	17	5.363937	4.367240	8.196870	1.254100	0.729863	-9999	2.942750	-9999	-9999	-9999	-9999
9	18	10.250755	8.011580	12.995100	1.963970	1.886865	-9999	3.879070	-9999	-9999	-9999	-9999
9	19	7.579915	7.768940	11.912700	3.364390	1.608168	-9999	0.348640	-9999	-9999	-9999	-9999
9	20	12.228452	8.121230	14.070600	2.540020	2.185860	-9999	0.340758	-9999	-9999	-9999	-9999
9	21	13.259030	9.109330	15.187500	4.507240	2.117643	-9999	0.069112	-9999	-9999	-9999	-9999
9	22	7.057697	10.683100	14.579300	5.221320	1.290742	-9999	0.712839	-9999	-9999	-9999	-9999
9	23	9.719049	12.941400	17.131300	8.874120	2.115255	-9999	0.495573	-9999	-9999	-9999	-9999
9	24	8.401251	12.964700	16.853100	9.853770	2.209206	-9999	0.368343	-9999	-9999	-9999	-9999
9	25	11.026022	14.128600	19.097100	9.587440	2.678680	-9999	0.415131	-9999	-9999	-9999	-9999
9	26	9.033897	15.380000	19.970000	11.825100	3.734392	-9999	0.168691	-9999	-9999	-9999	-9999
9	27	12.585542	16.392000	24.139600	12.052900	4.524181	-9999	0.000000	-9999	-9999	-9999	-9999
9	28	12.370493	15.594000	23.031400	11.335500	3.641161	-9999	0.000000	-9999	-9999	-9999	-9999
9	29	8.263313	15.039400	20.068900	10.500500	2.935832	-9999	0.262690	-9999	-9999	-9999	-9999
9	30	10.751011	14.549200	19.957700	10.694100	2.240242	-9999	0.000000	-9999	-9999	-9999	-9999
10	1	9.528970	16.395300	22.365400	11.317300	2.872806	-9999	8.927540	-9999	-9999	-9999	-9999
10	2	4.606606	8.928300	19.272700	2.308620	1.482600	-9999	2.249530	-9999	-9999	-9999	-9999
10	3	7.265687	4.473860	8.754040	1.468470	1.214399	-9999	1.550450	-9999	-9999	-9999	-9999
10	4	7.006375	4.796460	8.544940	1.373750	0.957600	-9999	0.044643	-9999	-9999	-9999	-9999
10	5	11.358490	7.033000	12.849800	1.641360	1.941364	-9999	0.000000	-9999	-9999	-9999	-9999
10	6	10.737015	7.244060	13.851500	1.680940	1.828452	-9999	1.867510	-9999	-9999	-9999	-9999
10	7	10.146730	2.424090	6.469990	-0.661195	1.697718	-9999	0.885836	-9999	-9999	-9999	-9999
10	8	10.985587	6.756940	11.888100	-0.632295	2.893744	-9999	0.000000	-9999	-9999	-9999	-9999
10	9	10.635149	10.145400	16.652400	5.503480	3.847826	-9999	0.000000	-9999	-9999	-9999	-9999
10	10	10.225094	11.074400	18.944100	6.128110	3.624528	-9999	0.000000	-9999	-9999	-9999	-9999
10	11	10.135411	11.769000	18.870200	5.543390	3.911300	-9999	0.000000	-9999	-9999	-9999	-9999
10	12	9.843466	15.215400	21.453100	8.844210	4.018257	-9999	0.000000	-9999	-9999	-9999	-9999
10	13	8.381094	16.443100	22.110000	12.670000	3.070053	-9999	0.299866	-9999	-9999	-9999	-9999
10	14	7.917039	15.114200	20.900400	10.820200	3.443303	-9999	0.504599	-9999	-9999	-9999	-9999
10	15	9.369475	15.355300	23.225700	10.497900	4.644876	-9999	0.000000	-9999	-9999	-9999	-9999
10	16	9.307959	14.618800	22.893200	9.677310	5.073230	-9999	0.000000	-9999	-9999	-9999	-9999
10	17	8.962185	14.465100	22.074800	9.546360	4.282968	-9999	0.000000	-9999	-9999	-9999	-9999
10	18	6.810109	13.188400	18.794500	9.012300	2.174023	-9999	2.559870	-9999	-9999	-9999	-9999
10	19	4.082625	11.536600	17.063500	7.511660	1.123844	-9999	3.701840	-9999	-9999	-9999	-9999
10	20	2.801969	8.028240	13.321100	4.099030	1.398157	-9999	2.634910	-9999	-9999	-9999	-9999
10	21	4.903191	6.138780	9.150250	3.201960	1.422045	-9999	2.472170	-9999	-9999	-9999	-9999
10	22	7.328681	10.163100	16.947600	4.377260	3.532077	-9999	0.000000	-9999	-9999	-9999	-9999
10	23	3.518865	7.051680	10.101400	4.193140	1.306349	-9999	4.916280	-9999	-9999	-9999	-9999
10	24	2.821919	4.233440	7.081500	2.053310	0.732877	-9999	8.827810	-9999	-9999	-9999	-9999
10	25	2.988602	7.010880	11.569600	2.008020	0.768286	-9999	8.969800	-9999	-9999	-9999	-9999
10	26	1.659286	4.259020	8.646680	1.177580	1.089607	-9999	6.045480	-9999	-9999	-9999	-9999
10	27	3.209552	1.538340	4.234880	-1.862790	0.621542	-9999	5.249990	-9999	-9999	-9999	-9999
10	28	3.949914	-1.052930	1.862930	-4.049650	0.730126	-9999	0.399918	-9999	-9999	-9999	-9999
10	29	5.724328	-0.061785	3.131970	-4.049440	0.737673	-9999	0.805068	-9999	-9999	-9999	-9999
10	30	5.033733	1.197920	4.698440	-2.687750	0.572101	-9999	2.141220	-9999	-9999	-9999	-9999
10	31	3.833257	1.052050	4.399090	-2.803770	0.810708	-9999	1.724140	-9999	-9999	-9999	-9999
11	1	6.804311	2.224610	5.143300	-2.191150	2.617149	-9999	0.000000	-9999	-9999	-9999	-9999
11	2	6.852980	4.109800	7.990100	0.457801	2.678904	-9999	0.000000	-9999	-9999	-9999	-9999
11	3	6.877000	5.594300	10.217200	3.191290	2.985042	-9999	0.000000	-9999	-9999	-9999	-9999
11	4	4.636976	5.280640	7.953110	2.942820	1.729797	-9999	0.444322	-9999	-9999	-9999	-9999
11	5	1.587825	4.939790	7.319810	2.294110	0.210187	-9999	5.652110	-9999	-9999	-9999	-9999
11	6	3.815536	4.530030	7.951280	2.293920	1.027180	-9999	0.393438	-9999	-9999	-9999	-9999
11	7	3.179252	3.028410	6.185540	0.358986	0.666814	-9999	0.018314	-9999	-9999	-9999	-9999
11	8	6.099053	2.102140	5.957050	-0.119377	0.780169	-9999	0.000000	-9999	-9999	-9999	-9999
11	9	5.836026	1.594360	6.127610	-1.133510	1.060045	-9999	0.000000	-9999	-9999	-9999	-9999
11	10	5.383731	1.719240	5.169880	-2.036550	1.244623	-9999	0.013968	-9999	-9999	-9999	-9999
11	11	5.714306	0.886902	5.188280	-1.844630	1.065995	-9999	0.000082	-9999	-9999	-9999	-9999
11	12	3.182285	2.816530	5.105430	-1.461690	0.982686	-9999	0.801291	-9999	-9999	-9999	-9999
11	13	4.655578	4.830750	9.358330	2.109020	0.940701	-9999	0.000355	-9999	-9999	-9999	-9999
11	14	3.961915	5.233920	9.587730	2.080700	0.726659	-9999	0.254916	-9999	-9999	-9999	-9999
11	15	3.595994	5.569890	9.504200	2.267370	0.803025	-9999	3.690340	-9999	-9999	-9999	-9999
11	16	3.160788	2.656010	5.295710	1.322520	0.715917	-9999	4.983140	-9999	-9999	-9999	-9999
11	17	4.613907	4.003360	7.477220	1.457560	1.005606	-9999	1.357240	-9999	-9999	-9999	-9999
11	18	5.110932	5.213780	7.819390	2.465610	1.373459	-9999	0.719065	-9999	-9999	-9999	-9999
11	19	4.384982	7.234280	9.971240	4.340400	1.370891	-9999	25.825300	-9999	-9999	-9999	-9999
11	20	4.536095	5.287840	8.794850	1.907170	1.899517	-9999	1.699700	-9999	-9999	-9999	-9999
11	21	4.867422	2.386260	5.738700	0.420326	0.920969	-9999	0.000000	-9999	-9999	-9999	-9999
11	22	2.423416	1.661930	3.772080	-0.267662	0.695395	-9999	2.995020	-9999	-9999	-9999	-9999
11	23	2.205187	-1.469730	2.205620	-4.361530	0.678828	-9999	2.671920	-9999	-9999	-9999	-9999
11	24	3.607710	-5.419400	-2.111730	-8.909260	0.756474	-9999	0.283541	-9999	-9999	-9999	-9999
11	25	4.186737	-5.813080	-1.337080	-8.400930	0.832529	-9999	0.479380	-9999	-9999	-9999	-9999
11	26	4.444070	-6.879120	-2.839460	-10.101800	0.946715	-9999	0.000084	-9999	-9999	-9999	-9999
11	27	2.855693	-7.759700	-3.345380	-11.177800	0.600897	-9999	4.581710	-9999	-9999	-9999	-9999
11	28	3.279528	-11.494000	-8.834360	-13.744500	0.455968	-9999	0.979342	-9999	-9999	-9999	-9999
11	29	3.160892	-7.131230	-1.831400	-12.781200	0.421598	-9999	2.556360	-9999	-9999	-9999	-9999
11	30	3.854434	1.888180	6.930530	-9.244650	2.299680	-9999	0.000000	-9999	-9999	-9999	-9999
12	1	3.429052	4.143280	6.564670	0.942897	1.815716	-9999	0.008139	-9999	-9999	-9999	-9999
12	2	3.013624	3.246090	4.917210	1.549490	0.965723	-9999	0.431647	-9999	-9999	-9999	-9999
12	3	3.330081	6.913940	10.388600	2.484800	1.828618	-9999	1.218090	-9999	-9999	-9999	-9999
12	4	1.453982	3.780210	10.511200	0.849818	0.784671	-9999	7.973770	-9999	-9999	-9999	-9999
12	5	1.872979	-0.894323	2.360320	-3.337930	1.014859	-9999	2.170080	-9999	-9999	-9999	-9999
12	6	3.735331	-0.924627	2.439700	-3.720710	0.859723	-9999	0.285452	-9999	-9999	-9999	-9999
12	7	3.770461	-2.756320	2.010560	-5.173710	0.820237	-9999	0.006298	-9999	-9999	-9999	-9999
12	8	2.635615	-2.538880	0.576691	-5.035340	0.776107	-9999	0.264558	-9999	-9999	-9999	-9999
12	9	2.198664	-6.028540	-3.319610	-9.407350	0.447128	-9999	6.078220	-9999	-9999	-9999	-9999
12	10	2.426967	-11.287500	-7.227390	-16.943800	0.298147	-9999	1.647800	-9999	-9999	-9999	-9999
12	11	3.580001	-10.748100	-4.373690	-16.513400	0.794524	-9999	0.000000	-9999	-9999	-9999	-9999
12	12	3.493636	-6.984380	-1.444850	-12.581200	0.781951	-9999	0.000000	-9999	-9999	-9999	-9999
12	13	3.534045	-3.283150	4.195220	-7.184580	2.963299	-9999	0.000000	-9999	-9999	-9999	-9999
12	14	3.476641	-3.162660	1.829100	-7.770020	1.779971	-9999	0.000000	-9999	-9999	-9999	-9999
12	15	3.375484	-1.245980	3.317870	-3.700570	1.433355	-9999	0.000000	-9999	-9999	-9999	-9999
12	16	3.494224	-1.459870	2.809910	-3.355960	1.530792	-9999	0.000000	-9999	-9999	-9999	-9999
12	17	3.408385	-1.130440	3.322360	-3.602300	1.493489	-9999	0.000000	-9999	-9999	-9999	-9999
12	18	2.925426	-0.244176	3.760770	-3.615730	1.249783	-9999	0.000000	-9999	-9999	-9999	-9999
12	19	3.346350	-0.149968	4.261510	-2.164190	1.880537	-9999	0.000000	-9999	-9999	-9999	-9999
12	20	2.812882	-1.496130	1.539980	-3.304050	0.566704	-9999	2.591520	-9999	-9999	-9999	-9999
12	21	3.402285	-3.697910	0.061584	-7.104410	1.469988	-9999	0.012642	-9999	-9999	-9999	-9999
12	22	2.626577	-3.956700	-0.126251	-7.407110	0.770274	-9999	0.421846	-9999	-9999	-9999	-9999
12	23	3.389826	-7.202400	-2.215700	-9.898960	0.742128	-9999	0.076230	-9999	-9999	-9999	-9999
12	24	3.504323	-5.487220	-0.832733	-9.086550	1.432429	-9999	0.000000	-9999	-9999	-9999	-9999
12	25	3.142973	-7.267430	-2.363950	-9.988960	1.344995	-9999	0.000000	-9999	-9999	-9999	-9999
12	26	3.473539	-8.277230	-3.838990	-11.341200	0.876622	-9999	0.000000	-9999	-9999	-9999	-9999
12	27	3.464830	-7.785100	-4.355220	-10.331300	0.854843	-9999	0.889533	-9999	-9999	-9999	-9999
12	28	3.207790	-6.566440	-3.823180	-8.819830	1.182220	-9999	0.456668	-9999	-9999	-9999	-9999
12	29	3.257695	-4.555670	0.013641	-7.465830	1.105797	-9999	0.000000	-9999	-9999	-9999	-9999
12	30	3.338323	-1.633490	1.735750	-6.322640	0.819893	-9999	0.000000	-9999	-9999	-9999	-9999
12	31	3.129140	0.488337	5.235960	-1.719430	1.736029	-9999	0.000000	-9999	-9999	-9999	-9999
