Month	n_days	Rg_f	Ta_f	Tmax	Tmin	VPD_f	Ts_f	Precip	SWC	LAI	ET	Litterfall
1	1	1.71837	9.03376	12.26	5.51975	3.39082	8.84625	5.97	21.0852	-9999	-9999	-9999
1	2	2.36822	6.78951	10.29	3.985	2.82185	8.59083	18.308	21.7933	-9999	-9999	-9999
1	3	4.53434	5.46569	8.72	2.356	2.63428	8.17958	3.383	21.856	-9999	-9999	-9999
1	4	2.89392	5.01994	8.17	2.21	3.26581	7.59208	0.398	21.8248	-9999	-9999	-9999
1	5	7.44865	5.63758	11.89	2.451	4.10247	7.34333	0	21.7846	-9999	-9999	-9999
1	6	7.68008	4.98568	11.07	1.321	3.3461	7.00123	0	21.745	-9999	-9999	-9999
1	7	7.74771	4.46918	10.51	0.505	3.4778	6.54679	0	21.9079	-9999	-9999	-9999
1	8	7.10019	4.68289	10.69	1.09	3.76689	6.38471	0	21.8002	-9999	-9999	-9999
1	9	7.9705	4.72023	10.89	0.251	3.53479	6.46117	0	21.609	-9999	-9999	-9999
1	10	7.69145	4.98603	9.64	3.23251	3.66576	6.93381	0	20.876	-9999	-9999	-9999
1	11	7.11571	4.77698	9.21144	2.98049	3.71454	6.77757	0	20.8779	-9999	-9999	-9999
1	12	7.36745	4.47259	10.535	0.478	3.7462	6.35739	-9999	-9999	-9999	-9999	-9999
1	13	7.65948	3.73939	9.67229	0.856176	3.38263	6.36702	-9999	-9999	-9999	-9999	-9999
1	14	8.32441	4.47687	10.1317	2.11837	3.88003	6.29362	0	21.5431	-9999	-9999	-9999
1	15	4.67046	3.97453	10.655	0.554667	3.35322	6.2301	0	21.5065	-9999	-9999	-9999
1	16	4.72291	5.5026	10.3723	0.2845	2.95323	6.95247	0	21.444	-9999	-9999	-9999
1	17	4.50008	6.66881	9.38923	3.2911	3.20765	6.83662	-9999	-9999	-9999	-9999	-9999
1	18	4.47695	7.85508	11.6343	4.61785	3.09469	6.68567	-9999	-9999	-9999	-9999	-9999
1	19	4.47695	8.05759	12.17	3.806	2.69321	6.93459	-9999	-9999	-9999	-9999	-9999
1	20	5.53256	7.55299	12.588	5.07314	2.99001	6.98709	-9999	-9999	-9999	-9999	-9999
1	21	4.9255	8.48845	13.105	7.10075	2.7032	6.90545	-9999	-9999	-9999	-9999	-9999
1	22	4.45872	9.80524	12.8886	8.53422	2.70879	7.25681	-9999	-9999	-9999	-9999	-9999
1	23	3.66503	8.07502	12.6908	3.8904	2.58739	7.19655	-9999	-9999	-9999	-9999	-9999
1	24	3.5546	6.89724	12.8782	3.8904	3.24443	6.92636	-9999	-9999	-9999	-9999	-9999
1	25	4.21684	6.93604	13.266	3.8904	3.26686	6.79015	-9999	-9999	-9999	-9999	-9999
1	26	4.20906	6.93581	13.266	3.805	3.2659	6.78995	-9999	-9999	-9999	-9999	-9999
1	27	4.2508	8.54408	13.266	6.617	2.49492	6.82147	14.4505	21.2082	-9999	-9999	-9999
1	28	5.27975	11.8352	14.95	8.88	3.119	7.4034	1.393	21.4544	-9999	-9999	-9999
1	29	3.56574	12.2931	14.32	10.14	2.47095	8.48917	1.194	20.9198	-9999	-9999	-9999
1	30	1.64779	11.5633	13.59	9.15	3.4142	8.60896	0.199	20.8623	-9999	-9999	-9999
1	31	8.20586	12.9256	18.49	8.1	6.18086	8.98042	0	20.5954	-9999	-9999	-9999
2	1	11.3818	9.3505	17.09	3.246	4.10056	8.32271	0	21.0581	-9999	-9999	-9999
2	2	11.2773	9.28448	15.35	3.92	1.96224	7.70729	0.199	21.3487	-9999	-9999	-9999
2	3	4.36192	10.3231	13.56	7.41	1.48384	8.00333	0.199	21.0215	-9999	-9999	-9999
2	4	4.86603	10.5579	14.02	7.67	1.66102	8.51646	0	20.6402	-9999	-9999	-9999
2	5	5.71379	7.71265	11.86	3.417	3.96848	8.24458	0	20.7835	-9999	-9999	-9999
2	6	11.6685	3.79215	8.48	-0.716	4.66051	6.8816	0	21.5987	-9999	-9999	-9999
2	7	12.3246	3.39056	9.1	-0.319	4.41223	5.83437	0	22.1735	-9999	-9999	-9999
2	8	1.18603	4.37154	10.45	-1.491	2.16538	5.29392	0.199	22.4117	-9999	-9999	-9999
2	9	8.83917	10.1911	13.57	6.807	2.62776	6.84067	0.199	21.2877	-9999	-9999	-9999
2	10	11.4428	8.11942	13.41	4.164	2.7237	7.23983	0	21.1167	-9999	-9999	-9999
2	11	12.674	6.26973	12.99	0.786	5.14431	6.61281	0	21.5125	-9999	-9999	-9999
2	12	5.42632	5.2816	10.07	2.021	3.24883	6.20225	0.398	21.6727	-9999	-9999	-9999
2	13	12.3855	4.639	10.87	0.396	3.08713	5.8589	0	21.8644	-9999	-9999	-9999
2	14	13.0041	4.66592	11.84	-1.326	3.64603	5.30415	0	22.1694	-9999	-9999	-9999
2	15	9.1866	7.81225	13.34	0.445	2.91455	5.54279	3.781	21.8767	-9999	-9999	-9999
2	16	1.95653	11.4831	12.39	9.69	0.962844	7.26223	2.587	20.81	-9999	-9999	-9999
2	17	10.8114	12.4169	16.01	7.92	1.51782	8.48	2.587	20.1717	-9999	-9999	-9999
2	18	12.9074	11.303	15.88	6.072	1.87219	8.36479	0.398	20.2796	-9999	-9999	-9999
2	19	12.579	12.5023	15.71	9.64	1.92953	9.05646	0.199	19.8756	-9999	-9999	-9999
2	20	8.79049	12.0521	14.49	9.6	2.14894	9.52104	1.99	19.6527	-9999	-9999	-9999
2	21	4.97666	9.81312	12.58	7.95	1.30746	9.15792	18.109	20.4421	-9999	-9999	-9999
2	22	12.9748	9.97708	14.13	7.55	2.14572	8.81958	10.945	21.9442	-9999	-9999	-9999
2	23	3.09922	8.86125	11.25	7.19	1.28401	8.52688	9.751	21.7375	-9999	-9999	-9999
2	24	2.89321	8.50917	9.87	7.36	0.287008	8.38479	10.149	22.0346	-9999	-9999	-9999
2	25	10.3768	8.91729	13.68	5.679	1.7226	8.275	0.199	21.9873	-9999	-9999	-9999
2	26	15.2378	7.99933	13.68	2.17	2.69296	7.58981	0.199	22.184	-9999	-9999	-9999
2	27	1.75576	8.07542	9.47	7.1	1.12332	7.62646	8.159	22.0263	-9999	-9999	-9999
2	28	15.2226	8.9724	12.23	5.191	3.19328	7.63187	0	22.2427	-9999	-9999	-9999
3	1	10.6712	10.79	13.41	6.306	4.41993	8.0425	0	21.9515	-9999	-9999	-9999
3	2	13.7077	10.832	13.54	6.125	5.43043	8.48125	0	21.6892	-9999	-9999	-9999
3	3	6.92135	9.5801	13.98	2.092	2.82918	8.06583	0	21.88	-9999	-9999	-9999
3	4	13.7099	12.7408	16.09	9.35	1.88689	9.04604	0.199	21.1096	-9999	-9999	-9999
3	5	5.41141	13.3085	15.85	11.7	1.59266	9.84292	2.388	20.5362	-9999	-9999	-9999
3	6	11.7574	8.7529	12.09	4.491	3.03525	9.60917	10.348	21.3298	-9999	-9999	-9999
3	7	17.4984	5.6146	9.57	2.091	5.34522	7.77688	0.398	22.6308	-9999	-9999	-9999
3	8	17.8427	5.93225	12.16	1.076	5.127	6.85304	0	23.0198	-9999	-9999	-9999
3	9	13.8219	9.67885	13.67	1.729	2.29591	7.19765	4.378	22.555	-9999	-9999	-9999
3	10	6.87197	12.3088	14.95	9.98	2.47263	8.69667	0.398	21.6077	-9999	-9999	-9999
3	11	5.02785	9.85771	12.47	7.29	3.52278	8.91583	3.184	21.5185	-9999	-9999	-9999
3	12	18.2049	9.71246	15.05	5.851	7.12238	8.31333	0	21.861	-9999	-9999	-9999
3	13	17.5605	7.38575	12.02	3.995	5.46762	7.87063	0	22.0373	-9999	-9999	-9999
3	14	17.1336	7.25244	12.84	3.313	3.87572	7.61271	0	22.0769	-9999	-9999	-9999
3	15	18.5257	7.6574	12.95	2.187	3.27801	7.43683	0	22.1938	-9999	-9999	-9999
3	16	4.00188	9.91146	12.64	7.07	1.4884	7.99771	1.592	21.6635	-9999	-9999	-9999
3	17	17.4756	8.49619	13.58	4.414	2.04704	8.29958	0.398	21.455	-9999	-9999	-9999
3	18	12.2347	8.83915	13.99	3.575	2.69699	8.00542	0	21.4865	-9999	-9999	-9999
3	19	4.11211	9.85875	12.34	7.78	2.24222	8.44563	2.189	21.0798	-9999	-9999	-9999
3	20	8.77245	11.3725	16.35	9.3	1.83019	8.86125	0	20.7146	-9999	-9999	-9999
3	21	12.3994	12.4419	16.64	9.83	1.57844	9.51937	0.796	20.249	-9999	-9999	-9999
3	22	5.58584	12.6683	16.01	9.73	1.56426	9.71479	1.393	20.0752	-9999	-9999	-9999
3	23	15.227	12.6319	16.52	8.17	2.84787	10.1448	0	19.7454	-9999	-9999	-9999
3	24	6.27802	9.99575	13.98	5.267	1.44893	9.4075	3.582	20.1625	-9999	-9999	-9999
3	25	15.8398	12.5481	16.7	8.21	1.81267	9.82563	0	19.854	-9999	-9999	-9999
3	26	18.838	11.8042	18.44	6.518	2.19371	9.74458	0.398	19.9144	-9999	-9999	-9999
3	27	18.7938	12.9302	17.19	7.77	1.88156	9.91938	0.199	19.7023	-9999	-9999	-9999
3	28	13.3172	14.4698	18.08	11.49	3.02927	10.5446	0.199	19.2181	-9999	-9999	-9999
3	29	15.615	12.9439	18.36	6.998	2.31966	10.8569	0.199	19.0138	-9999	-9999	-9999
3	30	18.562	11.9234	17.4	6.113	1.87316	10.2438	0.199	19.2671	-9999	-9999	-9999
3	31	20.6821	13.18	18.28	7.26	3.14411	10.2977	0.398	19.0156	-9999	-9999	-9999
4	1	20.9285	14.6413	18.58	11.55	3.30607	10.9765	0.199	18.3837	-9999	-9999	-9999
4	2	21.4476	13.9654	19.22	8.04	4.48914	11.0017	0	18.2225	-9999	-9999	-9999
4	3	22.0622	13.5598	19.3	7.79	3.38426	10.9248	0.199	18.089	-9999	-9999	-9999
4	4	22.7186	13.1842	22.03	7.23	4.88486	10.7906	0.199	17.9715	-9999	-9999	-9999
4	5	10.1008	14.0227	17.03	8.02	3.49845	10.8252	2.985	17.749	-9999	-9999	-9999
4	6	9.75165	14.6533	17.32	11.55	1.93892	11.561	0.398	17.2806	-9999	-9999	-9999
4	7	20.223	13.7988	18.7	8.84	3.72093	11.56	0	17.2194	-9999	-9999	-9999
4	8	23.1868	12.0405	18.36	6.164	4.84567	10.98	0	17.4085	-9999	-9999	-9999
4	9	22.224	12.5704	17.8	5.862	2.7779	10.575	0.199	17.3862	-9999	-9999	-9999
4	10	10.0811	16.741	20.86	12.99	7.73845	11.3462	0.597	16.7265	-9999	-9999	-9999
4	11	13.4219	13.3394	15.29	10.48	5.25172	11.7725	0	16.4083	-9999	-9999	-9999
4	12	21.3632	11.8872	16.4	4.844	4.65764	10.9846	0	16.5946	-9999	-9999	-9999
4	13	23.3198	12.9611	19.4	6.095	6.50473	10.9354	0	16.365	-9999	-9999	-9999
4	14	24.0446	12.427	18.27	4.886	4.06362	10.9056	0	16.2133	-9999	-9999	-9999
4	15	22.6411	14.3667	19.54	8.38	5.05684	11.1146	0.199	15.944	-9999	-9999	-9999
4	16	20.9494	16.5998	20.25	12.06	6.98772	12.0146	0	15.3504	-9999	-9999	-9999
4	17	7.33234	14.5815	18.14	11.29	1.16362	12.2394	2.189	15.2406	-9999	-9999	-9999
4	18	12.4031	16.3008	21.48	13.31	3.06923	12.7442	8.358	14.974	-9999	-9999	-9999
4	19	23.606	16.6379	21.9	11.14	5.26965	13.0052	0.199	14.8988	-9999	-9999	-9999
4	20	21.6268	15.4769	19.65	11.14	2.8575	13.1335	0.199	14.926	-9999	-9999	-9999
4	21	20.6842	15.4833	20.32	11.73	2.86798	12.9471	0.199	14.9637	-9999	-9999	-9999
4	22	24.8172	14.5692	20.36	9.27	2.94951	12.8321	0.199	14.9683	-9999	-9999	-9999
4	23	19.8777	14.5473	19.64	9.04	2.62084	12.6523	0.398	15.0181	-9999	-9999	-9999
4	24	24.645	16.3396	22.89	8.89	5.00807	12.4663	0.199	15.0006	-9999	-9999	-9999
4	25	15.883	17.2892	23.7	10.36	7.16893	12.9113	0	14.7363	-9999	-9999	-9999
4	26	11.6816	16.5231	20.62	13.98	3.75267	13.3979	0.597	14.5002	-9999	-9999	-9999
4	27	17.4929	15.8944	19.71	13.03	2.92009	13.4931	0	14.4279	-9999	-9999	-9999
4	28	24.2842	16.2469	20.32	12.8	3.56016	13.541	0	14.1771	-9999	-9999	-9999
4	29	14.5334	15.8877	19.6	11.99	2.95096	13.5325	5.373	14.0642	-9999	-9999	-9999
4	30	22.4487	15.2863	18.83	8.92	3.5962	13.7052	5.174	14.5119	-9999	-9999	-9999
5	1	20.6417	15.0788	19.37	8.86	3.62448	13.159	0.199	15.0344	-9999	-9999	-9999
5	2	26.1056	15.6975	19.87	10.7	4.10519	13.3371	0.199	14.9594	-9999	-9999	-9999
5	3	25.8606	17.6523	23.5	10.2	6.38541	13.3917	0.199	14.8587	-9999	-9999	-9999
5	4	26.8358	18.4998	24.12	11.81	8.21266	13.984	0	14.4669	-9999	-9999	-9999
5	5	21.9972	17.9594	22.21	13.77	6.42079	14.454	0.995	14.1535	-9999	-9999	-9999
5	6	20.8125	16.8735	21.32	12.23	5.26665	14.4319	0	14.0942	-9999	-9999	-9999
5	7	22.0046	15.5783	20.81	10.56	4.31875	14.1119	0	14.1763	-9999	-9999	-9999
5	8	20.7522	16.244	21.23	11.06	3.36483	13.9646	0	14.1637	-9999	-9999	-9999
5	9	13.4425	15.9156	19.38	9.82	3.86323	14.1637	0.796	14.0167	-9999	-9999	-9999
5	10	27.0468	15.2415	20.22	9.51	4.90481	13.6315	7.758	14.4233	-9999	-9999	-9999
5	11	26.0695	14.985	19.69	9.22	4.98169	13.5588	0	14.5631	-9999	-9999	-9999
5	12	26.3197	15.9769	21.79	8.48	5.05954	13.4102	0	14.5956	-9999	-9999	-9999
5	13	28.6848	17.0162	23.25	9.73	7.2254	13.8679	0.199	14.3231	-9999	-9999	-9999
5	14	26.7913	17.1771	21.83	11.27	4.6401	14.1365	0	14.1542	-9999	-9999	-9999
5	15	26.8339	17.6985	23.52	11.62	5.17585	14.3202	0.199	14.0102	-9999	-9999	-9999
5	16	27.6784	17.9013	23.17	11.6	4.7012	14.5983	0.199	13.8346	-9999	-9999	-9999
5	17	25.9595	18.584	23.43	12.01	4.01477	14.8715	0	13.659	-9999	-9999	-9999
5	18	25.5206	19.0756	24.33	12.67	4.74206	15.1983	0.398	13.4617	-9999	-9999	-9999
5	19	23.1878	21.0479	25.9	16.29	7.43317	15.7373	0	13.2175	-9999	-9999	-9999
5	20	26.4327	19.2612	22.74	14.89	4.90496	16.115	0.199	13.1233	-9999	-9999	-9999
5	21	26.1722	19.6198	24.14	14.22	4.94773	16.0031	0	13.1552	-9999	-9999	-9999
5	22	28.7819	21.0394	27.66	12.69	10.3698	16.0473	0	13.1281	-9999	-9999	-9999
5	23	19.8794	23.8637	30.89	15.7	13.5878	16.6156	0	12.8335	-9999	-9999	-9999
5	24	21.9021	22.5342	28.69	15.49	10.7258	17.2598	0	12.5469	-9999	-9999	-9999
5	25	29.9536	20.1171	27.98	12.08	11.2746	16.7635	0	12.7537	-9999	-9999	-9999
5	26	29.5005	19.1552	25.6	11.46	8.7155	16.5267	0.199	12.8298	-9999	-9999	-9999
5	27	29.7272	18.3671	25.02	9.91	6.42823	16.0665	0	13.0177	-9999	-9999	-9999
5	28	29.1313	18.7479	23.97	12.87	5.57428	16.0083	0.199	13.0102	-9999	-9999	-9999
5	29	27.697	20.1758	24.57	12.82	4.74505	16.2254	0.199	12.87	-9999	-9999	-9999
5	30	28.7487	19.9838	23.76	14.38	7.75342	16.8133	0	12.619	-9999	-9999	-9999
5	31	29.8524	16.2321	21.09	9.02	8.93779	15.8929	5.97	12.9458	-9999	-9999	-9999
6	1	18.4322	14.0179	19.81	9.84	4.0478	15.1712	0.995	13.3737	-9999	-9999	-9999
6	2	11.3395	13.0415	18.45	8.82	3.35168	14.1969	1.393	13.7321	-9999	-9999	-9999
6	3	25.7537	16.3008	21.52	10.82	8.74657	14.0994	0	13.6298	-9999	-9999	-9999
6	4	21.7016	16.7431	23.05	10.77	7.12808	14.4487	1.393	13.4675	-9999	-9999	-9999
6	5	28.214	17.9015	22.44	10.97	4.77587	14.8227	0.199	13.3033	-9999	-9999	-9999
6	6	25.0809	18.7033	22.83	12.9	5.99173	15.7106	0.995	12.9125	-9999	-9999	-9999
6	7	27.1179	18.1475	23.81	11.54	9.24537	15.5579	0.199	12.9696	-9999	-9999	-9999
6	8	27.7817	16.8848	21.79	11.29	7.71518	15.3373	0	13.0235	-9999	-9999	-9999
6	9	27.7427	16.6956	21.178	11.07	6.53369	15.2935	-9999	-9999	-9999	-9999	-9999
6	10	27.7236	16.7031	21.178	11.23	6.53234	15.2947	-9999	-9999	-9999	-9999	-9999
6	11	27.7236	16.7031	21.178	11.23	6.53234	15.2947	-9999	-9999	-9999	-9999	-9999
6	12	26.8137	17.4506	22.1876	11.23	6.91095	15.4214	-9999	-9999	-9999	-9999	-9999
6	13	27.064	17.6074	22.3025	12.2947	7.93437	15.4761	-9999	-9999	-9999	-9999	-9999
6	14	27.5506	17.1806	21.8186	11.6242	7.85039	15.3806	-9999	-9999	-9999	-9999	-9999
6	15	27.4938	16.8961	14.24	11.52	6.7824	15.3913	-9999	-9999	-9999	-9999	-9999
6	16	30.3389	22.0991	-9999	-9999	9.75647	17.4981	-9999	-9999	-9999	-9999	-9999
6	17	26.856	24.2724	29.2829	19.814	8.90274	18.7546	-9999	-9999	-9999	-9999	-9999
6	18	27.8692	24.3845	29.2714	18.4657	8.93602	18.8626	-9999	-9999	-9999	-9999	-9999
6	19	27.5914	24.5215	29.0965	18.6467	9.0231	18.9635	-9999	-9999	-9999	-9999	-9999
6	20	27.5478	24.6474	29.3824	19.15	9.88631	18.867	-9999	-9999	-9999	-9999	-9999
6	21	28.4551	24.5224	29.326	18.84	9.36786	18.7266	-9999	-9999	-9999	-9999	-9999
6	22	28.4551	24.5224	29.326	18.84	9.36786	18.7266	-9999	-9999	-9999	-9999	-9999
6	23	28.4639	24.5305	29.58	18.84	9.35668	18.7262	-9999	-9999	-9999	-9999	-9999
6	24	28.7371	24.4954	30.24	18.31	9.13143	18.8965	0.199	11.7492	-9999	-9999	-9999
6	25	26.3575	24.1325	30.35	17.48	7.7386	19.0402	0	11.6931	-9999	-9999	-9999
6	26	27.6753	25.6873	31.35	19.5	10.4436	19.3452	0	11.5608	-9999	-9999	-9999
6	27	24.7419	25.0617	31.73	19.61	6.85443	19.6219	0.199	11.4565	-9999	-9999	-9999
6	28	21.3415	25.6142	32.31	18.73	11.0935	19.7048	0.199	11.4227	-9999	-9999	-9999
6	29	19.7691	25.3752	31.77	19.32	8.81698	19.7648	0	11.431	-9999	-9999	-9999
6	30	26.3467	25.3223	28.94	21.63	6.14835	20.06	0	11.3192	-9999	-9999	-9999
7	1	27.3848	25.1535	29.03	20.19	5.68804	20.1971	0	11.2804	-9999	-9999	-9999
7	2	26.9666	26.35	30.71	21.03	10.9316	20.3252	0.199	11.201	-9999	-9999	-9999
7	3	28.8308	26.0517	31.01	20.85	15.0571	20.3656	0	11.1875	-9999	-9999	-9999
7	4	28.8458	25.1665	30.37	19.12	11.4585	20.2879	0	11.224	-9999	-9999	-9999
7	5	26.878	24.5906	28.73	18.92	10.7044	20.179	0	11.245	-9999	-9999	-9999
7	6	17.7681	24.939	29.43	19.45	7.35732	20.1275	2.587	11.2442	-9999	-9999	-9999
7	7	18.0559	22.4081	27.61	16.95	4.27636	20.1667	14.328	12.1915	-9999	-9999	-9999
7	8	27.8663	23.2204	28.1	16.94	8.25889	19.5727	0	12.4971	-9999	-9999	-9999
7	9	24.0208	23.8869	28.82	18.26	7.2248	19.8417	0	12.0456	-9999	-9999	-9999
7	10	27.3689	25.2454	30.03	18.9	10.1715	20.0642	0	11.7088	-9999	-9999	-9999
7	11	27.475	26.3069	31.93	19.9	13.3316	20.51	0	11.395	-9999	-9999	-9999
7	12	27.4823	26.1573	32.07	21.05	10.9438	20.9079	0	11.1583	-9999	-9999	-9999
7	13	27.9544	25.3723	30.36	18.15	9.36054	20.7994	0	11.0983	-9999	-9999	-9999
7	14	27.1117	25.4071	30.24	19.25	8.2596	20.86	0	10.9635	-9999	-9999	-9999
7	15	26.0221	26.6029	31.7	21.59	11.5356	21.0302	0	10.8271	-9999	-9999	-9999
7	16	27.6543	26.0427	30.34	20.18	11.6421	21.0365	0	10.8081	-9999	-9999	-9999
7	17	28.5102	24.7227	29.68	19.37	14.8328	20.636	0	10.9412	-9999	-9999	-9999
7	18	28.3097	24.1679	28.88	17.45	11.0936	20.2192	0	11.0533	-9999	-9999	-9999
7	19	28.1879	24.5135	29.21	18.04	9.83609	20.2171	0	11.0177	-9999	-9999	-9999
7	20	28.1945	25.476	31.9	17.96	12.2894	20.2904	0	10.9596	-9999	-9999	-9999
7	21	27.775	26.0796	32.48	19.2	11.8761	20.5271	0	10.8823	-9999	-9999	-9999
7	22	27.1183	25.9254	31.56	18.93	8.17659	20.6994	0.398	10.8269	-9999	-9999	-9999
7	23	25.1694	26.0094	30.21	19.71	5.76763	20.9713	0.199	10.701	-9999	-9999	-9999
7	24	23.2074	26.5781	30.28	21.78	8.88526	21.1925	0	10.5894	-9999	-9999	-9999
7	25	27.1772	27.056	32.89	21.17	13.2065	21.1967	0	10.5842	-9999	-9999	-9999
7	26	26.587	27.2083	32.47	21.14	12.437	21.4912	0	10.4975	-9999	-9999	-9999
7	27	24.6114	27.3806	31.88	21.9	8.26057	21.8419	0	10.3785	-9999	-9999	-9999
7	28	26.3663	27.3523	32.55	22.08	10.0715	21.8621	0	10.3777	-9999	-9999	-9999
7	29	14.3536	25.6294	30.34	21.28	4.76945	21.8296	0.995	10.4119	-9999	-9999	-9999
7	30	26.6322	26.6675	32.5	18.68	12.5325	21.355	0.199	10.5142	-9999	-9999	-9999
7	31	26.3675	27.5156	32.72	20.69	12.0992	21.7075	0	10.3906	-9999	-9999	-9999
8	1	24.2459	27.53	31.16	22.71	7.81097	21.9758	0.199	10.3031	-9999	-9999	-9999
8	2	25.7523	27.1421	30.13	22	10.6723	22.1883	0	10.2304	-9999	-9999	-9999
8	3	21.7373	25.2144	28.63	21.5	8.65388	21.724	2.388	10.389	-9999	-9999	-9999
8	4	26.7555	24.8335	28.71	18.96	11.5169	21.446	0	10.5192	-9999	-9999	-9999
8	5	26.6515	24.0265	29.22	18.78	13.4658	20.7563	0	10.725	-9999	-9999	-9999
8	6	25.2887	22.4556	27.98	14.3	11.3884	20.1073	0	10.9129	-9999	-9999	-9999
8	7	26.1906	22.0292	27.29	15	7.964	19.7815	0	10.9744	-9999	-9999	-9999
8	8	25.5893	22.9356	27.94	17.35	7.83955	19.7106	0	10.9567	-9999	-9999	-9999
8	9	12.2563	20.8237	26.52	16.22	5.31369	19.601	10.545	11.2575	-9999	-9999	-9999
8	10	25.6865	22.469	28.15	15.08	8.73244	19.1556	0.199	12.0654	-9999	-9999	-9999
8	11	22.3385	22.9215	27.48	17.06	7.6146	19.5717	0	11.7267	-9999	-9999	-9999
8	12	22.2258	23.6302	26.47	19.87	9.82393	19.8604	0	11.4288	-9999	-9999	-9999
8	13	21.7427	22.6048	25.19	19.96	9.687	19.781	0	11.3494	-9999	-9999	-9999
8	14	25.5389	22.7342	25.76	17.49	9.68216	19.6896	0	11.2898	-9999	-9999	-9999
8	15	24.2214	22.3623	27.37	17.22	8.1795	19.4513	0	11.325	-9999	-9999	-9999
8	16	22.6358	24.0183	29.83	15.78	9.96843	19.4688	0	11.2167	-9999	-9999	-9999
8	17	17.4743	25.1812	29.43	20.79	8.81619	20.0494	0	10.9729	-9999	-9999	-9999
8	18	19.9118	26.0796	31.29	20.35	11.9457	20.4896	0.199	10.8052	-9999	-9999	-9999
8	19	20.2321	26.784	35.03	19.46	13.5356	20.6475	0	10.7456	-9999	-9999	-9999
8	20	19.4336	26.8694	34.89	21.83	9.46917	21.2725	0	10.546	-9999	-9999	-9999
8	21	22.5641	25.6117	30.02	18.04	10.003	21.531	0.199	10.4648	-9999	-9999	-9999
8	22	24.6827	22.1656	26.97	15.7	6.50229	20.4662	0	10.8592	-9999	-9999	-9999
8	23	23.8088	22.7577	27.69	17.56	6.2067	20.0737	0.199	10.9412	-9999	-9999	-9999
8	24	23.4598	22.7927	27.94	17.48	7.13989	19.8994	0.199	10.9692	-9999	-9999	-9999
8	25	19.9515	22.9706	27.3	17.73	8.48107	19.9052	0	10.934	-9999	-9999	-9999
8	26	23.4642	21.7148	26.72	15.21	7.76466	19.4835	0	11.0804	-9999	-9999	-9999
8	27	21.3527	22.4602	26.53	17.51	6.62538	19.6219	0	11.0185	-9999	-9999	-9999
8	28	21.9722	21.939	26.74	16.14	7.60059	19.2485	0	11.1308	-9999	-9999	-9999
8	29	19.3253	22.4762	26.28	18.82	6.60393	19.5606	0	11.0048	-9999	-9999	-9999
8	30	18.8724	23.4525	28.21	17.5	13.9883	19.6442	0	10.9658	-9999	-9999	-9999
8	31	24.1618	20.1154	27.77	13.42	12.9296	18.8062	0	11.2981	-9999	-9999	-9999
9	1	23.2872	20.0519	26.48	11.74	9.34619	18.4006	0	11.4404	-9999	-9999	-9999
9	2	23.303	20.211	26.88	12.35	10.027	18.2083	0	11.4783	-9999	-9999	-9999
9	3	22.4917	20.3929	27.04	12.67	8.48375	18.15	0	11.4754	-9999	-9999	-9999
9	4	22.4226	20.7106	26.65	14.11	5.93024	18.2129	0.199	11.4406	-9999	-9999	-9999
9	5	21.0948	21.8594	27.27	16.93	4.91642	18.5742	0.398	11.291	-9999	-9999	-9999
9	6	21.0079	22.6646	28.38	16.77	5.54341	18.8571	0.199	11.1921	-9999	-9999	-9999
9	7	20.7648	22.611	28.27	16.82	4.77129	18.9685	0.199	11.1485	-9999	-9999	-9999
9	8	20.8272	22.7202	27.86	17.63	4.68859	19.169	0.398	11.0506	-9999	-9999	-9999
9	9	11.935	24.1229	29.5	19.58	7.98017	19.5456	0	10.9069	-9999	-9999	-9999
9	10	19.4184	22.8817	28.1	18.68	9.39026	19.5319	0	10.9258	-9999	-9999	-9999
9	11	19.6776	22.5756	27.95	17.34	7.04582	19.3735	0	10.9858	-9999	-9999	-9999
9	12	19.4286	22.7063	27.88	17.03	8.19557	19.2577	0	11.0152	-9999	-9999	-9999
9	13	18.9625	22.9479	27.88	18.19	8.46614	19.3635	0	10.9652	-9999	-9999	-9999
9	14	5.50531	21.9508	26.76	18.03	4.20414	19.3623	57.507	12.5456	-9999	-9999	-9999
9	15	18.5396	24.1215	27.97	20.82	5.56384	20.1223	27.263	15.8581	-9999	-9999	-9999
9	16	3.1316	18.8085	21.65	16.92	1.90488	19.3494	26.465	16.651	-9999	-9999	-9999
9	17	11.6344	20.1033	24.71	17.12	3.12559	18.4685	22.487	17.1996	-9999	-9999	-9999
9	18	17.7292	20.0954	24.63	15.76	4.13211	18.3837	0.199	16.5723	-9999	-9999	-9999
9	19	18.6992	20.2577	25.85	15.9	4.75203	18.1533	3.582	16.1367	-9999	-9999	-9999
9	20	18.5311	20.3283	26.38	15.21	4.98666	18.1017	0	15.9556	-9999	-9999	-9999
9	21	18.1384	20.8402	26.3	16.3	4.37837	18.1671	0.398	15.7727	-9999	-9999	-9999
9	22	17.5376	20.659	25.77	16.59	3.84451	18.2725	0.199	15.5719	-9999	-9999	-9999
9	23	17.236	20.7925	27.31	15.73	5.96141	18.1696	0.398	15.3727	-9999	-9999	-9999
9	24	18.3281	20.6423	25.8	15.53	7.90398	18.18	0	15.0629	-9999	-9999	-9999
9	25	2.43748	19.485	21.71	16.95	2.76335	18.0119	50.741	16.6467	-9999	-9999	-9999
9	26	9.97429	19.5042	23.27	16.27	4.03561	17.9771	0.199	17.859	-9999	-9999	-9999
9	27	16.6701	21.7523	28.18	16.43	10.3863	17.8919	0	16.9983	-9999	-9999	-9999
9	28	17.0465	20.2496	26.38	15.86	6.36227	18.0483	0	16.5244	-9999	-9999	-9999
9	29	13.2582	19.8465	26.34	15.46	3.63922	17.9829	0.199	16.3019	-9999	-9999	-9999
9	30	16.1458	19.4152	25.31	13.98	4.18868	17.8115	0.199	16.1765	-9999	-9999	-9999
10	1	16.7425	20.1923	25.62	15.06	4.67519	17.7892	0.199	15.8877	-9999	-9999	-9999
10	2	17.123	20.7946	26.03	16.31	4.05918	17.9673	0.199	15.5508	-9999	-9999	-9999
10	3	14.6559	22.3363	25.26	18.43	6.15461	18.3167	0.199	15.0902	-9999	-9999	-9999
10	4	5.52244	21.2631	23.68	17.2	5.55865	18.71	0.995	14.8098	-9999	-9999	-9999
10	5	16.4569	19.9542	24	14.9	6.95454	18.2977	0	14.8317	-9999	-9999	-9999
10	6	16.694	17.9483	25.06	12.57	5.50413	17.5842	0.199	15.0062	-9999	-9999	-9999
10	7	15.8247	17.6794	24.06	12.08	4.6373	17.0912	0.199	15.0171	-9999	-9999	-9999
10	8	16.6878	18.9721	24.9	13.81	7.31451	17.2565	0	14.6527	-9999	-9999	-9999
10	9	16.6112	17.2492	24.2	11.56	7.53211	16.9283	0	14.6333	-9999	-9999	-9999
10	10	16.4122	17.11	23.8	11.81	5.60825	16.6042	0	14.5992	-9999	-9999	-9999
10	11	15.6566	17.1723	24.11	11.36	3.87867	16.4373	0.199	14.5163	-9999	-9999	-9999
10	12	14.3969	17.49	24.34	12.57	4.37092	16.416	0.199	14.3744	-9999	-9999	-9999
10	13	14.4563	18.3944	24.98	13.71	4.57245	16.4623	0.199	14.175	-9999	-9999	-9999
10	14	11.3978	18.074	24.41	13.88	4.48367	16.5798	0	13.9717	-9999	-9999	-9999
10	15	11.4601	18.3263	25.49	14.55	7.14638	16.6242	0	13.8296	-9999	-9999	-9999
10	16	14.6714	16.9563	23.64	11.68	6.67326	16.3285	0	13.846	-9999	-9999	-9999
10	17	14.1153	15.8621	22.46	10.96	6.56237	15.8683	0	13.9198	-9999	-9999	-9999
10	18	14.1586	15.121	21.75	9.92	5.73445	15.4094	0	13.9967	-9999	-9999	-9999
10	19	4.47607	16.1244	19.1	10.99	4.23745	15.2492	7.96	13.9729	-9999	-9999	-9999
10	20	7.42343	18.376	21.51	16.45	2.73528	16.0781	1.194	13.9996	-9999	-9999	-9999
10	21	8.22397	19.2375	23.03	16.58	2.20862	16.5467	0.995	13.8844	-9999	-9999	-9999
10	22	10.259	20.1085	23.8	17.86	2.57985	17.1008	5.572	13.8431	-9999	-9999	-9999
10	23	12.8273	20.2229	24.43	16.12	2.62717	17.1808	0.199	14.0556	-9999	-9999	-9999
10	24	7.65401	20.6185	24.28	18.38	4.6906	17.5392	0	13.9498	-9999	-9999	-9999
10	25	13.0428	19.659	24.83	15.29	2.60713	17.4085	0.199	14.0442	-9999	-9999	-9999
10	26	12.4129	19.2096	25.95	14.65	2.92827	17.3804	0.398	14.0169	-9999	-9999	-9999
10	27	12.7369	19.5783	28.29	14.8	5.9987	16.9783	0.199	14.1037	-9999	-9999	-9999
10	28	12.4848	18.9037	25.87	14.07	4.77571	16.5737	0.199	14.1377	-9999	-9999	-9999
10	29	9.93256	17.6823	24.3	13.72	2.09799	16.556	0.199	14.0415	-9999	-9999	-9999
10	30	11.0124	17.4283	23.61	13.54	2.84545	16.2777	0.398	13.9204	-9999	-9999	-9999
10	31	12.1552	15.0904	22.97	10	5.85756	15.6804	0	13.9946	-9999	-9999	-9999
11	1	5.17463	17.2815	21.76	11.45	2.52095	15.0856	17.906	16.1971	-9999	-9999	-9999
11	2	10.5383	14.0492	18.93	7.67	6.457	15.37	0	17.1365	-9999	-9999	-9999
11	3	12.8743	7.52148	14.66	2.189	5.84016	13.1683	0	18.4046	-9999	-9999	-9999
11	4	12.3888	7.26604	15.51	2.086	5.09644	11.5638	0	19.0933	-9999	-9999	-9999
11	5	6.87854	10.0881	17.22	3.942	3.26887	11.2604	0	18.9587	-9999	-9999	-9999
11	6	10.0774	12.2241	18.75	6.855	3.08448	12.0227	0	18.3429	-9999	-9999	-9999
11	7	10.9995	12.6446	19.45	8.31	3.00203	12.2937	0.199	18.0292	-9999	-9999	-9999
11	8	11.2851	12.9123	20.85	7.69	2.95551	12.329	0.199	17.8385	-9999	-9999	-9999
11	9	9.5474	15.0958	21.68	10.15	2.60058	12.845	0.199	17.3469	-9999	-9999	-9999
11	10	9.41992	14.8444	21.3	10.46	3.85424	13.1665	0.796	17.0823	-9999	-9999	-9999
11	11	10.9911	11.366	18.52	4.984	5.13464	12.6121	0	17.2783	-9999	-9999	-9999
11	12	4.12898	14.8881	19.94	9.18	1.87964	12.8333	6.766	16.9394	-9999	-9999	-9999
11	13	9.7775	13.2396	19.77	9.11	2.11689	13.2006	0.398	16.7627	-9999	-9999	-9999
11	14	10.3256	12.8102	20.92	7.82	2.78802	12.6133	0.199	16.9869	-9999	-9999	-9999
11	15	9.93176	13.5842	21.11	8.58	2.43167	12.4313	0.199	16.954	-9999	-9999	-9999
11	16	6.0212	15.6587	20.63	10.94	2.33838	12.8598	0.199	16.5825	-9999	-9999	-9999
11	17	9.27973	17.4644	21.5	14.93	4.51121	13.9594	0	15.9492	-9999	-9999	-9999
11	18	8.60148	17.0117	22.07	10.63	4.86532	14.4873	0	15.6373	-9999	-9999	-9999
11	19	9.44682	13.8756	20.87	10.27	2.31521	13.8467	0.398	15.9375	-9999	-9999	-9999
11	20	4.23514	16.2608	19.7	12.09	3.26756	13.7021	0.199	15.8052	-9999	-9999	-9999
11	21	8.14324	16.525	19.5	12.64	5.60603	14.2323	0.597	15.4321	-9999	-9999	-9999
11	22	6.48607	13.0737	18.36	7.07	2.36591	13.7715	16.915	16.3287	-9999	-9999	-9999
11	23	9.65807	9.84879	17.68	3.894	2.84318	12.1683	0	18.4187	-9999	-9999	-9999
11	24	4.96766	14.3454	19.19	9.78	3.45892	12.0387	0	18.3479	-9999	-9999	-9999
11	25	7.04802	16.5885	20.4	13.13	3.4678	13.3088	0	17.5085	-9999	-9999	-9999
11	26	8.87765	14.0517	21.17	9.95	2.56412	13.2471	0.398	17.5837	-9999	-9999	-9999
11	27	8.56153	12.5575	20.13	8.16	1.73669	12.701	0.398	17.7769	-9999	-9999	-9999
11	28	8.3873	11.595	18.75	7.35	2.05218	12.2942	0.398	17.8808	-9999	-9999	-9999
11	29	8.48462	11.1603	17.48	6.674	2.41278	11.7296	0.199	18.0498	-9999	-9999	-9999
11	30	7.90467	10.6311	17.05	6.763	1.97366	11.3185	0.199	18.1175	-9999	-9999	-9999
12	1	5.29873	11.1606	17.19	8.34	2.35523	11.3006	0.199	17.9956	-9999	-9999	-9999
12	2	6.51597	10.3802	17.69	6.727	2.19788	10.9831	0.199	18.0867	-9999	-9999	-9999
12	3	6.29556	12.2242	18.53	6.98	2.83874	11.0054	0	17.8879	-9999	-9999	-9999
12	4	4.49136	15.846	18.31	11.46	3.01053	11.9423	0.796	17.2862	-9999	-9999	-9999
12	5	7.59608	14.8496	20.11	11.05	1.63257	12.6579	0.398	16.8852	-9999	-9999	-9999
12	6	6.31093	16.3785	19.9	14.86	2.80697	13.0783	0	16.5075	-9999	-9999	-9999
12	7	4.88503	14.9221	20.05	12.05	3.091	13.3933	0.597	16.2887	-9999	-9999	-9999
12	8	6.38336	15.1156	19.75	9.59	3.28287	12.9996	2.388	16.366	-9999	-9999	-9999
12	9	4.75443	15.2081	17.26	12.89	4.69562	13.2823	24.875	17.015	-9999	-9999	-9999
12	10	2.94798	12.6163	16.51	9.57	3.38429	12.8052	19.3	19.3092	-9999	-9999	-9999
12	11	4.31135	9.70967	14.36	6.058	1.20261	11.9246	0.796	21.045	-9999	-9999	-9999
12	12	8.37162	6.75404	13.32	3.202	2.1829	10.4596	0.199	21.3471	-9999	-9999	-9999
12	13	7.15543	7.7456	15.97	4.228	2.65272	9.55625	0	21.4023	-9999	-9999	-9999
12	14	3.40667	9.4559	14.02	4.236	3.58445	9.31083	0	21.2248	-9999	-9999	-9999
12	15	6.32148	13.0592	19.9	9.77	3.95127	10.2817	0	20.4092	-9999	-9999	-9999
12	16	3.0538	12.1302	17.41	8.81	1.84315	10.6623	0	20.1317	-9999	-9999	-9999
12	17	1.31189	12.4821	14.19	10.58	1.64936	11.1115	1.194	19.7967	-9999	-9999	-9999
12	18	4.66669	12.5365	15.95	10.79	0.853065	11.3775	6.965	20.0104	-9999	-9999	-9999
12	19	3.94756	10.7023	14	8.25	1.39899	11.251	14.726	20.7606	-9999	-9999	-9999
12	20	6.9474	8.39106	13.8	4.731	2.78354	10.3085	0.199	22.2337	-9999	-9999	-9999
12	21	4.94919	7.81738	12.53	5.74	3.20451	9.56417	0	21.9217	-9999	-9999	-9999
12	22	6.15111	10.3596	15.45	7.22	5.8248	9.45375	0	21.5177	-9999	-9999	-9999
12	23	5.8598	9.17296	13.93	6.024	4.51518	9.37542	0	21.4023	-9999	-9999	-9999
12	24	7.03525	9.49983	15.16	5.057	4.43311	9.43292	0	21.1863	-9999	-9999	-9999
12	25	8.00479	7.54833	15.48	3.532	3.95834	8.85833	0	21.4762	-9999	-9999	-9999
12	26	7.40379	9.14658	15.89	5.077	3.44909	8.63042	0	21.3867	-9999	-9999	-9999
12	27	5.26027	10.5158	14.97	7.39	3.22637	9.20063	0	20.8871	-9999	-9999	-9999
12	28	5.80179	9.45152	16.37	5.173	2.93301	9.55062	0	20.6696	-9999	-9999	-9999
12	29	7.31686	8.99121	16.74	3.948	2.06198	8.83125	0	20.9715	-9999	-9999	-9999
12	30	7.54113	9.1706	16.18	5.017	2.37693	8.78687	0.199	20.8727	-9999	-9999	-9999
12	31	5.94014	9.66171	16.8	4.913	1.51621	8.59604	0.398	20.845	-9999	-9999	-9999
