Month	n_days	Rg_f	Ta_f	Tmax	Tmin	VPD_f	Ts_f	Precip	SWC	LAI	ET	Litterfall
1	1	4.95998	13.3593	17.11	6.876	2.89872	9.23917	0	10.4042	-9999	-9999	-9999
1	2	5.30549	12.7517	16.17	2.17	5.03437	10.4852	1.194	10.2167	-9999	-9999	-9999
1	3	8.38941	7.46867	13.86	2.152	5.55521	9.23271	1.194	9.97292	-9999	-9999	-9999
1	4	3.85385	7.55294	13.97	1.113	3.17516	8.09188	2.587	9.76042	-9999	-9999	-9999
1	5	7.71877	10.7961	16.12	6.08	1.91171	9.19583	0.796	9.65625	-9999	-9999	-9999
1	6	7.59934	9.44935	17.08	4.869	1.66572	8.82208	0.398	9.52083	-9999	-9999	-9999
1	7	3.18795	11.7483	15.23	7.6	1.64354	8.9625	0.597	9.4	-9999	-9999	-9999
1	8	2.35786	11.9771	14.18	7.79	0.719215	9.95125	4.378	9.33333	-9999	-9999	-9999
1	9	8.01552	10.8151	17.87	6.846	1.59203	9.78896	0.398	9.27708	-9999	-9999	-9999
1	10	8.25648	10.4427	17.77	5.465	1.53236	9.39208	0.398	9.2	-9999	-9999	-9999
1	11	1.84014	13.1275	15.87	8.1	1.38363	9.68792	0	9.16042	-9999	-9999	-9999
1	12	8.1067	13.4435	17.86	7.33	3.26467	10.5808	0	9.06042	-9999	-9999	-9999
1	13	6.77568	11.0272	17.6	6.317	1.37537	9.96521	0.398	8.95833	-9999	-9999	-9999
1	14	2.59959	12.5608	16.08	8.3	1.19593	10.0285	0	8.9	-9999	-9999	-9999
1	15	1.52425	12.195	15.46	8.36	1.324	10.63	0	8.86458	-9999	-9999	-9999
1	16	2.16627	10.7571	14.66	6.214	1.64467	9.97667	0.796	8.8	-9999	-9999	-9999
1	17	2.57063	13.7575	16.17	9.62	1.27328	10.7825	3.781	8.8	-9999	-9999	-9999
1	18	5.50191	12.0597	16.16	6.717	1.56165	10.4971	0.597	8.77917	-9999	-9999	-9999
1	19	8.37338	14.9442	19.6	9.29	2.65954	11.2977	0	8.6625	-9999	-9999	-9999
1	20	7.55157	13.7198	18.41	9.38	1.45643	11.0319	0.199	8.56042	-9999	-9999	-9999
1	21	5.54264	13.549	19.24	10.78	1.47634	11.3413	0.199	8.4625	-9999	-9999	-9999
1	22	8.45528	14.3621	18.32	11.78	2.38831	11.5756	0.199	8.32708	-9999	-9999	-9999
1	23	3.68605	14.33	17.25	8.36	2.85434	11.956	6.169	8.15625	-9999	-9999	-9999
1	24	6.14556	10.0626	12.67	5.727	3.87	10.9448	9.154	7.99792	-9999	-9999	-9999
1	25	5.50086	8.82054	12.13	3.624	3.68872	9.84313	2.985	7.77708	-9999	-9999	-9999
1	26	6.76099	7.19525	13.01	3.097	1.60292	9.31812	2.189	7.65	-9999	-9999	-9999
1	27	10.4757	6.17469	11.71	2.627	1.9089	8.62458	0.199	7.55417	-9999	-9999	-9999
1	28	10.2899	7.72544	15.27	0.819	3.34672	7.97604	0	7.44792	-9999	-9999	-9999
1	29	3.0798	8.25623	13.2	4.519	1.90854	8.13062	0	7.35625	-9999	-9999	-9999
1	30	8.35243	9.12183	16.7	4.642	2.9502	8.36187	0	7.26667	-9999	-9999	-9999
1	31	11.13	10.0867	17.28	3.868	3.63456	8.26708	0	7.16042	-9999	-9999	-9999
2	1	4.43912	11.537	16.22	6.077	1.79086	9.16208	0	7.1	-9999	-9999	-9999
2	2	10.1634	9.86731	17.33	5.372	2.54127	9.18396	0.199	7.05208	-9999	-9999	-9999
2	3	11.1155	8.51627	15.41	2.907	3.06192	8.53271	0.199	6.94792	-9999	-9999	-9999
2	4	11.9272	8.7865	15.24	2.827	6.12441	8.06229	0	6.7875	-9999	-9999	-9999
2	5	12.0754	7.50373	15.79	2.422	5.57142	7.66896	0	6.64583	-9999	-9999	-9999
2	6	4.26044	9.53479	14.63	3.067	2.72071	7.56271	8.955	6.52917	-9999	-9999	-9999
2	7	8.59432	11.7083	16.41	8.3	2.15297	8.66354	0.796	6.45833	-9999	-9999	-9999
2	8	10.3128	12.466	17.06	9.3	2.67606	9.47437	2.189	6.4	-9999	-9999	-9999
2	9	1.80712	12.2542	14.75	10.24	1.47869	9.99917	15.522	6.4	-9999	-9999	-9999
2	10	1.0435	10.7528	11.6	6.086	0.266235	9.98208	15.522	7.83958	-9999	-9999	-9999
2	11	10.7646	10.7467	16.6	6.483	1.90883	9.78792	0.398	12.275	-9999	-9999	-9999
2	12	2.59404	10.6412	14.91	4.291	0.752991	9.26729	2.786	12.3208	-9999	-9999	-9999
2	13	11.7191	13.1562	17.14	5.401	4.98117	10.0363	1.791	12.2021	-9999	-9999	-9999
2	14	11.053	9.97217	17.13	4.075	2.85472	9.47354	0	11.9542	-9999	-9999	-9999
2	15	4.81453	12.0515	14.93	8.25	2.10465	9.86438	9.353	11.9104	-9999	-9999	-9999
2	16	13.612	11.368	18.06	5.814	4.95436	9.65833	0	12.3396	-9999	-9999	-9999
2	17	7.98003	10.591	15.26	7.86	4.25745	9.55458	0	12.1937	-9999	-9999	-9999
2	18	2.53124	9.24365	12.67	5.737	1.56803	9.26812	16.716	12.175	-9999	-9999	-9999
2	19	6.82977	11.6133	14.81	9.25	2.18564	9.58375	3.98	13.225	-9999	-9999	-9999
2	20	5.62154	12.494	15.91	8.66	2.60326	9.7925	1.791	13.2937	-9999	-9999	-9999
2	21	6.18784	12.36	17.62	6.821	1.61054	10.2369	6.965	13.1208	-9999	-9999	-9999
2	22	11.2378	10.8708	16.68	6.392	1.82186	10.004	0.199	13.2979	-9999	-9999	-9999
2	23	11.0396	10.8105	16.67	5.38	1.84932	9.42521	0.398	12.9812	-9999	-9999	-9999
2	24	7.22619	11.3369	15.3	7.43	1.31875	9.77354	0	12.6792	-9999	-9999	-9999
2	25	7.9514	12.8023	16.78	7.53	1.7816	9.82583	2.388	12.4063	-9999	-9999	-9999
2	26	12.9901	13.0683	17.3	7.08	3.68117	10.6006	0.796	12.1146	-9999	-9999	-9999
2	27	15.6034	11.8299	18.26	4.986	4.63344	10.0108	0	11.7625	-9999	-9999	-9999
2	28	1.94044	11.606	15.19	5.662	1.45997	9.80021	0	11.5479	-9999	-9999	-9999
3	1	9.10946	14.6337	17.43	10.93	2.8103	10.7452	0	11.325	-9999	-9999	-9999
3	2	7.95324	14.8852	17.86	11.12	3.13665	11.3394	0	11.1021	-9999	-9999	-9999
3	3	9.32384	14.4756	18.57	11.26	2.00088	11.4531	0	10.8979	-9999	-9999	-9999
3	4	15.9906	14.3604	19.67	10.07	2.24784	11.764	0.398	10.6958	-9999	-9999	-9999
3	5	11.8316	13.5681	17.95	9.82	1.51425	11.495	0.199	10.4646	-9999	-9999	-9999
3	6	13.3617	14.9369	18.85	10.62	2.24784	11.649	0.199	10.3	-9999	-9999	-9999
3	7	6.78391	13.8408	15.86	10.72	2.1354	12.1248	10.547	10.0875	-9999	-9999	-9999
3	8	7.16041	13.1258	17.38	9.98	2.5962	11.6958	0.199	9.91042	-9999	-9999	-9999
3	9	16.7275	14.1846	20.13	8.79	5.9854	11.4877	0	9.6125	-9999	-9999	-9999
3	10	8.04445	12.5706	17.83	7.64	6.39277	11.1735	0	9.2625	-9999	-9999	-9999
3	11	11.4392	13.9931	19.78	9.81	7.56428	11.3208	0	8.87292	-9999	-9999	-9999
3	12	16.1405	13.4023	20.14	6.612	6.27042	11.3354	0	8.48958	-9999	-9999	-9999
3	13	16.6012	12.0392	18.24	6.753	3.6725	11.2908	0	8.15417	-9999	-9999	-9999
3	14	17.4471	12.5966	19.33	6.116	4.54659	10.9017	0.199	7.86875	-9999	-9999	-9999
3	15	17.6015	13.2354	19.26	8.25	4.62201	11.0498	0	7.60417	-9999	-9999	-9999
3	16	16.2878	12.6412	18.42	6.789	2.35787	11.049	0.199	7.39792	-9999	-9999	-9999
3	17	16.8897	13.3556	17.67	8.23	2.07629	11.3504	0.199	7.24792	-9999	-9999	-9999
3	18	17.4472	13.2815	17.61	7.3	3.29583	11.1006	0.398	7.09583	-9999	-9999	-9999
3	19	4.0268	13.6608	15.96	4.517	3.29478	11.7527	14.328	6.93958	-9999	-9999	-9999
3	20	13.2698	9.2359	12.99	3.597	4.36215	10.7571	14.129	6.77292	-9999	-9999	-9999
3	21	10.9714	7.73354	13.62	4.474	1.97568	9.075	4.378	6.85417	-9999	-9999	-9999
3	22	7.23932	8.80371	13.51	5.779	4.04494	9.14625	0	7.58333	-9999	-9999	-9999
3	23	18.9783	9.46496	15.02	2.428	5.20489	8.95813	1.393	8.18333	-9999	-9999	-9999
3	24	4.45113	10.2746	12.97	7.21	2.9614	9.43271	4.975	8.40417	-9999	-9999	-9999
3	25	17.28	10.233	15.12	6.129	2.92469	9.46187	15.121	10.4875	-9999	-9999	-9999
3	26	16.8828	10.7894	15.75	5.126	3.81799	9.54646	0	12.0271	-9999	-9999	-9999
3	27	19.4929	10.1198	16.56	4.643	3.69927	9.57479	0	11.8583	-9999	-9999	-9999
3	28	18.5902	11.2036	16.86	4.101	3.74112	9.465	0	11.5979	-9999	-9999	-9999
3	29	9.92991	14.105	19.54	9.91	4.98789	10.4087	0	11.3208	-9999	-9999	-9999
3	30	9.57091	12.8265	17.35	8.56	2.91298	10.8594	0.597	11.0375	-9999	-9999	-9999
3	31	20.4822	11.6632	16.91	6.101	3.30874	10.771	0.199	10.7604	-9999	-9999	-9999
4	1	19.9129	12.9594	18.27	7.9	3.05279	10.691	0	10.45	-9999	-9999	-9999
4	2	19.3431	13.93	21.6	7.86	4.67031	10.8302	0.398	10.1125	-9999	-9999	-9999
4	3	10.8878	13.5348	17.97	8.76	3.38056	11.1146	3.582	9.78958	-9999	-9999	-9999
4	4	8.14235	12.7352	18.19	10.27	1.70462	11.4358	13.532	9.55	-9999	-9999	-9999
4	5	15.34	13.6542	21.54	8.08	3.48028	11.3633	0.199	9.42292	-9999	-9999	-9999
4	6	21.8566	13.4448	19.07	7.84	3.91521	11.4396	0	9.40625	-9999	-9999	-9999
4	7	21.0535	13.6308	18.26	8.56	2.73499	11.5269	0	9.34792	-9999	-9999	-9999
4	8	21.748	13.6829	19.94	7.64	3.77456	11.5298	0.199	9.20417	-9999	-9999	-9999
4	9	23.0152	13.8594	19.83	7.76	4.95799	11.6227	0	8.95208	-9999	-9999	-9999
4	10	18.9992	13.1958	18.99	5.438	2.42131	11.4971	0.199	8.70833	-9999	-9999	-9999
4	11	21.8395	14.3638	19.9	8.77	3.97316	11.7596	0.199	8.5375	-9999	-9999	-9999
4	12	22.3344	16.3463	23.05	9.16	7.04199	11.9673	0	8.2625	-9999	-9999	-9999
4	13	15.7348	17.8085	24.08	12.8	8.80678	12.6229	0	8.03333	-9999	-9999	-9999
4	14	4.40819	14.5644	17.72	12.91	2.52323	12.8156	3.383	7.92292	-9999	-9999	-9999
4	15	21.4932	16.9425	23.5	12.03	6.30241	13.0004	0.796	7.8875	-9999	-9999	-9999
4	16	23.0609	17.305	25.51	11.84	7.3939	13.2121	1.194	7.63125	-9999	-9999	-9999
4	17	22.7715	15.5435	21.05	9.58	3.3265	13.3054	0.199	7.39583	-9999	-9999	-9999
4	18	24.1892	15.3333	20.41	9	2.71803	13.2015	0.199	7.24583	-9999	-9999	-9999
4	19	23.387	15.7673	20.69	11.2	3.30558	13.3152	0.199	7.09375	-9999	-9999	-9999
4	20	24.3609	17.8892	23.82	11.27	6.67345	13.4902	0.199	6.89583	-9999	-9999	-9999
4	21	24.5901	18.6965	25.52	11.89	6.2735	14.1019	0	6.71875	-9999	-9999	-9999
4	22	24.2975	17.85	23.46	11.7	4.19174	14.4604	0.199	6.57917	-9999	-9999	-9999
4	23	23.335	17.0923	23.13	10.63	3.5122	14.3629	0.199	6.45	-9999	-9999	-9999
4	24	25.4314	16.9477	23.32	10.33	4.88883	14.2306	0.199	6.35208	-9999	-9999	-9999
4	25	24.4633	17.939	24.24	10.51	6.25622	14.1902	1.393	6.24792	-9999	-9999	-9999
4	26	14.9174	17.3085	21.76	11.99	4.57372	14.6556	0.199	6.2	-9999	-9999	-9999
4	27	23.0888	16.5921	21.81	10.66	5.67279	14.3044	0	6.19583	-9999	-9999	-9999
4	28	25.9067	16.9404	21.64	11.18	4.86104	14.2475	0	6.17292	-9999	-9999	-9999
4	29	24.3035	17.0754	22.43	11.02	4.2353	14.44	0.199	6.14167	-9999	-9999	-9999
4	30	10.3393	15.3387	19.61	12.86	2.12985	14.3527	7.96	6.1	-9999	-9999	-9999
5	1	23.2571	17.3535	21.72	13.06	5.04269	14.4071	0.199	6.04792	-9999	-9999	-9999
5	2	18.9968	17.719	21.61	12.7	4.67567	14.6587	0.597	6	-9999	-9999	-9999
5	3	16.2815	17.7537	21.32	12.48	3.28098	15.055	2.388	6	-9999	-9999	-9999
5	4	11.6612	16.6712	21.69	12.23	2.71241	15.1615	11.343	5.92917	-9999	-9999	-9999
5	5	18.2531	16.0544	21.03	11.51	4.1485	14.605	3.383	5.9	-9999	-9999	-9999
5	6	24.8496	16.4333	21.1	11.1	4.10746	14.371	0.398	5.9	-9999	-9999	-9999
5	7	20.9204	16.6196	22.97	11.61	4.03345	14.539	0.398	5.85208	-9999	-9999	-9999
5	8	26.4678	17.6623	23.75	11.46	5.1101	14.616	0.199	5.81667	-9999	-9999	-9999
5	9	26.2184	18.6635	23.36	12.08	4.68984	14.9073	0.199	5.8	-9999	-9999	-9999
5	10	25.794	19.0667	23.33	14.25	5.15514	15.6558	0	5.8	-9999	-9999	-9999
5	11	22.9191	18.9298	22.96	13.98	4.2549	15.8717	0	5.8	-9999	-9999	-9999
5	12	26.4407	19.1962	23.58	14.46	4.16507	15.9429	0.398	5.8	-9999	-9999	-9999
5	13	27.3213	19.3762	24.63	13.06	4.31138	16.0165	0.199	5.75417	-9999	-9999	-9999
5	14	27.6036	19.8835	24.45	13.56	4.4409	16.1596	0.199	5.73333	-9999	-9999	-9999
5	15	22.1917	18.945	21.54	12.26	5.54167	16.4456	0.199	5.7	-9999	-9999	-9999
5	16	25.0645	17.2113	21.76	11.11	6.10438	15.99	0	5.7	-9999	-9999	-9999
5	17	26.4292	16.6083	21.86	10.4	5.48466	15.4306	0	5.7	-9999	-9999	-9999
5	18	25.9202	18.2277	25.28	10.8	10.228	15.3127	0.199	5.68333	-9999	-9999	-9999
5	19	28.7284	17.9977	22.76	11.87	8.29348	15.4185	0	5.6375	-9999	-9999	-9999
5	20	28.4719	17.8223	23.36	10.48	7.74135	15.561	0	5.6	-9999	-9999	-9999
5	21	28.2729	19.195	25.23	11.09	7.13127	15.8221	0	5.6	-9999	-9999	-9999
5	22	27.7083	20.5808	26.72	14.02	7.04335	16.4825	0	5.57083	-9999	-9999	-9999
5	23	26.6214	23.029	30.76	16.48	8.56089	17.2629	0	5.5375	-9999	-9999	-9999
5	24	27.5779	22.9877	29.34	15.97	8.95516	17.9769	0	5.5	-9999	-9999	-9999
5	25	27.3307	22.0362	25.96	17.11	4.60751	18.2981	0.199	5.51458	-9999	-9999	-9999
5	26	15.9957	21.5546	27.01	15.76	5.5299	18.0608	0.199	5.51875	-9999	-9999	-9999
5	27	17.523	20.289	24.81	15.48	4.24734	17.8013	0	5.5	-9999	-9999	-9999
5	28	17.2419	17.8652	22.54	12.67	4.96945	17.0712	9.154	5.42917	-9999	-9999	-9999
5	29	14.2988	16.4404	19.52	11.04	5.13979	16.1721	4.378	5.4	-9999	-9999	-9999
5	30	25.6518	16.8612	22.2	11.1	5.42792	15.8348	0.199	5.37917	-9999	-9999	-9999
5	31	28.9957	17.185	21.87	9.7	5.27214	15.6956	0	5.33125	-9999	-9999	-9999
6	1	17.8388	18.9908	22.34	15.45	4.93732	16.1904	0.597	5.3	-9999	-9999	-9999
6	2	24.8891	18.6548	21.96	13.4	6.92654	16.5154	0	5.3	-9999	-9999	-9999
6	3	8.55235	16.1475	19.84	13.7	1.83261	16.164	6.965	5.3	-9999	-9999	-9999
6	4	25.3851	19.6829	26.52	12.94	6.14181	16.2448	1.791	5.3	-9999	-9999	-9999
6	5	29.0017	20.9919	26.47	15.07	7.97579	17.0238	0.199	5.3	-9999	-9999	-9999
6	6	23.4393	19.1444	22.87	14.08	3.80949	17.2798	0	5.3	-9999	-9999	-9999
6	7	25.4115	19.8179	25.15	12.9	6.26069	17.0421	0.199	5.3	-9999	-9999	-9999
6	8	22.7519	20.89	27.77	14.6	8.64855	17.3502	0	5.3	-9999	-9999	-9999
6	9	28.9207	21.0102	26.66	15.07	6.35305	17.7056	0	5.26667	-9999	-9999	-9999
6	10	27.3415	21.0615	25.2	15.21	4.16527	18.1023	0.199	5.2625	-9999	-9999	-9999
6	11	27.509	21.4181	25.86	15.93	4.66407	18.3831	0.199	5.25625	-9999	-9999	-9999
6	12	24.6837	21.2629	25.69	16.25	4.04549	18.3971	0.199	5.2375	-9999	-9999	-9999
6	13	28.0132	21.5615	25.41	17.12	4.95486	18.4448	0.199	5.225	-9999	-9999	-9999
6	14	28.2522	22.365	27.29	16.25	5.4054	18.6096	0.199	5.2	-9999	-9999	-9999
6	15	23.2811	23.2425	27.58	16.54	7.5296	18.8023	0	5.2	-9999	-9999	-9999
6	16	24.4047	22.8019	26.98	16.73	6.0867	19.4123	0	5.2125	-9999	-9999	-9999
6	17	28.1875	22.9365	27.84	16.52	8.87005	19.1535	0	5.3125	-9999	-9999	-9999
6	18	28.9699	23.505	29.46	15.82	12.0309	19.0552	0	5.4	-9999	-9999	-9999
6	19	21.9524	25.8517	34.21	18.58	15.4147	19.4556	0	5.35833	-9999	-9999	-9999
6	20	27.5448	24.5379	29.83	19.27	8.1424	19.7977	0	5.3	-9999	-9999	-9999
6	21	24.95	23.4596	27.84	18.08	5.22782	19.9421	0	5.3	-9999	-9999	-9999
6	22	24.3503	24.0446	30.48	18.42	6.38056	19.9035	0.199	5.225	-9999	-9999	-9999
6	23	25.1438	24.2781	27.41	18.97	6.33546	20.244	0	5.2	-9999	-9999	-9999
6	24	23.0181	25.2342	31.29	16.91	12.6404	19.9137	0	5.14375	-9999	-9999	-9999
6	25	27.3073	28.4017	32.71	20.83	15.6687	20.9404	0	5.1	-9999	-9999	-9999
6	26	18.0142	24.925	28.27	19.67	6.56534	21.2681	0	5.1	-9999	-9999	-9999
6	27	29.3286	22.7679	25.57	15.19	8.26673	20.5792	0	5.1	-9999	-9999	-9999
6	28	29.9107	21.1513	24.9	15.47	7.03613	19.9131	0	5.04792	-9999	-9999	-9999
6	29	29.6073	20.9427	25.06	14.91	5.54032	19.376	0.199	5	-9999	-9999	-9999
6	30	28.3624	21.4552	26.44	14.93	5.51557	19.1931	0.199	5	-9999	-9999	-9999
7	1	28.748	22.3131	26.62	16.93	5.18955	19.3356	0.199	5	-9999	-9999	-9999
7	2	14.917	22.6087	27.8	17.53	6.08726	19.3096	0.199	5	-9999	-9999	-9999
7	3	27.5419	23.1258	27.14	16.94	8.49356	19.2785	0	5	-9999	-9999	-9999
7	4	22.2368	23.746	26.97	15.38	9.40205	19.5594	0	4.97083	-9999	-9999	-9999
7	5	29.8364	21.5265	26.51	14.29	8.93278	19.3029	0	4.92708	-9999	-9999	-9999
7	6	30.0988	20.565	25.89	12.58	8.7618	18.899	0	4.9	-9999	-9999	-9999
7	7	30.2658	20.9983	26.01	13.9	7.86888	18.7408	0	4.9	-9999	-9999	-9999
7	8	29.2695	21.6621	27.05	14.31	6.42733	18.7079	0.199	4.9	-9999	-9999	-9999
7	9	28.5398	22.735	28.02	14.79	6.42235	19.0165	0.199	4.9	-9999	-9999	-9999
7	10	28.4059	22.6367	26.61	15.28	8.25319	19.5133	0.199	4.9	-9999	-9999	-9999
7	11	28.703	20.789	25.58	13	9.03588	18.8444	0	4.9	-9999	-9999	-9999
7	12	29.6688	21.2219	27.08	12.72	12.2856	18.6317	0	4.83125	-9999	-9999	-9999
7	13	29.3554	22.1556	28.91	14.55	13.381	18.7633	0	4.8	-9999	-9999	-9999
7	14	29.5129	23.7617	30.76	14.22	18.5475	18.784	0	4.8	-9999	-9999	-9999
7	15	29.3727	24.7583	31.6	15.37	18.3584	19.1302	0	4.8	-9999	-9999	-9999
7	16	29.2619	25.2517	32.09	17.71	17.7932	19.4502	0	4.8	-9999	-9999	-9999
7	17	28.3891	24.724	31.95	15.67	16.014	19.7296	0	4.8	-9999	-9999	-9999
7	18	28.2041	25.4231	31.84	16.97	16.3704	19.9171	0	4.8	-9999	-9999	-9999
7	19	28.398	25.6983	32.99	16.38	17.1719	20.1292	0	4.8	-9999	-9999	-9999
7	20	28.6103	26.0798	33.57	17.02	17.8472	20.2448	0	4.8	-9999	-9999	-9999
7	21	27.3681	26.0194	32.21	18.93	16.0232	20.4538	0	4.8	-9999	-9999	-9999
7	22	25.8658	25.6321	30.27	19.05	9.36084	20.7738	0	4.8	-9999	-9999	-9999
7	23	24.9151	26.7308	32.39	19.9	10.6268	21.1504	0	4.8	-9999	-9999	-9999
7	24	25.7541	28.1631	32.83	19.07	14.7045	21.8819	0	4.8	-9999	-9999	-9999
7	25	28.2329	24.7365	30.9	18.28	12.0606	21.5873	0	4.8	-9999	-9999	-9999
7	26	25.8022	24.9229	30.03	18.18	8.32517	21.1406	0	4.73333	-9999	-9999	-9999
7	27	27.152	25.899	32.26	19.19	10.8856	21.2446	0	4.7	-9999	-9999	-9999
7	28	26.9682	25.4546	32.55	18.88	8.80008	21.3017	0.199	4.7	-9999	-9999	-9999
7	29	25.4597	24.376	28.48	19.36	5.16932	21.3685	0.199	4.7	-9999	-9999	-9999
7	30	24.831	24.5512	28.39	20.65	6.99936	21.2254	0.199	4.7	-9999	-9999	-9999
7	31	23.7681	25.2775	29.1	16.58	10.7748	21.1877	0	4.7	-9999	-9999	-9999
8	1	27.0888	24.1965	29.92	17.07	14.301	20.9785	0	4.7	-9999	-9999	-9999
8	2	27.1643	23.8521	29.87	15.76	12.5803	20.4737	0	4.7	-9999	-9999	-9999
8	3	21.822	23.9935	29.05	16.08	7.19712	20.5138	0	4.7	-9999	-9999	-9999
8	4	25.6181	24.6808	29.28	18.88	9.45116	20.7483	0	4.7	-9999	-9999	-9999
8	5	27.3841	26.1433	32.72	16.99	23.8196	20.6835	0	4.7	-9999	-9999	-9999
8	6	26.8272	22.9923	28.5	17.12	13.405	20.4125	0	4.69375	-9999	-9999	-9999
8	7	25.5912	22.8027	27.69	15.39	7.50851	20.2604	0	4.63125	-9999	-9999	-9999
8	8	25.1482	24.3025	28.83	17.93	6.42306	20.495	0.199	4.6	-9999	-9999	-9999
8	9	25.7359	23.7044	26.89	14.98	11.9581	20.8025	0.199	4.62917	-9999	-9999	-9999
8	10	13.5802	20.4527	23.9	15.37	7.10859	20.0392	0.995	4.6	-9999	-9999	-9999
8	11	16.3447	20.7829	26.99	13.93	6.7473	19.174	0.199	4.6	-9999	-9999	-9999
8	12	25.6682	22.37	26.85	16.67	7.13963	19.5142	0	4.6	-9999	-9999	-9999
8	13	23.3163	22.7627	27.79	16.8	6.22424	19.5896	0.199	4.6	-9999	-9999	-9999
8	14	24.3035	23.401	27.58	18.43	5.10791	19.9298	0	4.6	-9999	-9999	-9999
8	15	24.9715	24.5829	31.3	18.36	10.8514	20.1669	0.199	4.6	-9999	-9999	-9999
8	16	25.1131	23.7862	28.91	17.94	6.77576	20.2856	0	4.6	-9999	-9999	-9999
8	17	24.3671	23.3788	27.98	16.12	5.26485	20.3558	0.398	4.6	-9999	-9999	-9999
8	18	25.3748	22.6065	27.3	16.34	8.03105	20.1658	0.199	4.6	-9999	-9999	-9999
8	19	24.5323	21.8575	27.22	15.47	7.44591	19.7254	0	4.6	-9999	-9999	-9999
8	20	21.9494	23.2694	26.93	16.39	9.18802	19.7202	0	4.6	-9999	-9999	-9999
8	21	18.3993	24.3388	28.42	20.14	9.33179	20.2658	0	4.6	-9999	-9999	-9999
8	22	17.2073	25.025	30.86	18.73	8.203	20.4563	0.199	4.6	-9999	-9999	-9999
8	23	9.06729	26.3246	31.37	22.56	8.62368	21.1304	0.796	4.6	-9999	-9999	-9999
8	24	15.3314	27.4383	34.74	21.26	17.5496	21.224	0	4.6	-9999	-9999	-9999
8	25	22.5421	29.7875	38.68	23.31	24.4941	21.8046	0	4.6	-9999	-9999	-9999
8	26	22.7001	29.5177	37.27	19.46	23.831	22.1623	0	4.6	-9999	-9999	-9999
8	27	22.7492	26.9431	32.39	19.64	18.4805	22.0767	0	4.6	-9999	-9999	-9999
8	28	22.3798	24.8758	30.05	18.77	8.32106	21.5723	0.199	4.6	-9999	-9999	-9999
8	29	22.2173	26.1242	32.41	17.71	11.6785	21.5567	0	4.6	-9999	-9999	-9999
8	30	12.9125	27.4325	31.61	17.57	11.9931	22.1338	0.199	4.6	-9999	-9999	-9999
8	31	20.399	23.75	26.72	16.87	7.91362	22.1321	0	4.6	-9999	-9999	-9999
9	1	22.4546	22.9529	28.66	16.4	12.3057	20.9381	0	4.6	-9999	-9999	-9999
9	2	22.6185	23.2846	28.92	15.72	12.31	20.6271	0	4.6	-9999	-9999	-9999
9	3	22.6519	22.335	29.75	16.17	11.0188	20.3667	0	4.5375	-9999	-9999	-9999
9	4	12.77	21.3402	26.33	12.13	8.57689	20.149	0	4.5	-9999	-9999	-9999
9	5	23.5314	18.4977	24.39	12.67	14.1025	19.0927	0	4.5	-9999	-9999	-9999
9	6	16.2017	15.455	23.02	8.32	7.68499	17.7987	11.545	4.52917	-9999	-9999	-9999
9	7	21.8915	18.1421	24.39	10.79	8.16709	17.3988	0	4.67917	-9999	-9999	-9999
9	8	21.8586	19.3319	25.12	12.49	6.26807	17.7692	0	4.66042	-9999	-9999	-9999
9	9	21.8658	20.5019	25.21	15.64	5.46354	18.0185	0.199	4.65833	-9999	-9999	-9999
9	10	20.5914	21.7	26.61	15.48	6.14636	18.3837	2.786	4.64375	-9999	-9999	-9999
9	11	20.5051	21.2433	26.12	15.08	5.43278	18.8188	0.199	4.63125	-9999	-9999	-9999
9	12	19.8687	20.3792	26.38	14.87	7.61842	18.5867	0	4.6	-9999	-9999	-9999
9	13	21.4082	19.7529	25.51	13.29	7.38364	18.1006	0	4.6	-9999	-9999	-9999
9	14	17.7682	20.0177	25.86	14.83	5.62333	18.0494	0	4.6	-9999	-9999	-9999
9	15	19.5891	21.5685	28.71	14.09	7.21948	18.084	0	4.6	-9999	-9999	-9999
9	16	18.6168	22.8975	28.06	17.52	4.77523	18.8594	0.199	4.6	-9999	-9999	-9999
9	17	13.3171	23.7225	28.03	20.66	4.21438	19.5383	0.199	4.6	-9999	-9999	-9999
9	18	8.4825	23.8471	27.43	18.57	4.279	20.0121	7.761	4.6	-9999	-9999	-9999
9	19	18.0235	21.0229	25.05	14.32	7.0473	19.5846	0	4.6	-9999	-9999	-9999
9	20	20.0917	20.1369	27.53	14.19	11.9573	18.5944	0	4.6	-9999	-9999	-9999
9	21	18.8669	18.134	24.69	12.29	8.016	17.6758	0	4.6	-9999	-9999	-9999
9	22	18.3783	18.9685	24.87	12.76	7.09086	17.4448	0	4.57917	-9999	-9999	-9999
9	23	17.643	19.4692	26.5	13.56	6.39282	17.4021	0	4.54792	-9999	-9999	-9999
9	24	16.7578	20.1085	25.61	13.55	6.03275	17.5367	0	4.53125	-9999	-9999	-9999
9	25	16.2503	20.9271	26.64	15.56	8.00159	17.9529	0	4.54583	-9999	-9999	-9999
9	26	17.0193	19.8369	23.78	15.08	7.43588	17.6592	0	4.52292	-9999	-9999	-9999
9	27	9.6453	19.1548	23.02	15.21	7.65791	17.7117	22.086	4.70208	-9999	-9999	-9999
9	28	10.9227	19.0017	21.02	13.99	8.651	17.1929	0.398	5.63125	-9999	-9999	-9999
9	29	10.365	18.0392	23.87	14.08	4.65104	17.2092	1.791	5.49583	-9999	-9999	-9999
9	30	17.6705	18.4285	26.96	12.81	7.12608	16.936	0.199	5.29792	-9999	-9999	-9999
10	1	17.3947	19.4373	27.33	14.09	6.695	16.9979	0	5.0875	-9999	-9999	-9999
10	2	17.1424	19.8594	26.33	14.33	4.97335	17.2213	0.199	4.96458	-9999	-9999	-9999
10	3	16.2366	19.7431	26.19	14.17	4.07299	17.3913	0.398	4.93125	-9999	-9999	-9999
10	4	14.6058	19.7625	27.89	14.36	5.13719	17.4638	0.199	4.87708	-9999	-9999	-9999
10	5	14.3696	20.0604	27.17	13.35	5.50343	17.3533	0	4.83333	-9999	-9999	-9999
10	6	9.87379	20.3854	27.24	15.59	5.2213	17.9317	15.917	4.95625	-9999	-9999	-9999
10	7	14.3111	19.931	26.28	14.21	6.0803	17.7385	0.398	5.94167	-9999	-9999	-9999
10	8	16.2606	18.6344	25.48	13.31	6.18445	17.395	0	5.88333	-9999	-9999	-9999
10	9	11.4978	18.6944	24.1	13.57	4.10741	17.0677	0	5.59583	-9999	-9999	-9999
10	10	4.68445	17.3023	19.92	15.54	1.40273	17.2829	1.592	5.42708	-9999	-9999	-9999
10	11	9.87602	17.8533	24.25	13.44	4.5074	16.9056	1.393	5.325	-9999	-9999	-9999
10	12	13.2658	17.536	23.56	13.13	4.84775	16.5242	0.199	5.2125	-9999	-9999	-9999
10	13	14.6727	17.8617	23.91	13.03	5.37674	16.2767	0	5.1	-9999	-9999	-9999
10	14	15.8854	17.2554	24.57	11.35	9.36895	16.0896	0	5.03125	-9999	-9999	-9999
10	15	15.6155	15.1702	21.56	10.56	7.63628	15.4365	0	4.93958	-9999	-9999	-9999
10	16	15.5199	15.6329	22.89	9.15	6.39171	15	0	4.9	-9999	-9999	-9999
10	17	11.7359	17.8696	24.89	11.47	6.66879	15.2104	0	4.80625	-9999	-9999	-9999
10	18	9.4802	18.0708	23.19	10.15	3.12323	15.8944	3.582	4.8	-9999	-9999	-9999
10	19	12.026	15.3112	21.41	9.13	9.00484	15.5633	0	4.8	-9999	-9999	-9999
10	20	13.2865	12.149	18	8.63	8.52622	13.9833	0	4.72708	-9999	-9999	-9999
10	21	12.0035	10.8275	15.87	7.98	7.51597	13.0317	0	4.7	-9999	-9999	-9999
10	22	7.95607	10.2679	12.65	8.16	4.96128	12.4233	0	4.63125	-9999	-9999	-9999
10	23	14.389	11.233	18.29	5.183	4.69393	12.2035	0	4.6	-9999	-9999	-9999
10	24	9.33778	14.0571	19.21	10.23	4.88446	12.6333	0	4.6	-9999	-9999	-9999
10	25	3.01437	13.8369	18.3	9.26	2.88126	12.9417	3.383	4.6	-9999	-9999	-9999
10	26	4.41189	19.3337	24.5	13.85	5.96231	14.45	0.597	4.6	-9999	-9999	-9999
10	27	11.6718	18.2648	25.69	13.51	6.58751	15.1606	0	4.6	-9999	-9999	-9999
10	28	11.5468	16.2202	23.68	12.14	3.00374	14.97	0	4.6	-9999	-9999	-9999
10	29	9.58603	16.2521	22.64	10.9	2.51307	14.5685	2.587	4.6	-9999	-9999	-9999
10	30	5.03631	17.495	23.38	13.37	3.15949	15.1923	26.866	4.7125	-9999	-9999	-9999
10	31	2.00477	15.3865	17.05	11.25	0.675393	15.1477	27.665	7.23333	-9999	-9999	-9999
11	1	3.40084	13.5517	15.42	11.59	2.19671	14.5227	3.98	10.9063	-9999	-9999	-9999
11	2	9.45008	14.3533	20.41	9.24	5.43586	13.9008	0	10.6875	-9999	-9999	-9999
11	3	11.4394	13.9083	21.59	9.24	5.28848	13.5979	0	10.3958	-9999	-9999	-9999
11	4	11.581	13.8075	21.01	9.14	3.72062	13.2167	0	10.1062	-9999	-9999	-9999
11	5	11.1257	13.8542	21.63	8.97	4.55193	13.1279	0.199	9.84375	-9999	-9999	-9999
11	6	8.89863	12.4392	18.95	6.442	4.18648	12.7762	0	9.54583	-9999	-9999	-9999
11	7	11.44	11.7705	19.21	6.748	5.00373	12.684	0	9.225	-9999	-9999	-9999
11	8	11.0016	12.3151	20	5.806	4.01817	12.0954	0	8.85625	-9999	-9999	-9999
11	9	6.08326	14.0196	19	7.28	4.04353	12.5873	6.965	8.56667	-9999	-9999	-9999
11	10	10.8502	10.0498	15.86	3.928	6.37307	11.6779	0	8.23958	-9999	-9999	-9999
11	11	5.3043	14.2775	18.44	10.01	4.14711	11.8431	0.597	7.92292	-9999	-9999	-9999
11	12	7.9251	14.3269	19.42	9.78	4.78992	12.7502	0	7.70833	-9999	-9999	-9999
11	13	7.68163	11.3874	18.37	4.224	5.53395	12.0756	0.597	7.43333	-9999	-9999	-9999
11	14	2.31802	10.0869	15.62	4.599	1.70747	11.904	8.955	7.23958	-9999	-9999	-9999
11	15	7.39963	7.50029	14.01	3.196	1.85041	10.5925	16.318	7.18333	-9999	-9999	-9999
11	16	1.7923	7.50119	8.67	3.331	0.938792	10.0242	12.338	10.1458	-9999	-9999	-9999
11	17	7.86126	7.59881	12.95	2.625	3.51801	9.76146	0.995	11.4604	-9999	-9999	-9999
11	18	7.9014	6.11675	12.16	1.74	3.06197	9.14396	0	11.1979	-9999	-9999	-9999
11	19	9.70217	6.23427	13.99	1.542	3.22017	8.47042	0	10.9771	-9999	-9999	-9999
11	20	9.70551	8.33233	15.99	2.529	3.35306	8.35521	0	10.7625	-9999	-9999	-9999
11	21	5.33559	11.0425	16.8	5.173	3.25059	9.0825	0	10.5688	-9999	-9999	-9999
11	22	5.07271	15.9215	18.93	12.88	5.99435	10.5692	0	10.4063	-9999	-9999	-9999
11	23	5.38651	17.8517	20.5	13.79	6.7955	12.1873	0	10.2104	-9999	-9999	-9999
11	24	4.64744	16.9415	20.28	12.33	3.49542	13.2117	7.759	10.0437	-9999	-9999	-9999
11	25	2.56344	13.7104	16.08	11.02	0.362033	13.066	3.383	9.93958	-9999	-9999	-9999
11	26	6.21381	13.5873	19.48	9.65	1.77706	12.6427	0.199	9.92917	-9999	-9999	-9999
11	27	6.84025	12.8194	18.27	9.57	2.41832	12.1319	0.398	9.94792	-9999	-9999	-9999
11	28	6.17869	11.4373	16.2	7.81	4.61009	11.6985	0	9.80833	-9999	-9999	-9999
11	29	1.62749	9.525	11.16	7.82	2.12155	11.0592	1.99	9.66458	-9999	-9999	-9999
11	30	5.69935	10.1038	15.33	7.09	1.74407	10.8004	1.791	9.56458	-9999	-9999	-9999
12	1	5.88105	11.4088	17.23	6.134	3.24561	10.4208	0	9.45208	-9999	-9999	-9999
12	2	2.38204	12.7721	16.3	7.74	1.73773	11.059	0.398	9.4	-9999	-9999	-9999
12	3	1.93887	14.3013	16.63	6.344	3.8534	11.6217	1.791	9.33958	-9999	-9999	-9999
12	4	8.66798	9.62815	16.4	4.224	4.56134	10.8194	0.199	9.15833	-9999	-9999	-9999
12	5	8.40321	8.29927	15.45	1.419	5.52108	9.52563	0	8.89583	-9999	-9999	-9999
12	6	7.32992	7.9546	14.64	3.759	3.86272	8.90229	0.199	8.62083	-9999	-9999	-9999
12	7	3.7047	9.94565	15.36	3.319	1.92927	8.73271	2.388	8.45208	-9999	-9999	-9999
12	8	2.97279	11.9231	14.95	8.25	3.15332	10.265	1.194	8.4	-9999	-9999	-9999
12	9	1.35719	9.4189	14.59	3.894	1.83477	9.57646	23.68	8.5	-9999	-9999	-9999
12	10	4.95738	10.6438	16.63	6.45	2.17804	9.97188	3.582	11.0271	-9999	-9999	-9999
12	11	6.09343	9.10177	14.8	6.381	1.44575	9.79173	1.62587	11.7708	-9999	-9999	-9999
12	12	7.67341	8.56031	14.094	5.195	2.01215	9.57756	-9999	-9999	-9999	-9999	-9999
12	13	7.62898	8.54519	14.094	5.3388	2.00165	9.57753	-9999	-9999	-9999	-9999	-9999
12	14	7.62898	8.54519	6.29567	5.4218	2.00165	9.57753	-9999	-9999	-9999	-9999	-9999
12	15	5.94485	9.01585	-9999	-9999	2.10251	9.60092	-9999	-9999	-9999	-9999	-9999
12	16	5.27518	9.54953	-9999	-9999	1.86123	9.77026	-9999	-9999	-9999	-9999	-9999
12	17	6.26842	9.13499	-9999	-9999	1.75682	9.75647	-9999	-9999	-9999	-9999	-9999
12	18	6.63721	8.69583	-9999	-9999	1.84996	9.65137	-9999	-9999	-9999	-9999	-9999
12	19	6.12707	9.15874	-9999	-9999	1.99521	9.5734	-9999	-9999	-9999	-9999	-9999
12	20	6.00355	9.50442	-9999	-9999	1.86006	9.81106	-9999	-9999	-9999	-9999	-9999
12	21	6.77768	8.79548	-9999	-9999	1.68409	9.68751	-9999	-9999	-9999	-9999	-9999
12	22	5.94485	9.01585	-9999	-9999	2.10251	9.60092	-9999	-9999	-9999	-9999	-9999
12	23	5.27518	9.54953	-9999	-9999	1.86123	9.77026	-9999	-9999	-9999	-9999	-9999
12	24	6.26842	9.13499	-9999	-9999	1.75682	9.75647	-9999	-9999	-9999	-9999	-9999
12	25	6.63721	8.69583	-9999	-9999	1.84996	9.65137	-9999	-9999	-9999	-9999	-9999
12	26	6.12707	9.15874	-9999	-9999	1.99521	9.5734	-9999	-9999	-9999	-9999	-9999
12	27	6.00355	9.50442	-9999	-9999	1.86006	9.81106	-9999	-9999	-9999	-9999	-9999
12	28	6.77768	8.79548	-9999	-9999	1.68409	9.68751	-9999	-9999	-9999	-9999	-9999
12	29	5.94485	9.01585	-9999	-9999	2.10251	9.60092	-9999	-9999	-9999	-9999	-9999
12	30	5.27518	9.54953	-9999	-9999	1.86123	9.77026	-9999	-9999	-9999	-9999	-9999
12	31	6.26842	9.13499	-9999	-9999	1.75682	9.75647	-9999	-9999	-9999	-9999	-9999
