Month	n_days	Rg_f	Ta_f	Tmax	Tmin	VPD_f	Ts_f	Precip	SWC	LAI	ET	Litterfall
1	1	-9999	-9999	-9999	-9999	-9999	-9999	-9999	-9999	-9999	-9999	-9999
1	2	-9999	-9999	-9999	-9999	-9999	-9999	-9999	-9999	-9999	-9999	-9999
1	3	-9999	-9999	-9999	-9999	-9999	-9999	-9999	-9999	-9999	-9999	-9999
1	4	-9999	-9999	-9999	-9999	-9999	-9999	-9999	-9999	-9999	-9999	-9999
1	5	-9999	-9999	-9999	-9999	-9999	-9999	-9999	-9999	-9999	-9999	-9999
1	6	-9999	-9999	-9999	-9999	-9999	-9999	-9999	-9999	-9999	-9999	-9999
1	7	-9999	-9999	-9999	-9999	-9999	-9999	-9999	-9999	-9999	-9999	-9999
1	8	-9999	-9999	-9999	-9999	-9999	-9999	-9999	-9999	-9999	-9999	-9999
1	9	-9999	-9999	-9999	-9999	-9999	-9999	-9999	-9999	-9999	-9999	-9999
1	10	-9999	-9999	-9999	-9999	-9999	-9999	-9999	-9999	-9999	-9999	-9999
1	11	-9999	-9999	-9999	-9999	-9999	-9999	-9999	-9999	-9999	-9999	-9999
1	12	-9999	-9999	-9999	-9999	-9999	-9999	-9999	-9999	-9999	-9999	-9999
1	13	-9999	-9999	-9999	-9999	-9999	-9999	-9999	-9999	-9999	-9999	-9999
1	14	-9999	-9999	-9999	-9999	-9999	-9999	-9999	-9999	-9999	-9999	-9999
1	15	-9999	-9999	-9999	-9999	-9999	-9999	-9999	-9999	-9999	-9999	-9999
1	16	-9999	-9999	-9999	-9999	-9999	-9999	-9999	-9999	-9999	-9999	-9999
1	17	-9999	-9999	-9999	-9999	-9999	-9999	-9999	-9999	-9999	-9999	-9999
1	18	-9999	-9999	-9999	-9999	-9999	-9999	-9999	-9999	-9999	-9999	-9999
1	19	-9999	-9999	-9999	-9999	-9999	-9999	-9999	-9999	-9999	-9999	-9999
1	20	-9999	-9999	-9999	-9999	-9999	-9999	-9999	-9999	-9999	-9999	-9999
1	21	-9999	-9999	-9999	-9999	-9999	-9999	-9999	-9999	-9999	-9999	-9999
1	22	-9999	-9999	-9999	-9999	-9999	-9999	-9999	-9999	-9999	-9999	-9999
1	23	-9999	-9999	-9999	-9999	-9999	-9999	-9999	-9999	-9999	-9999	-9999
1	24	-9999	-9999	-9999	-9999	-9999	-9999	-9999	-9999	-9999	-9999	-9999
1	25	-9999	-9999	-9999	-9999	-9999	-9999	-9999	-9999	-9999	-9999	-9999
1	26	-9999	-9999	-9999	-9999	-9999	-9999	-9999	-9999	-9999	-9999	-9999
1	27	-9999	-9999	-9999	-9999	-9999	-9999	-9999	-9999	-9999	-9999	-9999
1	28	-9999	-9999	-9999	-9999	-9999	-9999	-9999	-9999	-9999	-9999	-9999
1	29	-9999	-9999	-9999	-9999	-9999	-9999	-9999	-9999	-9999	-9999	-9999
1	30	-9999	-9999	-9999	-9999	-9999	-9999	-9999	-9999	-9999	-9999	-9999
1	31	-9999	-9999	-9999	-9999	-9999	-9999	-9999	-9999	-9999	-9999	-9999
2	1	-9999	-9999	-9999	-9999	-9999	-9999	-9999	-9999	-9999	-9999	-9999
2	2	-9999	-9999	-9999	-9999	-9999	-9999	-9999	-9999	-9999	-9999	-9999
2	3	-9999	-9999	-9999	-9999	-9999	-9999	-9999	-9999	-9999	-9999	-9999
2	4	-9999	-9999	-9999	-9999	-9999	-9999	-9999	-9999	-9999	-9999	-9999
2	5	-9999	-9999	-9999	-9999	-9999	-9999	-9999	-9999	-9999	-9999	-9999
2	6	-9999	-9999	-9999	-9999	-9999	-9999	-9999	-9999	-9999	-9999	-9999
2	7	-9999	-9999	-9999	-9999	-9999	-9999	-9999	-9999	-9999	-9999	-9999
2	8	-9999	-9999	-9999	-9999	-9999	-9999	-9999	-9999	-9999	-9999	-9999
2	9	-9999	-9999	-9999	-9999	-9999	-9999	-9999	-9999	-9999	-9999	-9999
2	10	-9999	-9999	-9999	-9999	-9999	-9999	-9999	-9999	-9999	-9999	-9999
2	11	-9999	-9999	-9999	-9999	-9999	-9999	-9999	-9999	-9999	-9999	-9999
2	12	-9999	-9999	-9999	-9999	-9999	-9999	-9999	-9999	-9999	-9999	-9999
2	13	-9999	-9999	-9999	-9999	-9999	-9999	-9999	-9999	-9999	-9999	-9999
2	14	-9999	-9999	-9999	-9999	-9999	-9999	-9999	-9999	-9999	-9999	-9999
2	15	-9999	-9999	-9999	-9999	-9999	-9999	-9999	-9999	-9999	-9999	-9999
2	16	-9999	-9999	-9999	-9999	-9999	-9999	-9999	-9999	-9999	-9999	-9999
2	17	-9999	-9999	-9999	-9999	-9999	-9999	-9999	-9999	-9999	-9999	-9999
2	18	-9999	-9999	-9999	-9999	-9999	-9999	-9999	-9999	-9999	-9999	-9999
2	19	-9999	-9999	-9999	-9999	-9999	-9999	-9999	-9999	-9999	-9999	-9999
2	20	-9999	-9999	-9999	-9999	-9999	-9999	-9999	-9999	-9999	-9999	-9999
2	21	-9999	-9999	-9999	-9999	-9999	-9999	-9999	-9999	-9999	-9999	-9999
2	22	-9999	-9999	-9999	-9999	-9999	-9999	-9999	-9999	-9999	-9999	-9999
2	23	-9999	-9999	-9999	-9999	-9999	-9999	-9999	-9999	-9999	-9999	-9999
2	24	-9999	-9999	-9999	-9999	-9999	-9999	-9999	-9999	-9999	-9999	-9999
2	25	-9999	-9999	-9999	-9999	-9999	-9999	-9999	-9999	-9999	-9999	-9999
2	26	-9999	-9999	-9999	-9999	-9999	-9999	-9999	-9999	-9999	-9999	-9999
2	27	-9999	-9999	-9999	-9999	-9999	-9999	-9999	-9999	-9999	-9999	-9999
2	28	-9999	-9999	-9999	-9999	-9999	-9999	-9999	-9999	-9999	-9999	-9999
3	1	-9999	-9999	-9999	-9999	-9999	-9999	-9999	-9999	-9999	-9999	-9999
3	2	-9999	-9999	-9999	-9999	-9999	-9999	-9999	-9999	-9999	-9999	-9999
3	3	-9999	-9999	-9999	-9999	-9999	-9999	-9999	-9999	-9999	-9999	-9999
3	4	-9999	-9999	-9999	-9999	-9999	-9999	-9999	-9999	-9999	-9999	-9999
3	5	-9999	-9999	-9999	-9999	-9999	-9999	-9999	-9999	-9999	-9999	-9999
3	6	-9999	-9999	-9999	-9999	-9999	-9999	-9999	-9999	-9999	-9999	-9999
3	7	-9999	-9999	-9999	-9999	-9999	-9999	-9999	-9999	-9999	-9999	-9999
3	8	-9999	-9999	-9999	-9999	-9999	-9999	-9999	-9999	-9999	-9999	-9999
3	9	-9999	-9999	-9999	-9999	-9999	-9999	-9999	-9999	-9999	-9999	-9999
3	10	-9999	-9999	-9999	-9999	-9999	-9999	-9999	-9999	-9999	-9999	-9999
3	11	-9999	-9999	-9999	-9999	-9999	-9999	-9999	-9999	-9999	-9999	-9999
3	12	-9999	-9999	-9999	-9999	-9999	-9999	-9999	-9999	-9999	-9999	-9999
3	13	-9999	-9999	-9999	-9999	-9999	-9999	-9999	-9999	-9999	-9999	-9999
3	14	-9999	-9999	-9999	-9999	-9999	-9999	-9999	-9999	-9999	-9999	-9999
3	15	-9999	-9999	-9999	-9999	-9999	-9999	-9999	-9999	-9999	-9999	-9999
3	16	-9999	-9999	-9999	-9999	-9999	-9999	-9999	-9999	-9999	-9999	-9999
3	17	-9999	-9999	-9999	-9999	-9999	-9999	-9999	-9999	-9999	-9999	-9999
3	18	-9999	-9999	-9999	-9999	-9999	-9999	-9999	-9999	-9999	-9999	-9999
3	19	-9999	-9999	-9999	-9999	-9999	-9999	-9999	-9999	-9999	-9999	-9999
3	20	-9999	-9999	-9999	-9999	-9999	-9999	-9999	-9999	-9999	-9999	-9999
3	21	-9999	-9999	-9999	-9999	-9999	-9999	-9999	-9999	-9999	-9999	-9999
3	22	-9999	-9999	-9999	-9999	-9999	-9999	-9999	-9999	-9999	-9999	-9999
3	23	-9999	-9999	-9999	-9999	-9999	-9999	-9999	-9999	-9999	-9999	-9999
3	24	-9999	-9999	-9999	-9999	-9999	-9999	-9999	-9999	-9999	-9999	-9999
3	25	-9999	-9999	-9999	-9999	-9999	-9999	-9999	-9999	-9999	-9999	-9999
3	26	-9999	-9999	-9999	-9999	-9999	-9999	-9999	-9999	-9999	-9999	-9999
3	27	-9999	-9999	-9999	-9999	-9999	-9999	-9999	-9999	-9999	-9999	-9999
3	28	-9999	-9999	-9999	-9999	-9999	-9999	-9999	-9999	-9999	-9999	-9999
3	29	-9999	-9999	-9999	-9999	-9999	-9999	-9999	-9999	-9999	-9999	-9999
3	30	-9999	-9999	-9999	-9999	-9999	-9999	-9999	-9999	-9999	-9999	-9999
3	31	-9999	-9999	-9999	-9999	-9999	-9999	-9999	-9999	-9999	-9999	-9999
4	1	-9999	-9999	-9999	-9999	-9999	-9999	-9999	-9999	-9999	-9999	-9999
4	2	-9999	-9999	-9999	-9999	-9999	-9999	-9999	-9999	-9999	-9999	-9999
4	3	-9999	-9999	-9999	-9999	-9999	-9999	-9999	-9999	-9999	-9999	-9999
4	4	-9999	-9999	-9999	-9999	-9999	-9999	-9999	-9999	-9999	-9999	-9999
4	5	-9999	-9999	-9999	-9999	-9999	-9999	-9999	-9999	-9999	-9999	-9999
4	6	-9999	-9999	-9999	-9999	-9999	-9999	-9999	-9999	-9999	-9999	-9999
4	7	-9999	-9999	-9999	-9999	-9999	-9999	-9999	-9999	-9999	-9999	-9999
4	8	-9999	-9999	-9999	-9999	-9999	-9999	-9999	-9999	-9999	-9999	-9999
4	9	-9999	-9999	-9999	-9999	-9999	-9999	-9999	-9999	-9999	-9999	-9999
4	10	-9999	-9999	-9999	-9999	-9999	-9999	-9999	-9999	-9999	-9999	-9999
4	11	-9999	-9999	-9999	-9999	-9999	-9999	-9999	-9999	-9999	-9999	-9999
4	12	-9999	-9999	-9999	-9999	-9999	-9999	-9999	-9999	-9999	-9999	-9999
4	13	-9999	-9999	-9999	-9999	-9999	-9999	-9999	-9999	-9999	-9999	-9999
4	14	-9999	-9999	-9999	-9999	-9999	-9999	-9999	-9999	-9999	-9999	-9999
4	15	-9999	-9999	-9999	-9999	-9999	-9999	-9999	-9999	-9999	-9999	-9999
4	16	-9999	-9999	-9999	-9999	-9999	-9999	-9999	-9999	-9999	-9999	-9999
4	17	-9999	-9999	-9999	-9999	-9999	-9999	-9999	-9999	-9999	-9999	-9999
4	18	-9999	-9999	-9999	-9999	-9999	-9999	-9999	-9999	-9999	-9999	-9999
4	19	-9999	-9999	-9999	-9999	-9999	-9999	-9999	-9999	-9999	-9999	-9999
4	20	-9999	-9999	-9999	-9999	-9999	-9999	-9999	-9999	-9999	-9999	-9999
4	21	-9999	-9999	-9999	-9999	-9999	-9999	-9999	-9999	-9999	-9999	-9999
4	22	-9999	-9999	-9999	-9999	-9999	-9999	-9999	-9999	-9999	-9999	-9999
4	23	-9999	-9999	-9999	-9999	-9999	-9999	-9999	-9999	-9999	-9999	-9999
4	24	-9999	-9999	-9999	-9999	-9999	-9999	-9999	-9999	-9999	-9999	-9999
4	25	-9999	-9999	-9999	-9999	-9999	-9999	-9999	-9999	-9999	-9999	-9999
4	26	-9999	-9999	-9999	-9999	-9999	-9999	-9999	-9999	-9999	-9999	-9999
4	27	-9999	-9999	-9999	-9999	-9999	-9999	-9999	-9999	-9999	-9999	-9999
4	28	-9999	-9999	-9999	-9999	-9999	-9999	-9999	-9999	-9999	-9999	-9999
4	29	-9999	-9999	-9999	-9999	-9999	-9999	-9999	-9999	-9999	-9999	-9999
4	30	-9999	-9999	-9999	-9999	-9999	-9999	-9999	-9999	-9999	-9999	-9999
5	1	-9999	-9999	-9999	-9999	-9999	-9999	-9999	-9999	-9999	-9999	-9999
5	2	-9999	-9999	-9999	-9999	-9999	-9999	-9999	-9999	-9999	-9999	-9999
5	3	-9999	-9999	-9999	-9999	-9999	-9999	-9999	-9999	-9999	-9999	-9999
5	4	-9999	-9999	-9999	-9999	-9999	-9999	-9999	-9999	-9999	-9999	-9999
5	5	-9999	-9999	-9999	-9999	-9999	-9999	-9999	-9999	-9999	-9999	-9999
5	6	-9999	-9999	-9999	-9999	-9999	-9999	-9999	-9999	-9999	-9999	-9999
5	7	-9999	-9999	-9999	-9999	-9999	-9999	-9999	-9999	-9999	-9999	-9999
5	8	-9999	-9999	-9999	-9999	-9999	-9999	-9999	-9999	-9999	-9999	-9999
5	9	-9999	-9999	-9999	-9999	-9999	-9999	-9999	-9999	-9999	-9999	-9999
5	10	-9999	-9999	-9999	-9999	-9999	-9999	-9999	-9999	-9999	-9999	-9999
5	11	-9999	-9999	-9999	-9999	-9999	-9999	-9999	-9999	-9999	-9999	-9999
5	12	-9999	-9999	-9999	-9999	-9999	-9999	-9999	-9999	-9999	-9999	-9999
5	13	-9999	-9999	-9999	-9999	-9999	-9999	-9999	-9999	-9999	-9999	-9999
5	14	-9999	-9999	-9999	-9999	-9999	-9999	-9999	-9999	-9999	-9999	-9999
5	15	-9999	-9999	-9999	-9999	-9999	-9999	-9999	-9999	-9999	-9999	-9999
5	16	-9999	-9999	-9999	-9999	-9999	-9999	-9999	-9999	-9999	-9999	-9999
5	17	-9999	-9999	-9999	-9999	-9999	-9999	-9999	-9999	-9999	-9999	-9999
5	18	-9999	-9999	-9999	-9999	-9999	-9999	-9999	-9999	-9999	-9999	-9999
5	19	-9999	-9999	-9999	-9999	-9999	-9999	-9999	-9999	-9999	-9999	-9999
5	20	-9999	-9999	-9999	-9999	-9999	-9999	-9999	-9999	-9999	-9999	-9999
5	21	-9999	-9999	-9999	-9999	-9999	-9999	-9999	-9999	-9999	-9999	-9999
5	22	-9999	-9999	-9999	-9999	-9999	-9999	-9999	-9999	-9999	-9999	-9999
5	23	-9999	-9999	-9999	-9999	-9999	-9999	-9999	-9999	-9999	-9999	-9999
5	24	-9999	-9999	-9999	-9999	-9999	-9999	-9999	-9999	-9999	-9999	-9999
5	25	-9999	-9999	-9999	-9999	-9999	-9999	-9999	-9999	-9999	-9999	-9999
5	26	-9999	-9999	-9999	-9999	-9999	-9999	-9999	-9999	-9999	-9999	-9999
5	27	-9999	-9999	-9999	-9999	-9999	-9999	-9999	-9999	-9999	-9999	-9999
5	28	-9999	-9999	-9999	-9999	-9999	-9999	-9999	-9999	-9999	-9999	-9999
5	29	-9999	-9999	-9999	-9999	-9999	-9999	-9999	-9999	-9999	-9999	-9999
5	30	-9999	-9999	-9999	-9999	-9999	-9999	-9999	-9999	-9999	-9999	-9999
5	31	-9999	-9999	-9999	-9999	-9999	-9999	-9999	-9999	-9999	-9999	-9999
6	1	-9999	-9999	-9999	-9999	-9999	-9999	-9999	-9999	-9999	-9999	-9999
6	2	-9999	-9999	-9999	-9999	-9999	-9999	-9999	-9999	-9999	-9999	-9999
6	3	-9999	-9999	-9999	-9999	-9999	-9999	-9999	-9999	-9999	-9999	-9999
6	4	-9999	-9999	-9999	-9999	-9999	-9999	-9999	-9999	-9999	-9999	-9999
6	5	-9999	-9999	-9999	-9999	-9999	-9999	-9999	-9999	-9999	-9999	-9999
6	6	-9999	-9999	-9999	-9999	-9999	-9999	-9999	-9999	-9999	-9999	-9999
6	7	-9999	-9999	-9999	-9999	-9999	-9999	-9999	-9999	-9999	-9999	-9999
6	8	-9999	-9999	-9999	-9999	-9999	-9999	-9999	-9999	-9999	-9999	-9999
6	9	-9999	-9999	-9999	-9999	-9999	-9999	-9999	-9999	-9999	-9999	-9999
6	10	-9999	-9999	-9999	-9999	-9999	-9999	-9999	-9999	-9999	-9999	-9999
6	11	-9999	-9999	-9999	-9999	-9999	-9999	-9999	-9999	-9999	-9999	-9999
6	12	-9999	-9999	-9999	-9999	-9999	-9999	-9999	-9999	-9999	-9999	-9999
6	13	-9999	-9999	-9999	-9999	-9999	-9999	-9999	-9999	-9999	-9999	-9999
6	14	-9999	-9999	-9999	-9999	-9999	-9999	-9999	-9999	-9999	-9999	-9999
6	15	-9999	-9999	-9999	-9999	-9999	-9999	-9999	-9999	-9999	-9999	-9999
6	16	-9999	-9999	-9999	-9999	-9999	-9999	-9999	-9999	-9999	-9999	-9999
6	17	-9999	-9999	-9999	-9999	-9999	-9999	-9999	-9999	-9999	-9999	-9999
6	18	-9999	-9999	-9999	-9999	-9999	-9999	-9999	-9999	-9999	-9999	-9999
6	19	-9999	-9999	-9999	-9999	-9999	-9999	-9999	-9999	-9999	-9999	-9999
6	20	-9999	-9999	-9999	-9999	-9999	-9999	-9999	-9999	-9999	-9999	-9999
6	21	-9999	-9999	-9999	-9999	-9999	-9999	-9999	-9999	-9999	-9999	-9999
6	22	-9999	-9999	-9999	-9999	-9999	-9999	-9999	-9999	-9999	-9999	-9999
6	23	-9999	-9999	-9999	-9999	-9999	-9999	-9999	-9999	-9999	-9999	-9999
6	24	-9999	-9999	-9999	-9999	-9999	-9999	-9999	-9999	-9999	-9999	-9999
6	25	-9999	-9999	-9999	-9999	-9999	-9999	-9999	-9999	-9999	-9999	-9999
6	26	-9999	-9999	-9999	-9999	-9999	-9999	-9999	-9999	-9999	-9999	-9999
6	27	-9999	-9999	-9999	-9999	-9999	-9999	-9999	-9999	-9999	-9999	-9999
6	28	-9999	-9999	-9999	-9999	-9999	-9999	-9999	-9999	-9999	-9999	-9999
6	29	-9999	-9999	-9999	-9999	-9999	-9999	-9999	-9999	-9999	-9999	-9999
6	30	-9999	-9999	-9999	-9999	-9999	-9999	-9999	-9999	-9999	-9999	-9999
7	1	22.6501186	15.84735417	-9999	-9999	4.719701396	-9999	0	-9999	-9999	-9999	-9999
7	2	9.817623839	13.51875417	-9999	-9999	0.969259837	-9999	5.7	-9999	-9999	-9999	-9999
7	3	22.40942019	14.36320188	-9999	-9999	4.603466084	-9999	4.9	-9999	-9999	-9999	-9999
7	4	-9999	-9999	-9999	-9999	-9999	-9999	3.7	-9999	-9999	-9999	-9999
7	5	-9999	-9999	-9999	-9999	-9999	-9999	9.7	-9999	-9999	-9999	-9999
7	6	14.51519701	13.02204729	-9999	-9999	1.402898725	-9999	10.6	-9999	-9999	-9999	-9999
7	7	24.8171916	14.95142292	-9999	-9999	6.465995689	-9999	3	-9999	-9999	-9999	-9999
7	8	19.91627556	16.04260208	-9999	-9999	7.698811452	-9999	0	-9999	-9999	-9999	-9999
7	9	16.75527926	15.04208125	-9999	-9999	4.343509772	-9999	0.2	-9999	-9999	-9999	-9999
7	10	9.196585742	15.18142083	-9999	-9999	2.464546044	-9999	1	-9999	-9999	-9999	-9999
7	11	14.13660822	14.43250208	-9999	-9999	2.230394491	-9999	0.8	-9999	-9999	-9999	-9999
7	12	12.4911441	13.93483542	-9999	-9999	1.01877217	-9999	3.4	-9999	-9999	-9999	-9999
7	13	12.04687562	13.96903542	-9999	-9999	1.797308071	-9999	2.9	-9999	-9999	-9999	-9999
7	14	15.58880011	12.12767771	-9999	-9999	0.836181167	-9999	10.2	-9999	-9999	-9999	-9999
7	15	23.61905141	13.67840667	-9999	-9999	4.047040109	-9999	4.2	-9999	-9999	-9999	-9999
7	16	21.78625639	14.70139292	-9999	-9999	4.205996236	-9999	1.3	-9999	-9999	-9999	-9999
7	17	23.12013489	15.94982292	-9999	-9999	5.351508714	-9999	0	-9999	-9999	-9999	-9999
7	18	19.07548902	16.19476458	-9999	-9999	5.715978371	-9999	0	-9999	-9999	-9999	-9999
7	19	8.96517113	16.5966	-9999	-9999	1.391783508	-9999	1.9	-9999	-9999	-9999	-9999
7	20	23.22776875	16.66201458	-9999	-9999	5.24171797	-9999	6.4	-9999	-9999	-9999	-9999
7	21	14.0513231	16.57222292	-9999	-9999	6.220417767	-9999	0	-9999	-9999	-9999	-9999
7	22	20.1874443	18.26333333	-9999	-9999	6.935832974	-9999	0	-9999	-9999	-9999	-9999
7	23	22.56529635	18.03492917	-9999	-9999	6.006068842	-9999	0	-9999	-9999	-9999	-9999
7	24	12.92097555	17.90368125	-9999	-9999	4.018850907	-9999	0	-9999	-9999	-9999	-9999
7	25	17.24156211	15.42159167	-9999	-9999	4.539052918	-9999	0.4	-9999	-9999	-9999	-9999
7	26	9.720525287	14.0536125	-9999	-9999	0.896695539	-9999	1.6	-9999	-9999	-9999	-9999
7	27	11.88614444	15.48506667	-9999	-9999	1.377380219	-9999	2.3	-9999	-9999	-9999	-9999
7	28	23.83219104	18.21034583	-9999	-9999	6.638047444	-9999	0	-9999	-9999	-9999	-9999
7	29	25.84556227	18.29540833	-9999	-9999	-9999	-9999	0	-9999	-9999	-9999	-9999
7	30	-9999	-9999	-9999	-9999	-9999	-9999	0.1	-9999	-9999	-9999	-9999
7	31	10.14317104	17.27739792	-9999	-9999	2.484323994	-9999	0.2	-9999	-9999	-9999	-9999
8	1	5.780574883	16.82864792	-9999	-9999	0.997063385	-9999	0	-9999	-9999	-9999	-9999
8	2	11.31282298	17.43590208	-9999	-9999	1.685912016	-9999	1.2	-9999	-9999	-9999	-9999
8	3	4.576094155	17.54975625	-9999	-9999	0.275476251	-9999	1	-9999	-9999	-9999	-9999
8	4	16.40415369	20.68704583	-9999	-9999	3.162750547	-9999	2.4	-9999	-9999	-9999	-9999
8	5	18.91146315	21.81035417	-9999	-9999	7.514842162	-9999	0.2	-9999	-9999	-9999	-9999
8	6	21.17391747	22.08429583	-9999	-9999	9.720348284	-9999	0	-9999	-9999	-9999	-9999
8	7	18.51980304	22.7274625	-9999	-9999	11.08422379	-9999	0	-9999	-9999	-9999	-9999
8	8	22.11436381	23.16014583	-9999	-9999	11.35715005	-9999	0.1	-9999	-9999	-9999	-9999
8	9	19.36705272	20.90787708	-9999	-9999	7.016035766	-9999	0.1	-9999	-9999	-9999	-9999
8	10	21.2087187	20.90944375	-9999	-9999	7.192962268	-9999	0.1	-9999	-9999	-9999	-9999
8	11	22.08037575	21.36218958	-9999	-9999	10.33957535	-9999	0	-9999	-9999	-9999	-9999
8	12	17.50603213	17.83552292	-9999	-9999	6.670870485	-9999	0	-9999	-9999	-9999	-9999
8	13	15.52460358	14.28406313	-9999	-9999	4.445090109	-9999	-9999	-9999	-9999	-9999	-9999
8	14	18.98531577	14.11219188	-9999	-9999	4.274860006	-9999	-9999	-9999	-9999	-9999	-9999
8	15	19.19857264	16.70344375	-9999	-9999	5.719702318	-9999	-9999	-9999	-9999	-9999	-9999
8	16	12.63058155	14.2329875	-9999	-9999	5.778366089	-9999	-9999	-9999	-9999	-9999	-9999
8	17	15.74860027	14.8910375	-9999	-9999	2.387115598	-9999	-9999	-9999	-9999	-9999	-9999
8	18	9.650743987	14.77030625	-9999	-9999	1.252300766	-9999	-9999	-9999	-9999	-9999	-9999
8	19	4.62931389	16.04989375	-9999	-9999	0.518278637	-9999	-9999	-9999	-9999	-9999	-9999
8	20	15.25690918	17.70361458	-9999	-9999	4.342687196	-9999	-9999	-9999	-9999	-9999	-9999
8	21	13.59835307	16.041175	-9999	-9999	5.282904305	-9999	-9999	-9999	-9999	-9999	-9999
8	22	15.21026001	12.28127958	-9999	-9999	2.712035837	-9999	5.4	-9999	-9999	-9999	-9999
8	23	19.12315098	10.80398729	-9999	-9999	4.036392413	-9999	1.8	-9999	-9999	-9999	-9999
8	24	19.84082567	11.65861188	-9999	-9999	5.30597314	-9999	0.1	-9999	-9999	-9999	-9999
8	25	9.188556282	12.51805625	-9999	-9999	2.642851021	-9999	2.5	-9999	-9999	-9999	-9999
8	26	2.597341712	12.78190625	-9999	-9999	-0.47299394	-9999	22.5	-9999	-9999	-9999	-9999
8	27	9.844799902	13.47437083	-9999	-9999	1.04889283	-9999	4.3	-9999	-9999	-9999	-9999
8	28	11.96845737	13.81534583	-9999	-9999	2.205308846	-9999	2.8	-9999	-9999	-9999	-9999
8	29	12.848988	14.24691042	-9999	-9999	4.614261036	-9999	0	-9999	-9999	-9999	-9999
8	30	12.59427324	14.11326438	-9999	-9999	2.817427791	-9999	2.5	-9999	-9999	-9999	-9999
8	31	13.57536433	15.28705	-9999	-9999	2.456014231	-9999	2.6	-9999	-9999	-9999	-9999
9	1	11.31681161	13.86933958	-9999	-9999	1.829175002	-9999	0.5	-9999	-9999	-9999	-9999
9	2	10.70214217	14.40805625	-9999	-9999	1.393712483	-9999	0	-9999	-9999	-9999	-9999
9	3	15.40597674	14.94559375	-9999	-9999	3.571454822	-9999	0	-9999	-9999	-9999	-9999
9	4	14.72284177	15.85305208	-9999	-9999	3.824774429	-9999	0.3	-9999	-9999	-9999	-9999
9	5	15.63008969	17.291275	-9999	-9999	4.749925087	-9999	0	-9999	-9999	-9999	-9999
9	6	9.243345438	14.899725	-9999	-9999	4.407062038	-9999	0	-9999	-9999	-9999	-9999
9	7	12.47537452	11.98139146	-9999	-9999	5.324162315	-9999	0	-9999	-9999	-9999	-9999
9	8	14.06732101	9.896958542	-9999	-9999	5.294690898	-9999	0.2	-9999	-9999	-9999	-9999
9	9	12.69491875	11.95938167	-9999	-9999	5.012709179	-9999	0.1	-9999	-9999	-9999	-9999
9	10	13.14049263	13.48556313	-9999	-9999	3.62447759	-9999	0	-9999	-9999	-9999	-9999
9	11	14.44952894	14.47079938	-9999	-9999	4.54211133	-9999	0.6	-9999	-9999	-9999	-9999
9	12	9.940155252	14.53152917	-9999	-9999	2.516415765	-9999	1.4	-9999	-9999	-9999	-9999
9	13	12.04408356	14.53934375	-9999	-9999	3.528187569	-9999	1	-9999	-9999	-9999	-9999
9	14	11.46593247	13.13155833	-9999	-9999	4.023723983	-9999	0.9	-9999	-9999	-9999	-9999
9	15	-9999	-9999	-9999	-9999	-9999	-9999	8.4	-9999	-9999	-9999	-9999
9	16	-9999	-9999	-9999	-9999	-9999	-9999	3.5	-9999	-9999	-9999	-9999
9	17	5.80347477	10.41325542	-9999	-9999	2.068734335	-9999	2.8	-9999	-9999	-9999	-9999
9	18	2.362842023	11.9029875	-9999	-9999	0.868540141	-9999	2.4	-9999	-9999	-9999	-9999
9	19	4.595356148	12.19676854	-9999	-9999	1.077906027	-9999	2.6	-9999	-9999	-9999	-9999
9	20	5.057369707	10.86750083	-9999	-9999	1.42775574	-9999	3.2	-9999	-9999	-9999	-9999
9	21	4.907662506	10.07009479	-9999	-9999	-0.432588955	-9999	10.2	-9999	-9999	-9999	-9999
9	22	3.791929259	9.069511042	-9999	-9999	-0.578467274	-9999	7.9	-9999	-9999	-9999	-9999
9	23	8.437798499	9.460109792	-9999	-9999	1.014871421	-9999	0.6	-9999	-9999	-9999	-9999
9	24	6.970394588	9.682181458	-9999	-9999	1.426204835	-9999	0.3	-9999	-9999	-9999	-9999
9	25	7.015925936	10.70881833	-9999	-9999	2.947405229	-9999	0.1	-9999	-9999	-9999	-9999
9	26	6.22265634	9.185443125	-9999	-9999	0.944451807	-9999	1.6	-9999	-9999	-9999	-9999
9	27	5.133026986	10.89291521	-9999	-9999	1.743350766	-9999	3.2	-9999	-9999	-9999	-9999
9	28	4.965682437	10.3476725	-9999	-9999	3.827867601	-9999	0	-9999	-9999	-9999	-9999
9	29	6.827052024	8.923677292	-9999	-9999	1.544760698	-9999	0	-9999	-9999	-9999	-9999
9	30	9.187014564	7.311215417	-9999	-9999	0.991144723	-9999	0.3	-9999	-9999	-9999	-9999
10	1	-9999	-9999	-9999	-9999	-9999	-9999	0	-9999	-9999	-9999	-9999
10	2	-9999	-9999	-9999	-9999	-9999	-9999	0.5	-9999	-9999	-9999	-9999
10	3	-9999	-9999	-9999	-9999	-9999	-9999	0.8	-9999	-9999	-9999	-9999
10	4	-9999	-9999	-9999	-9999	-9999	-9999	1.6	-9999	-9999	-9999	-9999
10	5	7.227875344	9.929298333	-9999	-9999	1.108758075	-9999	1.3	-9999	-9999	-9999	-9999
10	6	3.120581652	7.548932708	-9999	-9999	-0.231111434	-9999	8.4	-9999	-9999	-9999	-9999
10	7	3.12244525	8.283261042	-9999	-9999	-0.186014062	-9999	6.4	-9999	-9999	-9999	-9999
10	8	3.327061681	6.873628333	-9999	-9999	-0.117654598	-9999	1.4	-9999	-9999	-9999	-9999
10	9	8.677739376	4.846947917	-9999	-9999	1.603891647	-9999	1	-9999	-9999	-9999	-9999
10	10	5.981700643	2.094937479	-9999	-9999	0.789956745	-9999	0	-9999	-9999	-9999	-9999
10	11	8.069066901	1.579652479	-9999	-9999	2.313922717	-9999	0	-9999	-9999	-9999	-9999
10	12	8.337293964	2.581663229	-9999	-9999	1.926599052	-9999	3.3	-9999	-9999	-9999	-9999
10	13	7.889882292	3.824493146	-9999	-9999	1.257541138	-9999	1.1	-9999	-9999	-9999	-9999
10	14	3.105217494	4.384472083	-9999	-9999	1.040114092	-9999	1.4	-9999	-9999	-9999	-9999
10	15	1.874055182	5.344965625	-9999	-9999	0.690789462	-9999	2.7	-9999	-9999	-9999	-9999
10	16	1.804044231	7.272358125	-9999	-9999	0.839734674	-9999	0	-9999	-9999	-9999	-9999
10	17	0.452124047	7.225499583	-9999	-9999	0.317895078	-9999	1.8	-9999	-9999	-9999	-9999
10	18	4.49205579	8.107246667	-9999	-9999	0.778558775	-9999	3.2	-9999	-9999	-9999	-9999
10	19	0.437196707	6.37819375	-9999	-9999	-0.143531964	-9999	3.2	-9999	-9999	-9999	-9999
10	20	1.412095358	3.561340417	-9999	-9999	0.180462773	-9999	0	-9999	-9999	-9999	-9999
10	21	0.930872978	5.777555833	-9999	-9999	0.069409713	-9999	4.7	-9999	-9999	-9999	-9999
10	22	2.8974007	7.034999792	-9999	-9999	0.288700044	-9999	2.7	-9999	-9999	-9999	-9999
10	23	1.524326664	7.263440625	-9999	-9999	0.174996678	-9999	0	-9999	-9999	-9999	-9999
10	24	1.304956136	4.989422708	-9999	-9999	-0.123837981	-9999	1.7	-9999	-9999	-9999	-9999
10	25	0.988661303	6.983778125	-9999	-9999	-0.572112653	-9999	2	-9999	-9999	-9999	-9999
10	26	2.765992676	9.074201458	-9999	-9999	0.422867417	-9999	0	-9999	-9999	-9999	-9999
10	27	5.000193187	4.036305833	-9999	-9999	1.580282393	-9999	0	-9999	-9999	-9999	-9999
10	28	3.681331117	1.518236179	-9999	-9999	1.032081677	-9999	5.9	-9999	-9999	-9999	-9999
10	29	2.875986461	3.404652438	-9999	-9999	0.338211586	-9999	0	-9999	-9999	-9999	-9999
10	30	1.731650864	3.419691042	-9999	-9999	0.563043091	-9999	0	-9999	-9999	-9999	-9999
10	31	-9999	-9999	-9999	-9999	-9999	-9999	0.9	-9999	-9999	-9999	-9999
11	1	4.621367234	3.402569521	-9999	-9999	1.966322658	-9999	0	-9999	-9999	-9999	-9999
11	2	4.455306468	2.274066042	-9999	-9999	1.413042919	-9999	0	-9999	-9999	-9999	-9999
11	3	3.27255903	5.304923333	-9999	-9999	1.33605462	-9999	0	-9999	-9999	-9999	-9999
11	4	1.071619524	6.816636458	-9999	-9999	0.375423145	-9999	0	-9999	-9999	-9999	-9999
11	5	2.539991918	6.313156458	-9999	-9999	1.287476455	-9999	0	-9999	-9999	-9999	-9999
11	6	0.694480878	3.896757083	-9999	-9999	0.652571044	-9999	0	-9999	-9999	-9999	-9999
11	7	1.401066724	2.999059104	-9999	-9999	0.312981176	-9999	0	-9999	-9999	-9999	-9999
11	8	1.332511943	4.125350917	-9999	-9999	0.245662609	-9999	0	-9999	-9999	-9999	-9999
11	9	-9999	-9999	-9999	-9999	-9999	-9999	0	-9999	-9999	-9999	-9999
11	10	-9999	-9999	-9999	-9999	-9999	-9999	0	-9999	-9999	-9999	-9999
11	11	-9999	-9999	-9999	-9999	-9999	-9999	0	-9999	-9999	-9999	-9999
11	12	0.300320242	6.227079792	-9999	-9999	0.439723399	-9999	0	-9999	-9999	-9999	-9999
11	13	2.701831571	1.500743	-9999	-9999	1.140836346	-9999	0	-9999	-9999	-9999	-9999
11	14	2.780804857	2.005920017	-9999	-9999	1.796738377	-9999	0	-9999	-9999	-9999	-9999
11	15	0.556556692	8.082782917	-9999	-9999	4.264919571	-9999	0	-9999	-9999	-9999	-9999
11	16	3.006257272	1.052208333	-9999	-9999	3.620652576	-9999	0	-9999	-9999	-9999	-9999
11	17	2.40532263	-2.90848625	-9999	-9999	1.945633351	-9999	0	-9999	-9999	-9999	-9999
11	18	0.55804082	-1.686152688	-9999	-9999	0.263844103	-9999	0	-9999	-9999	-9999	-9999
11	19	-9999	-9999	-9999	-9999	-9999	-9999	0	-9999	-9999	-9999	-9999
11	20	2.489302678	-8.066815	-9999	-9999	0.49354818	-9999	0	-9999	-9999	-9999	-9999
11	21	1.523073533	-8.787187708	-9999	-9999	0.536302921	-9999	0	-9999	-9999	-9999	-9999
11	22	0.970184333	-7.622454646	-9999	-9999	0.368511984	-9999	0	-9999	-9999	-9999	-9999
11	23	1.253219627	-1.808291438	-9999	-9999	0.465037524	-9999	0	-9999	-9999	-9999	-9999
11	24	2.175772246	-6.177791458	-9999	-9999	0.406495848	-9999	0	-9999	-9999	-9999	-9999
11	25	1.161299347	0.041267596	-9999	-9999	0.441495086	-9999	0	-9999	-9999	-9999	-9999
11	26	1.307517311	-6.146833125	-9999	-9999	0.497591063	-9999	0	-9999	-9999	-9999	-9999
11	27	1.260495326	-6.033749583	-9999	-9999	0.373168466	-9999	0	-9999	-9999	-9999	-9999
11	28	0.619058988	-2.3786875	-9999	-9999	0.243997945	-9999	0	-9999	-9999	-9999	-9999
11	29	0.82350152	-5.460993125	-9999	-9999	0.414886818	-9999	0	-9999	-9999	-9999	-9999
11	30	-9999	-9999	-9999	-9999	-9999	-9999	0	-9999	-9999	-9999	-9999
12	1	-9999	-9999	-9999	-9999	-9999	-9999	0	-9999	-9999	-9999	-9999
12	2	-9999	-9999	-9999	-9999	-9999	-9999	0	-9999	-9999	-9999	-9999
12	3	-9999	-9999	-9999	-9999	-9999	-9999	0	-9999	-9999	-9999	-9999
12	4	-9999	-9999	-9999	-9999	-9999	-9999	0	-9999	-9999	-9999	-9999
12	5	-9999	-9999	-9999	-9999	-9999	-9999	0	-9999	-9999	-9999	-9999
12	6	1.356749919	0.594909446	-9999	-9999	0.845723386	-9999	0	-9999	-9999	-9999	-9999
12	7	1.377352967	4.780961667	-9999	-9999	1.501740534	-9999	0	-9999	-9999	-9999	-9999
12	8	1.343160964	3.555507006	-9999	-9999	2.869781881	-9999	0	-9999	-9999	-9999	-9999
12	9	0.638002075	-0.422218537	-9999	-9999	0.933035193	-9999	0	-9999	-9999	-9999	-9999
12	10	0.348302405	3.594794667	-9999	-9999	0.38642018	-9999	0	-9999	-9999	-9999	-9999
12	11	1.235497552	1.282082902	-9999	-9999	1.288964036	-9999	0	-9999	-9999	-9999	-9999
12	12	1.220019503	0.768225521	-9999	-9999	1.575307072	-9999	0	-9999	-9999	-9999	-9999
12	13	1.139010867	-0.911003077	-9999	-9999	0.518796401	-9999	0	-9999	-9999	-9999	-9999
12	14	0.322929187	2.240048042	-9999	-9999	0.316555657	-9999	0	-9999	-9999	-9999	-9999
12	15	0.115955395	3.942472083	-9999	-9999	0.735778581	-9999	0	-9999	-9999	-9999	-9999
12	16	0.400388234	2.004284321	-9999	-9999	0.296193561	-9999	0	-9999	-9999	-9999	-9999
12	17	0.261008814	4.40712875	-9999	-9999	1.308068897	-9999	0	-9999	-9999	-9999	-9999
12	18	-9999	-9999	-9999	-9999	-9999	-9999	0	-9999	-9999	-9999	-9999
12	19	-9999	-9999	-9999	-9999	-9999	-9999	0	-9999	-9999	-9999	-9999
12	20	-9999	-9999	-9999	-9999	-9999	-9999	0	-9999	-9999	-9999	-9999
12	21	-9999	-9999	-9999	-9999	-9999	-9999	0	-9999	-9999	-9999	-9999
12	22	-9999	-9999	-9999	-9999	-9999	-9999	0	-9999	-9999	-9999	-9999
12	23	-9999	-9999	-9999	-9999	-9999	-9999	0	-9999	-9999	-9999	-9999
12	24	1.242832424	-3.701256604	-9999	-9999	1.249790302	-9999	0	-9999	-9999	-9999	-9999
12	25	0.292580068	-3.773746396	-9999	-9999	0.29953628	-9999	0	-9999	-9999	-9999	-9999
12	26	0.311493672	-3.600524708	-9999	-9999	0.229702626	-9999	0	-9999	-9999	-9999	-9999
12	27	0.293307431	-5.499174167	-9999	-9999	0.278893871	-9999	0	-9999	-9999	-9999	-9999
12	28	0.164258001	-2.919629167	-9999	-9999	0.255508383	-9999	0	-9999	-9999	-9999	-9999
12	29	0.944258387	-3.733841167	-9999	-9999	0.359634448	-9999	0	-9999	-9999	-9999	-9999
12	30	0.11051407	2.876590417	-9999	-9999	0.156922121	-9999	0	-9999	-9999	-9999	-9999
12	31	1.28938907	0.256780826	-9999	-9999	0.980373987	-9999	0	-9999	-9999	-9999	-9999
