Year	Month	n_days	Rg_f	Ta_f	Tmax	Tmin	VPD_f	Ts_f	Precip	SWC	LAI	
2005	1	1	4.4	3.4	5.5	2.4	0.7	-9999	33.2	-9999	-9999	
2005	1	2	7.0	3.5	6.2	2.3	1.0	-9999	30.0	-9999	-9999	
2005	1	3	4.5	2.8	4.8	1.5	1.4	-9999	12.6	-9999	-9999	
2005	1	4	7.2	1.6	3.7	-0.6	2.1	-9999	8.6	-9999	-9999	
2005	1	5	8.0	6.4	13.1	-0.5	5.7	-9999	0.0	-9999	-9999	
2005	1	6	6.4	4.9	8.9	-0.5	2.9	-9999	0.0	-9999	-9999	
2005	1	7	8.1	3.9	8.1	-0.5	2.4	-9999	0.0	-9999	-9999	
2005	1	8	8.2	7.9	12.5	1.4	6.3	-9999	0.0	-9999	-9999	
2005	1	9	8.3	8.5	15.2	1.2	7.5	-9999	0.0	-9999	-9999	
2005	1	10	8.4	6.3	11.9	0.3	3.5	-9999	0.0	-9999	-9999	
2005	1	11	8.4	5.0	10.4	-0.4	2.4	-9999	0.0	-9999	-9999	
2005	1	12	7.7	4.2	9.7	1.4	1.3	-9999	0.0	-9999	-9999	
2005	1	13	5.8	3.8	9.7	0.9	0.9	-9999	0.0	-9999	-9999	
2005	1	14	5.9	3.4	9.5	-0.5	0.9	-9999	0.4	-9999	-9999	
2005	1	15	6.1	3.3	9.1	1.5	1.0	-9999	0.0	-9999	-9999	
2005	1	16	8.0	3.2	8.6	1.2	1.6	-9999	0.0	-9999	-9999	
2005	1	17	8.8	2.9	5.9	0.4	1.5	-9999	0.0	-9999	-9999	
2005	1	18	8.7	2.7	5.6	-0.4	1.2	-9999	2.6	-9999	-9999	
2005	1	19	5.3	2.8	4.8	1.4	0.7	-9999	2.4	-9999	-9999	
2005	1	20	7.1	4.2	6.9	1.0	1.3	-9999	66.8	-9999	-9999	
2005	1	21	8.6	4.4	8.5	-0.4	1.6	-9999	2.0	-9999	-9999	
2005	1	22	7.0	4.1	8.7	-0.8	0.6	-9999	2.6	-9999	-9999	
2005	1	23	8.6	3.1	5.9	-0.8	1.6	-9999	0.0	-9999	-9999	
2005	1	24	8.1	4.0	7.4	-1.2	0.7	-9999	12.0	-9999	-9999	
2005	1	25	7.4	3.5	7.1	-0.8	0.6	-9999	5.4	-9999	-9999	
2005	1	26	5.7	1.6	6.9	-0.9	0.3	-9999	0.2	-9999	-9999	
2005	1	27	5.8	0.9	4.2	-1.0	0.2	-9999	0.2	-9999	-9999	
2005	1	28	5.5	0.8	3.7	-1.3	0.4	-9999	0.2	-9999	-9999	
2005	1	29	4.9	1.4	3.7	-0.8	0.8	-9999	0.0	-9999	-9999	
2005	1	30	4.2	0.8	3.6	-0.9	0.3	-9999	0.2	-9999	-9999	
2005	1	31	5.3	0.1	3.1	-2.3	0.4	-9999	0.2	-9999	-9999	
2005	2	1	3.6	-0.1	2.3	-2.3	0.3	-9999	0.0	-9999	-9999	
2005	2	2	3.7	-0.7	1.8	-3.9	0.4	-9999	0.0	-9999	-9999	
2005	2	3	4.8	-1.7	0.5	-4.3	0.8	-9999	0.0	-9999	-9999	
2005	2	4	5.2	-1.9	-0.7	-4.3	1.0	-9999	0.0	-9999	-9999	
2005	2	5	4.9	-1.8	0.1	-4.3	1.1	-9999	0.0	-9999	-9999	
2005	2	6	4.4	-1.5	-0.2	-4.5	0.5	-9999	0.0	-9999	-9999	
2005	2	7	4.3	-0.3	0.7	-2.5	0.3	-9999	0.2	-9999	-9999	
2005	2	8	5.2	0.0	1.4	-1.2	0.3	-9999	0.2	-9999	-9999	
2005	2	9	5.2	-0.1	1.2	-1.2	0.3	-9999	0.2	-9999	-9999	
2005	2	10	6.8	-0.7	0.5	-2.0	0.8	-9999	0.6	-9999	-9999	
2005	2	11	11.4	0.4	3.6	-2.6	2.5	-9999	0.6	-9999	-9999	
2005	2	12	11.3	3.6	6.4	1.2	1.3	-9999	0.0	-9999	-9999	
2005	2	13	6.3	7.1	11.9	4.5	0.3	-9999	2.8	-9999	-9999	
2005	2	14	4.5	3.4	7.9	-0.7	0.2	-9999	6.8	-9999	-9999	
2005	2	15	4.5	0.0	2.3	-1.7	0.1	-9999	1.8	-9999	-9999	
2005	2	16	4.7	-0.7	1.1	-1.9	0.1	-9999	0.2	-9999	-9999	
2005	2	17	5.3	-0.2	1.2	-1.5	0.2	-9999	3.2	-9999	-9999	
2005	2	18	5.2	0.0	1.2	-1.1	0.1	-9999	3.8	-9999	-9999	
2005	2	19	8.8	0.3	2.5	-1.4	0.4	-9999	13.2	-9999	-9999	
2005	2	20	7.4	0.9	2.2	-0.8	0.3	-9999	0.2	-9999	-9999	
2005	2	21	8.8	2.5	4.5	0.3	0.7	-9999	15.4	-9999	-9999	
2005	2	22	9.8	4.7	8.3	0.8	1.6	-9999	10.0	-9999	-9999	
2005	2	23	13.0	2.3	5.1	-0.6	1.4	-9999	6.2	-9999	-9999	
2005	2	24	9.8	4.5	7.7	2.1	1.1	-9999	2.8	-9999	-9999	
2005	2	25	7.0	6.0	8.3	4.8	2.3	-9999	0.8	-9999	-9999	
2005	2	26	6.1	7.3	13.9	4.3	1.7	-9999	19.0	-9999	-9999	
2005	2	27	5.9	5.9	13.2	0.3	1.7	-9999	1.4	-9999	-9999	
2005	2	28	7.3	1.3	7.4	-2.4	1.3	-9999	0.2	-9999	-9999	
2005	3	1	11.5	-0.8	4.5	-2.8	1.2	-9999	0.0	-9999	-9999	
2005	3	2	11.6	-1.4	2.3	-3.2	1.2	-9999	4.8	-9999	-9999	
2005	3	3	13.4	1.1	5.0	-3.0	2.0	-9999	16.8	-9999	-9999	
2005	3	4	11.1	7.3	10.2	3.9	3.0	-9999	1.0	-9999	-9999	
2005	3	5	5.3	5.9	9.8	2.6	1.8	-9999	5.6	-9999	-9999	
2005	3	6	7.4	2.5	4.5	-1.5	1.3	-9999	7.4	-9999	-9999	
2005	3	7	4.8	0.3	3.3	-4.4	1.0	-9999	1.4	-9999	-9999	
2005	3	8	9.6	-4.4	-2.1	-6.5	0.4	-9999	1.0	-9999	-9999	
2005	3	9	12.7	-1.0	2.2	-4.7	0.8	-9999	7.4	-9999	-9999	
2005	3	10	11.1	0.6	2.9	-1.4	1.0	-9999	14.8	-9999	-9999	
2005	3	11	16.1	0.3	3.7	-2.4	3.8	-9999	0.8	-9999	-9999	
2005	3	12	15.5	3.9	7.0	-0.1	3.5	-9999	0.0	-9999	-9999	
2005	3	13	11.5	5.7	7.5	4.3	3.8	-9999	0.0	-9999	-9999	
2005	3	14	16.2	8.0	10.8	5.3	3.9	-9999	0.0	-9999	-9999	
2005	3	15	16.0	8.8	12.0	6.5	4.3	-9999	0.0	-9999	-9999	
2005	3	16	16.3	7.5	10.0	5.4	3.1	-9999	0.0	-9999	-9999	
2005	3	17	16.7	10.0	12.6	6.5	9.2	-9999	0.0	-9999	-9999	
2005	3	18	16.6	12.7	15.1	9.9	10.7	-9999	0.0	-9999	-9999	
2005	3	19	16.8	11.3	13.7	8.6	10.8	-9999	0.0	-9999	-9999	
2005	3	20	16.6	11.8	14.4	9.2	9.7	-9999	0.0	-9999	-9999	
2005	3	21	16.3	11.2	14.4	8.8	5.4	-9999	0.0	-9999	-9999	
2005	3	22	15.7	10.3	13.6	6.2	1.9	-9999	0.0	-9999	-9999	
2005	3	23	16.6	11.6	15.0	8.1	8.6	-9999	0.0	-9999	-9999	
2005	3	24	14.1	13.1	16.7	9.4	9.5	-9999	0.0	-9999	-9999	
2005	3	25	10.0	13.9	16.0	12.6	6.4	-9999	0.0	-9999	-9999	
2005	3	26	12.2	14.6	16.8	12.7	8.2	-9999	0.0	-9999	-9999	
2005	3	27	8.9	13.6	16.1	8.7	8.4	-9999	0.0	-9999	-9999	
2005	3	28	4.3	8.8	10.4	6.7	0.6	-9999	0.0	-9999	-9999	
2005	3	29	8.2	9.0	11.4	6.6	1.4	-9999	0.0	-9999	-9999	
2005	3	30	9.9	8.1	10.7	5.7	2.1	-9999	5.2	-9999	-9999	
2005	3	31	7.2	7.7	11.0	5.0	1.6	-9999	23.6	-9999	-9999	
2005	4	1	7.8	6.8	13.6	4.7	0.5	-9999	3.0	-9999	-9999	
2005	4	2	13.3	4.0	6.0	1.9	0.8	-9999	0.0	-9999	-9999	
2005	4	3	14.7	3.5	5.7	0.6	1.4	-9999	0.0	-9999	-9999	
2005	4	4	13.6	5.4	7.9	2.6	1.2	-9999	0.2	-9999	-9999	
2005	4	5	8.5	5.5	7.3	3.6	1.5	-9999	0.4	-9999	-9999	
2005	4	6	8.5	6.3	10.7	2.6	1.8	-9999	1.8	-9999	-9999	
2005	4	7	17.4	9.1	12.0	5.8	3.7	-9999	0.0	-9999	-9999	
2005	4	8	19.3	12.1	15.4	9.0	8.3	-9999	0.0	-9999	-9999	
2005	4	9	16.1	14.2	17.6	12.2	8.8	-9999	0.0	-9999	-9999	
2005	4	10	15.1	12.6	15.2	7.8	6.6	-9999	0.0	-9999	-9999	
2005	4	11	18.2	6.8	10.1	3.0	3.1	-9999	0.0	-9999	-9999	
2005	4	12	6.5	7.0	10.4	4.4	2.1	-9999	6.2	-9999	-9999	
2005	4	13	7.1	8.0	14.1	4.3	0.5	-9999	5.2	-9999	-9999	
2005	4	14	17.1	9.2	13.3	5.8	1.5	-9999	0.2	-9999	-9999	
2005	4	15	20.9	10.5	14.3	6.0	8.0	-9999	0.0	-9999	-9999	
2005	4	16	16.0	14.2	19.6	8.1	9.6	-9999	0.0	-9999	-9999	
2005	4	17	15.4	6.9	8.9	4.3	1.7	-9999	6.6	-9999	-9999	
2005	4	18	11.1	5.4	9.1	0.8	0.6	-9999	20.0	-9999	-9999	
2005	4	19	15.3	9.7	13.1	5.1	1.6	-9999	0.0	-9999	-9999	
2005	4	20	19.0	9.7	13.5	6.6	3.1	-9999	0.0	-9999	-9999	
2005	4	21	13.3	5.2	9.5	0.5	1.2	-9999	9.4	-9999	-9999	
2005	4	22	8.9	7.2	12.7	3.2	1.2	-9999	3.4	-9999	-9999	
2005	4	23	19.3	7.9	11.6	3.6	3.3	-9999	0.0	-9999	-9999	
2005	4	24	19.2	12.8	16.9	7.5	6.2	-9999	0.0	-9999	-9999	
2005	4	25	12.3	17.1	20.8	10.1	9.0	-9999	2.2	-9999	-9999	
2005	4	26	22.6	14.3	16.7	11.5	6.5	-9999	0.0	-9999	-9999	
2005	4	27	22.6	14.3	17.1	11.1	7.5	-9999	0.0	-9999	-9999	
2005	4	28	22.5	16.3	19.3	13.4	9.2	-9999	0.0	-9999	-9999	
2005	4	29	21.7	13.6	15.6	10.9	7.4	-9999	0.0	-9999	-9999	
2005	4	30	22.9	11.3	14.0	9.2	7.1	-9999	0.0	-9999	-9999	
2005	5	1	22.7	12.8	16.0	8.8	8.4	-9999	0.0	-9999	-9999	
2005	5	2	22.6	16.7	19.0	13.8	9.5	-9999	0.0	-9999	-9999	
2005	5	3	22.4	18.0	20.6	15.2	10.9	-9999	0.0	-9999	-9999	
2005	5	4	20.8	17.4	21.3	14.3	13.6	-9999	0.0	-9999	-9999	
2005	5	5	10.3	14.3	16.6	11.0	4.6	-9999	3.6	-9999	-9999	
2005	5	6	2.2	13.5	14.6	11.0	5.6	-9999	40.0	-9999	-9999	
2005	5	7	22.1	12.3	14.9	7.1	5.4	-9999	0.2	-9999	-9999	
2005	5	8	20.7	11.9	14.9	9.7	4.8	-9999	0.0	-9999	-9999	
2005	5	9	24.2	14.0	17.5	10.6	8.5	-9999	0.0	-9999	-9999	
2005	5	10	21.9	16.1	19.8	12.5	12.0	-9999	0.0	-9999	-9999	
2005	5	11	22.0	18.7	21.4	15.2	14.0	-9999	0.0	-9999	-9999	
2005	5	12	12.2	14.4	19.0	11.6	2.4	-9999	0.0	-9999	-9999	
2005	5	13	21.7	18.2	21.4	14.2	6.4	-9999	0.0	-9999	-9999	
2005	5	14	21.1	20.0	22.6	17.6	8.1	-9999	0.0	-9999	-9999	
2005	5	15	21.4	18.1	21.2	15.6	5.1	-9999	0.0	-9999	-9999	
2005	5	16	19.4	17.7	20.3	15.6	3.2	-9999	0.0	-9999	-9999	
2005	5	17	24.0	18.6	23.3	14.6	13.7	-9999	0.0	-9999	-9999	
2005	5	18	19.7	14.7	18.4	10.5	4.8	-9999	0.0	-9999	-9999	
2005	5	19	13.8	11.9	17.3	9.8	2.5	-9999	4.0	-9999	-9999	
2005	5	20	17.9	10.6	13.7	8.6	1.6	-9999	0.0	-9999	-9999	
2005	5	21	25.2	12.4	18.5	7.1	5.7	-9999	0.0	-9999	-9999	
2005	5	22	24.5	16.1	21.7	10.2	10.7	-9999	0.0	-9999	-9999	
2005	5	23	20.4	18.8	24.1	14.7	12.8	-9999	0.0	-9999	-9999	
2005	5	24	8.3	14.1	17.1	10.4	4.7	-9999	31.2	-9999	-9999	
2005	5	25	18.1	14.4	18.1	10.6	3.4	-9999	0.2	-9999	-9999	
2005	5	26	18.5	14.8	17.8	12.2	3.2	-9999	0.0	-9999	-9999	
2005	5	27	24.1	15.9	20.5	10.6	5.1	-9999	0.0	-9999	-9999	
2005	5	28	20.5	16.9	21.7	13.4	5.9	-9999	0.0	-9999	-9999	
2005	5	29	21.2	16.7	22.0	13.3	5.5	-9999	0.0	-9999	-9999	
2005	5	30	16.6	15.8	19.8	12.7	4.4	-9999	3.2	-9999	-9999	
2005	5	31	24.0	17.1	21.2	12.8	4.9	-9999	0.2	-9999	-9999	
2005	6	1	21.3	18.6	21.7	15.7	5.8	-9999	0.0	-9999	-9999	
2005	6	2	13.5	15.3	18.3	12.3	1.5	-9999	0.0	-9999	-9999	
2005	6	3	20.7	15.5	18.6	12.5	2.7	-9999	0.0	-9999	-9999	
2005	6	4	22.5	17.5	21.4	13.2	6.2	-9999	0.0	-9999	-9999	
2005	6	5	20.8	18.2	22.0	15.7	8.6	-9999	0.0	-9999	-9999	
2005	6	6	19.6	17.6	21.3	13.8	4.3	-9999	0.0	-9999	-9999	
2005	6	7	12.7	14.1	17.1	11.0	0.8	-9999	1.4	-9999	-9999	
2005	6	8	14.7	11.2	15.5	7.3	1.2	-9999	6.4	-9999	-9999	
2005	6	9	21.3	8.9	11.8	6.8	3.4	-9999	0.0	-9999	-9999	
2005	6	10	10.6	8.3	10.8	5.9	0.6	-9999	5.8	-9999	-9999	
2005	6	11	17.6	10.2	13.1	6.9	3.1	-9999	0.0	-9999	-9999	
2005	6	12	24.9	13.1	17.6	8.1	7.4	-9999	0.0	-9999	-9999	
2005	6	13	21.7	16.7	20.5	13.0	7.5	-9999	0.0	-9999	-9999	
2005	6	14	19.0	19.1	22.8	16.0	5.2	-9999	0.2	-9999	-9999	
2005	6	15	15.1	19.3	21.9	16.9	4.2	-9999	0.0	-9999	-9999	
2005	6	16	7.3	15.3	17.0	13.7	0.5	-9999	3.8	-9999	-9999	
2005	6	17	21.1	16.9	19.8	13.5	3.6	-9999	0.0	-9999	-9999	
2005	6	18	13.3	17.8	20.4	15.9	4.1	-9999	0.0	-9999	-9999	
2005	6	19	20.1	17.8	21.2	14.8	3.7	-9999	1.8	-9999	-9999	
2005	6	20	20.2	16.9	19.5	14.9	5.6	-9999	0.0	-9999	-9999	
2005	6	21	23.8	16.1	19.1	12.5	7.4	-9999	0.0	-9999	-9999	
2005	6	22	25.5	17.2	20.0	13.7	10.1	-9999	0.0	-9999	-9999	
2005	6	23	25.3	19.2	23.2	15.7	12.1	-9999	0.0	-9999	-9999	
2005	6	24	23.5	21.2	25.2	18.0	11.9	-9999	0.0	-9999	-9999	
2005	6	25	23.4	21.8	24.4	19.2	8.0	-9999	0.0	-9999	-9999	
2005	6	26	21.3	22.2	25.8	20.2	8.0	-9999	0.0	-9999	-9999	
2005	6	27	23.1	22.1	25.0	19.5	9.3	-9999	0.0	-9999	-9999	
2005	6	28	24.7	21.9	25.4	18.9	12.4	-9999	0.0	-9999	-9999	
2005	6	29	21.4	23.2	27.0	20.0	11.5	-9999	0.0	-9999	-9999	
2005	6	30	23.2	24.3	28.3	21.1	18.5	-9999	0.0	-9999	-9999	
2005	7	1	22.6	21.4	25.6	17.3	11.1	-9999	0.0	-9999	-9999	
2005	7	2	14.0	17.5	20.0	13.8	4.1	-9999	0.8	-9999	-9999	
2005	7	3	16.5	15.9	18.9	13.2	5.3	-9999	0.0	-9999	-9999	
2005	7	4	24.2	17.2	21.3	14.1	7.1	-9999	0.0	-9999	-9999	
2005	7	5	23.9	20.0	25.1	15.3	8.4	-9999	0.0	-9999	-9999	
2005	7	6	24.1	22.0	25.9	16.7	11.7	-9999	0.0	-9999	-9999	
2005	7	7	24.9	18.7	23.5	14.6	6.4	-9999	0.0	-9999	-9999	
2005	7	8	24.9	19.9	24.3	15.7	12.6	-9999	0.0	-9999	-9999	
2005	7	9	22.3	21.8	26.3	18.7	11.0	-9999	0.0	-9999	-9999	
2005	7	10	19.6	21.7	25.2	18.8	8.9	-9999	0.0	-9999	-9999	
2005	7	11	18.4	19.6	22.5	14.6	7.5	-9999	0.6	-9999	-9999	
2005	7	12	20.6	17.0	21.3	13.3	4.4	-9999	0.0	-9999	-9999	
2005	7	13	13.8	16.9	21.1	14.3	2.1	-9999	1.0	-9999	-9999	
2005	7	14	18.1	17.0	19.9	14.1	3.2	-9999	0.2	-9999	-9999	
2005	7	15	23.6	18.7	22.1	15.4	7.4	-9999	0.0	-9999	-9999	
2005	7	16	22.7	20.6	24.2	16.7	12.4	-9999	0.0	-9999	-9999	
2005	7	17	23.2	23.4	27.2	20.1	16.9	-9999	0.0	-9999	-9999	
2005	7	18	22.9	25.1	29.2	21.4	21.9	-9999	0.0	-9999	-9999	
2005	7	19	21.2	25.5	30.7	19.9	23.4	-9999	0.0	-9999	-9999	
2005	7	20	22.8	22.2	26.2	18.8	14.4	-9999	0.0	-9999	-9999	
2005	7	21	19.4	21.3	24.9	18.3	8.2	-9999	0.0	-9999	-9999	
2005	7	22	14.7	21.1	23.9	18.6	6.8	-9999	0.0	-9999	-9999	
2005	7	23	23.8	20.6	25.6	16.9	16.4	-9999	0.0	-9999	-9999	
2005	7	24	23.4	20.5	23.6	16.9	12.1	-9999	0.0	-9999	-9999	
2005	7	25	22.6	23.0	26.7	19.4	11.6	-9999	0.0	-9999	-9999	
2005	7	26	20.6	25.1	28.5	22.0	19.8	-9999	0.0	-9999	-9999	
2005	7	27	21.2	25.4	28.8	22.7	21.8	-9999	0.0	-9999	-9999	
2005	7	28	20.3	24.9	27.5	22.3	18.4	-9999	0.0	-9999	-9999	
2005	7	29	21.1	25.2	28.6	22.8	19.0	-9999	0.0	-9999	-9999	
2005	7	30	21.6	25.7	30.0	21.4	22.3	-9999	0.0	-9999	-9999	
2005	7	31	21.1	25.8	30.0	22.1	21.7	-9999	0.0	-9999	-9999	
2005	8	1	21.2	25.3	29.7	20.4	23.9	-9999	0.0	-9999	-9999	
2005	8	2	19.4	27.5	31.9	24.7	26.8	-9999	0.0	-9999	-9999	
2005	8	3	11.6	22.4	27.1	16.2	12.0	-9999	2.2	-9999	-9999	
2005	8	4	20.3	17.9	21.7	14.7	4.1	-9999	0.6	-9999	-9999	
2005	8	5	18.5	15.5	17.8	13.1	5.1	-9999	0.0	-9999	-9999	
2005	8	6	21.2	16.8	21.0	12.2	6.5	-9999	0.0	-9999	-9999	
2005	8	7	21.8	19.3	24.1	16.0	8.9	-9999	0.0	-9999	-9999	
2005	8	8	8.7	17.2	20.8	13.7	0.9	-9999	0.2	-9999	-9999	
2005	8	9	18.9	17.2	22.2	12.3	7.2	-9999	0.2	-9999	-9999	
2005	8	10	20.4	21.9	26.2	16.3	13.8	-9999	0.0	-9999	-9999	
2005	8	11	19.2	26.3	30.0	22.3	24.4	-9999	0.0	-9999	-9999	
2005	8	12	12.2	26.2	30.5	20.9	21.0	-9999	0.0	-9999	-9999	
2005	8	13	20.9	21.0	24.3	18.2	11.3	-9999	0.0	-9999	-9999	
2005	8	14	20.3	20.4	24.5	17.3	9.9	-9999	0.0	-9999	-9999	
2005	8	15	20.1	19.3	23.8	15.5	9.2	-9999	0.0	-9999	-9999	
2005	8	16	15.5	17.2	21.4	13.7	5.2	-9999	0.0	-9999	-9999	
2005	8	17	17.6	16.5	21.0	12.2	4.8	-9999	0.0	-9999	-9999	
2005	8	18	18.9	19.0	23.6	14.9	6.7	-9999	0.0	-9999	-9999	
2005	8	19	13.4	20.4	24.4	17.5	8.9	-9999	0.2	-9999	-9999	
2005	8	20	19.2	21.3	25.1	18.3	11.0	-9999	0.0	-9999	-9999	
2005	8	21	18.0	20.3	24.9	16.9	10.7	-9999	0.0	-9999	-9999	
2005	8	22	17.8	17.0	20.4	13.7	3.9	-9999	3.2	-9999	-9999	
2005	8	23	16.1	15.9	19.2	13.2	2.2	-9999	0.0	-9999	-9999	
2005	8	24	10.3	16.8	20.8	13.6	2.1	-9999	16.4	-9999	-9999	
2005	8	25	13.0	17.0	20.4	14.5	1.9	-9999	4.4	-9999	-9999	
2005	8	26	16.1	19.5	22.9	16.3	7.0	-9999	0.0	-9999	-9999	
2005	8	27	18.9	21.1	24.7	18.3	8.7	-9999	0.0	-9999	-9999	
2005	8	28	14.6	21.6	24.9	19.8	9.6	-9999	0.0	-9999	-9999	
2005	8	29	16.4	20.8	23.6	17.5	7.0	-9999	0.0	-9999	-9999	
2005	8	30	6.8	18.0	20.7	14.6	1.8	-9999	31.6	-9999	-9999	
2005	8	31	5.4	17.1	17.9	16.2	0.1	-9999	5.6	-9999	-9999	
2005	9	1	11.2	18.0	20.8	15.5	1.7	-9999	0.0	-9999	-9999	
2005	9	2	16.9	19.3	22.2	16.6	4.3	-9999	0.2	-9999	-9999	
2005	9	3	17.0	19.9	22.4	17.6	5.5	-9999	3.8	-9999	-9999	
2005	9	4	11.4	17.5	20.3	15.1	1.7	-9999	9.4	-9999	-9999	
2005	9	5	13.9	17.3	20.6	15.1	3.1	-9999	0.4	-9999	-9999	
2005	9	6	13.5	16.5	19.3	14.6	2.0	-9999	0.0	-9999	-9999	
2005	9	7	12.8	19.2	22.1	15.9	4.3	-9999	0.0	-9999	-9999	
2005	9	8	14.9	20.8	23.9	18.6	6.3	-9999	0.0	-9999	-9999	
2005	9	9	7.2	20.4	22.4	17.4	8.5	-9999	0.2	-9999	-9999	
2005	9	10	14.6	19.1	22.4	16.1	5.8	-9999	0.0	-9999	-9999	
2005	9	11	16.7	18.1	22.0	15.7	5.7	-9999	0.0	-9999	-9999	
2005	9	12	15.5	19.3	23.1	16.9	11.5	-9999	0.0	-9999	-9999	
2005	9	13	9.4	18.4	20.5	16.1	5.8	-9999	0.8	-9999	-9999	
2005	9	14	9.8	15.7	18.3	11.8	0.6	-9999	8.0	-9999	-9999	
2005	9	15	11.8	14.4	16.8	12.1	2.1	-9999	0.2	-9999	-9999	
2005	9	16	16.4	16.2	22.1	12.5	6.8	-9999	0.0	-9999	-9999	
2005	9	17	14.9	17.3	20.4	13.3	5.9	-9999	0.0	-9999	-9999	
2005	9	18	14.0	18.6	23.3	15.6	4.5	-9999	0.0	-9999	-9999	
2005	9	19	7.3	14.3	17.2	12.4	0.2	-9999	32.6	-9999	-9999	
2005	9	20	9.5	12.2	14.3	10.5	1.0	-9999	10.2	-9999	-9999	
2005	9	21	12.6	12.8	16.4	10.3	1.6	-9999	4.2	-9999	-9999	
2005	9	22	9.9	12.7	15.8	10.3	0.6	-9999	0.2	-9999	-9999	
2005	9	23	6.5	11.8	14.6	10.7	0.1	-9999	6.2	-9999	-9999	
2005	9	24	13.8	12.3	15.7	10.0	1.1	-9999	0.2	-9999	-9999	
2005	9	25	9.2	13.1	15.7	11.2	1.5	-9999	0.6	-9999	-9999	
2005	9	26	10.3	13.5	15.9	11.6	1.7	-9999	0.4	-9999	-9999	
2005	9	27	13.3	14.2	17.6	12.1	2.5	-9999	1.0	-9999	-9999	
2005	9	28	13.6	14.6	18.3	12.7	4.1	-9999	0.2	-9999	-9999	
2005	9	29	13.2	14.5	17.9	12.6	2.8	-9999	0.0	-9999	-9999	
2005	9	30	5.1	11.9	14.9	7.8	0.2	-9999	26.4	-9999	-9999	
2005	10	1	12.9	8.4	11.9	5.8	1.7	-9999	3.0	-9999	-9999	
2005	10	2	14.6	10.9	14.9	6.9	2.7	-9999	0.0	-9999	-9999	
2005	10	3	11.8	14.7	17.8	12.4	3.6	-9999	0.0	-9999	-9999	
2005	10	4	6.1	14.0	17.4	11.7	0.9	-9999	17.4	-9999	-9999	
2005	10	5	7.5	12.4	15.1	10.4	0.6	-9999	0.2	-9999	-9999	
2005	10	6	8.2	12.9	15.3	11.1	1.8	-9999	0.0	-9999	-9999	
2005	10	7	8.6	14.4	15.9	11.8	1.8	-9999	0.6	-9999	-9999	
2005	10	8	10.9	13.1	15.8	10.7	2.1	-9999	0.0	-9999	-9999	
2005	10	9	8.5	11.0	12.7	9.1	0.8	-9999	18.0	-9999	-9999	
2005	10	10	9.4	10.9	14.3	10.0	0.7	-9999	17.8	-9999	-9999	
2005	10	11	12.5	10.2	12.5	8.7	2.1	-9999	0.2	-9999	-9999	
2005	10	12	10.3	11.1	14.4	8.7	1.3	-9999	0.0	-9999	-9999	
2005	10	13	6.3	12.1	13.9	10.1	0.5	-9999	0.0	-9999	-9999	
2005	10	14	10.6	13.5	16.4	11.4	1.0	-9999	0.2	-9999	-9999	
2005	10	15	11.3	11.0	13.4	8.4	1.5	-9999	0.0	-9999	-9999	
2005	10	16	12.5	10.5	14.5	6.9	3.7	-9999	0.0	-9999	-9999	
2005	10	17	12.0	10.6	13.5	7.0	2.9	-9999	0.0	-9999	-9999	
2005	10	18	12.5	6.7	10.3	5.0	1.5	-9999	0.0	-9999	-9999	
2005	10	19	12.3	10.5	14.1	4.7	6.2	-9999	0.0	-9999	-9999	
2005	10	20	8.2	15.4	18.7	10.5	6.5	-9999	0.0	-9999	-9999	
2005	10	21	6.7	17.3	20.0	15.5	5.8	-9999	0.0	-9999	-9999	
2005	10	22	9.6	16.9	20.4	11.6	4.4	-9999	3.2	-9999	-9999	
2005	10	23	10.6	15.5	18.2	10.7	2.5	-9999	2.0	-9999	-9999	
2005	10	24	7.7	14.6	16.7	12.7	1.3	-9999	0.0	-9999	-9999	
2005	10	25	5.9	13.8	15.4	12.9	1.1	-9999	0.0	-9999	-9999	
2005	10	26	9.9	13.9	16.4	11.9	1.4	-9999	0.0	-9999	-9999	
2005	10	27	11.0	12.9	16.7	10.3	1.3	-9999	0.2	-9999	-9999	
2005	10	28	11.3	13.9	17.1	9.6	5.4	-9999	0.0	-9999	-9999	
2005	10	29	11.3	14.3	17.0	10.7	4.5	-9999	0.0	-9999	-9999	
2005	10	30	11.2	14.1	16.9	11.4	4.2	-9999	0.2	-9999	-9999	
2005	10	31	11.1	13.0	16.0	9.9	3.5	-9999	0.0	-9999	-9999	
2005	11	1	10.7	12.0	14.8	9.6	2.8	-9999	0.2	-9999	-9999	
2005	11	2	6.3	13.3	15.1	11.4	2.3	-9999	6.0	-9999	-9999	
2005	11	3	10.0	11.7	13.6	9.5	2.0	-9999	0.0	-9999	-9999	
2005	11	4	10.3	12.2	15.1	9.7	2.9	-9999	0.2	-9999	-9999	
2005	11	5	10.3	12.8	15.7	11.4	4.1	-9999	0.0	-9999	-9999	
2005	11	6	9.5	13.2	15.6	11.5	3.3	-9999	0.0	-9999	-9999	
2005	11	7	9.5	12.3	14.4	10.0	3.1	-9999	9.6	-9999	-9999	
2005	11	8	9.1	10.3	12.1	8.7	2.8	-9999	3.6	-9999	-9999	
2005	11	9	7.1	10.4	14.6	9.0	2.2	-9999	1.8	-9999	-9999	
2005	11	10	8.3	10.2	12.2	9.1	2.2	-9999	0.2	-9999	-9999	
2005	11	11	9.6	9.6	12.4	8.0	2.6	-9999	0.0	-9999	-9999	
2005	11	12	9.4	10.6	13.2	8.6	3.5	-9999	0.2	-9999	-9999	
2005	11	13	6.4	9.3	10.9	7.4	2.1	-9999	0.0	-9999	-9999	
2005	11	14	7.0	10.1	11.9	8.3	2.9	-9999	0.2	-9999	-9999	
2005	11	15	9.0	13.6	16.8	9.6	8.6	-9999	0.0	-9999	-9999	
2005	11	16	6.6	13.6	16.6	8.7	5.8	-9999	7.0	-9999	-9999	
2005	11	17	7.1	8.2	9.5	4.9	4.6	-9999	11.0	-9999	-9999	
2005	11	18	5.0	8.4	10.5	6.6	4.0	-9999	4.2	-9999	-9999	
2005	11	19	6.6	4.2	12.7	-0.5	3.6	-9999	2.6	-9999	-9999	
2005	11	20	8.8	-1.6	-0.4	-2.8	4.3	-9999	0.0	-9999	-9999	
2005	11	21	8.3	0.5	4.0	-2.5	4.1	-9999	0.0	-9999	-9999	
2005	11	22	5.5	3.6	6.4	1.4	3.6	-9999	5.0	-9999	-9999	
2005	11	23	6.0	3.7	5.6	2.0	3.0	-9999	12.6	-9999	-9999	
2005	11	24	6.3	4.1	7.0	1.4	3.1	-9999	6.0	-9999	-9999	
2005	11	25	4.4	3.9	7.6	1.9	3.1	-9999	10.0	-9999	-9999	
2005	11	26	6.0	7.3	9.9	4.2	3.7	-9999	0.0	-9999	-9999	
2005	11	27	6.2	7.4	10.0	4.1	3.6	-9999	12.8	-9999	-9999	
2005	11	28	5.2	5.0	7.4	2.7	2.9	-9999	6.0	-9999	-9999	
2005	11	29	6.9	6.2	8.2	3.7	4.0	-9999	0.2	-9999	-9999	
2005	11	30	4.6	8.4	12.6	5.6	3.7	-9999	4.2	-9999	-9999	
2005	12	1	5.2	7.2	10.5	3.7	3.5	-9999	2.6	-9999	-9999	
2005	12	2	5.7	5.1	7.3	3.4	3.5	-9999	0.2	-9999	-9999	
2005	12	3	7.7	7.6	10.6	4.1	5.2	-9999	6.6	-9999	-9999	
2005	12	4	7.0	7.3	9.3	5.4	3.3	-9999	7.6	-9999	-9999	
2005	12	5	6.5	8.3	9.6	6.1	3.2	-9999	0.0	-9999	-9999	
2005	12	6	6.0	6.7	9.3	2.0	3.0	-9999	9.2	-9999	-9999	
2005	12	7	6.9	5.0	9.3	-1.9	2.8	-9999	4.2	-9999	-9999	
2005	12	8	7.4	4.5	9.3	-1.9	3.1	-9999	2.6	-9999	-9999	
2005	12	9	7.4	4.1	9.3	-1.9	3.2	-9999	0.8	-9999	-9999	
2005	12	10	6.9	4.5	8.3	0.2	3.3	-9999	60.2	-9999	-9999	
2005	12	11	6.4	5.6	9.2	0.2	3.2	-9999	20.4	-9999	-9999	
2005	12	12	6.4	5.9	9.2	1.2	3.2	-9999	11.8	-9999	-9999	
2005	12	13	6.4	5.7	9.3	0.2	3.3	-9999	18.4	-9999	-9999	
2005	12	14	6.1	4.4	8.0	-3.9	2.4	-9999	79.0	-9999	-9999	
2005	12	15	6.0	4.3	9.2	-4.1	2.4	-9999	10.0	-9999	-9999	
2005	12	16	5.8	4.0	9.3	-4.1	2.7	-9999	0.8	-9999	-9999	
2005	12	17	5.8	3.4	8.0	-4.1	2.7	-9999	7.8	-9999	-9999	
2005	12	18	7.6	1.3	9.2	-5.0	3.2	-9999	2.6	-9999	-9999	
2005	12	19	7.6	1.1	8.7	-5.2	3.3	-9999	1.8	-9999	-9999	
2005	12	20	7.4	1.8	9.3	-4.6	3.6	-9999	2.4	-9999	-9999	
2005	12	21	6.7	1.6	8.0	-4.5	3.1	-9999	1.6	-9999	-9999	
2005	12	22	7.4	1.4	9.2	-4.5	3.3	-9999	1.0	-9999	-9999	
2005	12	23	5.1	1.8	9.3	-4.3	3.0	-9999	1.0	-9999	-9999	
2005	12	24	7.9	1.2	8.0	-4.7	3.2	-9999	1.0	-9999	-9999	
2005	12	25	7.7	3.5	9.2	-2.5	3.7	-9999	0.8	-9999	-9999	
2005	12	26	4.9	4.2	8.7	-2.5	3.1	-9999	0.6	-9999	-9999	
2005	12	27	7.4	5.6	9.3	-2.5	3.6	-9999	5.0	-9999	-9999	
2005	12	28	6.6	5.0	8.0	-2.5	3.2	-9999	14.0	-9999	-9999	
2005	12	29	5.5	4.5	9.2	-2.6	3.1	-9999	5.2	-9999	-9999	
2005	12	30	6.6	4.0	9.3	-3.0	3.2	-9999	3.6	-9999	-9999	
2005	12	31	6.5	2.9	8.0	-3.0	3.1	-9999	6.8	-9999	-9999	
2006	1	1	6.8	-0.4	1.5	-3.8	1.5	-9999	0.4	-9999	-9999	
2006	1	2	6.5	-0.2	1.9	-2.1	1.6	-9999	15.4	-9999	-9999	
2006	1	3	6.3	0.6	2.0	-1.7	1.6	-9999	1.4	-9999	-9999	
2006	1	4	8.3	0.3	2.2	-2.1	1.8	-9999	0.2	-9999	-9999	
2006	1	5	6.2	-0.5	1.6	-3.6	1.6	-9999	0.0	-9999	-9999	
2006	1	6	5.9	-0.6	1.8	-3.6	1.4	-9999	0.2	-9999	-9999	
2006	1	7	11.1	0.4	2.7	-3.6	2.1	-9999	0.2	-9999	-9999	
2006	1	8	8.8	-0.4	1.8	-3.9	1.9	-9999	0.0	-9999	-9999	
2006	1	9	8.6	1.4	2.7	0.5	1.9	-9999	0.0	-9999	-9999	
2006	1	10	8.7	1.1	1.6	0.5	1.8	-9999	0.0	-9999	-9999	
2006	1	11	8.0	-0.3	1.2	-1.8	2.0	-9999	0.0	-9999	-9999	
2006	1	12	8.3	-1.1	-0.2	-2.9	1.6	-9999	0.0	-9999	-9999	
2006	1	13	8.3	-1.1	0.1	-2.7	1.4	-9999	0.0	-9999	-9999	
2006	1	14	8.4	-1.4	-0.1	-2.3	1.5	-9999	2.0	-9999	-9999	
2006	1	15	11.0	-0.2	1.7	-1.8	1.6	-9999	8.4	-9999	-9999	
2006	1	16	9.7	1.9	3.5	-0.2	1.8	-9999	16.4	-9999	-9999	
2006	1	17	11.8	3.9	6.3	1.6	2.8	-9999	4.2	-9999	-9999	
2006	1	18	7.2	3.6	6.4	2.6	2.4	-9999	4.6	-9999	-9999	
2006	1	19	9.6	1.5	6.4	-0.3	3.3	-9999	17.8	-9999	-9999	
2006	1	20	12.6	3.5	8.8	-1.1	4.7	-9999	0.0	-9999	-9999	
2006	1	21	11.0	7.4	11.2	2.5	5.8	-9999	0.0	-9999	-9999	
2006	1	22	7.8	1.9	5.0	0.7	2.0	-9999	0.0	-9999	-9999	
2006	1	23	7.5	-1.4	1.3	-3.4	2.0	-9999	0.0	-9999	-9999	
2006	1	24	8.9	-1.6	0.3	-3.4	2.0	-9999	0.0	-9999	-9999	
2006	1	25	9.6	-1.5	0.0	-6.3	1.7	-9999	0.0	-9999	-9999	
2006	1	26	9.9	-1.6	0.3	-6.7	1.7	-9999	3.6	-9999	-9999	
2006	1	27	8.0	2.0	4.3	-0.6	1.8	-9999	1.8	-9999	-9999	
2006	1	28	6.3	6.2	7.9	4.1	1.9	-9999	0.0	-9999	-9999	
2006	1	29	9.3	7.1	9.0	5.3	2.1	-9999	0.0	-9999	-9999	
2006	1	30	8.1	6.4	8.4	5.2	1.9	-9999	0.0	-9999	-9999	
2006	1	31	8.0	4.6	5.9	2.8	1.6	-9999	0.2	-9999	-9999	
2006	2	1	13.5	3.6	5.9	2.0	2.5	-9999	0.0	-9999	-9999	
2006	2	2	14.1	7.0	11.1	4.0	4.6	-9999	0.0	-9999	-9999	
2006	2	3	14.3	8.7	11.3	6.6	5.9	-9999	0.0	-9999	-9999	
2006	2	4	13.2	6.8	9.1	4.4	3.6	-9999	0.0	-9999	-9999	
2006	2	5	13.0	2.9	8.3	-2.0	3.2	-9999	0.2	-9999	-9999	
2006	2	6	12.3	-4.3	-2.0	-6.5	2.8	-9999	0.0	-9999	-9999	
2006	2	7	13.9	-6.0	-4.2	-7.5	2.9	-9999	0.0	-9999	-9999	
2006	2	8	14.4	0.9	5.2	-4.9	3.0	-9999	1.2	-9999	-9999	
2006	2	9	8.6	3.9	8.3	1.7	2.1	-9999	4.8	-9999	-9999	
2006	2	10	7.7	3.2	6.2	-1.3	1.2	-9999	6.8	-9999	-9999	
2006	2	11	8.7	1.4	6.0	-1.8	1.0	-9999	4.4	-9999	-9999	
2006	2	12	11.7	-1.8	3.8	-4.1	1.2	-9999	1.0	-9999	-9999	
2006	2	13	14.3	-2.8	-0.6	-4.5	1.4	-9999	0.0	-9999	-9999	
2006	2	14	14.2	-1.6	1.0	-4.0	1.7	-9999	0.2	-9999	-9999	
2006	2	15	13.2	0.9	4.0	-1.6	1.8	-9999	0.0	-9999	-9999	
2006	2	16	13.6	3.5	6.2	0.8	1.7	-9999	0.6	-9999	-9999	
2006	2	17	13.5	5.9	7.5	3.5	1.7	-9999	0.0	-9999	-9999	
2006	2	18	13.6	5.9	7.4	3.5	1.7	-9999	-9999	-9999	-9999	
2006	2	19	13.8	5.9	7.4	3.5	1.5	-9999	-9999	-9999	-9999	
2006	2	20	13.7	4.1	7.4	1.2	1.6	-9999	-9999	-9999	-9999	
2006	2	21	13.4	2.5	3.7	1.1	1.6	-9999	-9999	-9999	-9999	
2006	2	22	-9999.0	3.9	6.2	2.5	0.5	-9999	-9999	-9999	-9999	
2006	2	23	-9999	5.3	6.0	4.2	-9999	-9999	-9999	-9999	-9999	
2006	2	24	-9999	-9999	-9999	-9999	-9999	-9999	-9999	-9999	-9999	
2006	2	25	-9999	-9999	-9999	-9999	-9999	-9999	-9999	-9999	-9999	
2006	2	26	-9999	-9999	-9999	-9999	-9999	-9999	-9999	-9999	-9999	
2006	2	27	-9999	-9999	-9999	-9999	-9999	-9999	-9999	-9999	-9999	
2006	2	28	-9999	-9999	-9999	-9999	-9999	-9999	-9999	-9999	-9999	
2006	3	1	-9999	-9999	-9999	-9999	-9999	-9999	-9999	-9999	-9999	
2006	3	2	-9999	-9999	-9999	-9999	-9999	-9999	-9999	-9999	-9999	
2006	3	3	-9999	-9999	-9999	-9999	-9999	-9999	-9999	-9999	-9999	
2006	3	4	-9999	-9999	-9999	-9999	-9999	-9999	-9999	-9999	-9999	
2006	3	5	-9999	-9999	-9999	-9999	-9999	-9999	-9999	-9999	-9999	
2006	3	6	-9999	-9999	-9999	-9999	-9999	-9999	-9999	-9999	-9999	
2006	3	7	-9999	-9999	-9999	-9999	-9999	-9999	-9999	-9999	-9999	
2006	3	8	-9999	-9999	-9999	-9999	-9999	-9999	-9999	-9999	-9999	
2006	3	9	-9999	-9999	-9999	-9999	-9999	-9999	-9999	-9999	-9999	
2006	3	10	-9999	-9999	-9999	-9999	-9999	-9999	-9999	-9999	-9999	
2006	3	11	-9999	-9999	-9999	-9999	-9999	-9999	-9999	-9999	-9999	
2006	3	12	-9999	-9999	-9999	-9999	-9999	-9999	-9999	-9999	-9999	
2006	3	13	-9999	-9999	-9999	-9999	-9999	-9999	-9999	-9999	-9999	
2006	3	14	-9999	-9999	-9999	-9999	-9999	-9999	-9999	-9999	-9999	
2006	3	15	17.6	14.6	17.5	12.6	8.4	-9999	-9999	-9999	-9999	
2006	3	16	8.9	13.7	15.8	11.1	6.5	-9999	-9999	-9999	-9999	
2006	3	17	8.0	12.5	15.2	9.6	5.1	-9999	-9999	-9999	-9999	
2006	3	18	13.2	13.8	17.5	9.7	7.5	-9999	-9999	-9999	-9999	
2006	3	19	13.1	14.8	17.5	12.6	8.8	-9999	-9999	-9999	-9999	
2006	3	20	13.1	14.8	17.5	12.6	8.8	-9999	-9999	-9999	-9999	
2006	3	21	13.1	14.8	17.6	12.6	8.7	-9999	0.0	-9999	-9999	
2006	3	22	8.5	13.0	17.1	8.3	5.0	-9999	10.4	-9999	-9999	
2006	3	23	2.7	10.2	14.3	5.2	2.7	-9999	26.0	-9999	-9999	
2006	3	24	10.6	8.8	11.9	4.3	2.1	-9999	6.8	-9999	-9999	
2006	3	25	7.3	10.0	11.4	8.0	2.7	-9999	5.0	-9999	-9999	
2006	3	26	20.1	10.5	13.2	6.8	3.4	-9999	0.2	-9999	-9999	
2006	3	27	21.5	13.1	16.9	9.5	7.7	-9999	0.0	-9999	-9999	
2006	3	28	21.3	14.8	16.8	12.9	11.4	-9999	0.0	-9999	-9999	
2006	3	29	20.1	10.7	15.5	6.8	5.4	-9999	0.0	-9999	-9999	
2006	3	30	22.4	9.4	12.9	6.7	6.4	-9999	0.0	-9999	-9999	
2006	3	31	22.3	11.3	14.9	7.9	8.1	-9999	0.0	-9999	-9999	
2006	4	1	22.6	14.1	16.9	11.1	7.8	-9999	0.0	-9999	-9999	
2006	4	2	22.9	14.4	17.5	9.1	7.4	-9999	0.0	-9999	-9999	
2006	4	3	19.7	10.2	13.1	8.3	2.7	-9999	0.0	-9999	-9999	
2006	4	4	21.9	10.1	13.3	8.0	3.8	-9999	0.0	-9999	-9999	
2006	4	5	23.0	11.7	15.3	7.8	9.0	-9999	0.0	-9999	-9999	
2006	4	6	14.6	14.2	17.8	10.6	8.6	-9999	0.0	-9999	-9999	
2006	4	7	14.5	9.4	12.1	6.3	1.0	-9999	0.0	-9999	-9999	
2006	4	8	21.3	8.8	12.1	6.0	2.1	-9999	0.0	-9999	-9999	
2006	4	9	24.7	11.6	14.7	8.6	6.6	-9999	0.0	-9999	-9999	
2006	4	10	16.3	15.3	18.7	9.8	10.6	-9999	0.0	-9999	-9999	
2006	4	11	11.8	13.4	17.3	5.8	2.4	-9999	7.2	-9999	-9999	
2006	4	12	20.3	7.5	12.2	4.1	2.5	-9999	4.0	-9999	-9999	
2006	4	13	7.8	6.5	13.1	1.0	1.2	-9999	6.6	-9999	-9999	
2006	4	14	25.9	7.0	11.8	2.0	3.6	-9999	0.0	-9999	-9999	
2006	4	15	24.0	13.9	17.3	9.3	11.1	-9999	0.0	-9999	-9999	
2006	4	16	19.0	16.3	20.3	13.3	12.4	-9999	0.0	-9999	-9999	
2006	4	17	8.6	15.8	18.2	13.9	7.3	-9999	0.6	-9999	-9999	
2006	4	18	22.5	14.6	16.8	10.3	8.5	-9999	6.0	-9999	-9999	
2006	4	19	10.4	11.7	15.1	9.5	1.3	-9999	0.6	-9999	-9999	
2006	4	20	18.4	11.4	14.9	8.0	1.1	-9999	0.0	-9999	-9999	
2006	4	21	14.2	10.8	13.9	8.8	0.6	-9999	2.2	-9999	-9999	
2006	4	22	15.6	10.9	13.5	8.1	1.7	-9999	0.4	-9999	-9999	
2006	4	23	25.1	12.2	14.2	9.3	5.6	-9999	0.0	-9999	-9999	
2006	4	24	25.7	13.6	15.9	11.0	7.8	-9999	0.0	-9999	-9999	
2006	4	25	20.5	13.6	17.5	10.1	7.4	-9999	0.0	-9999	-9999	
2006	4	26	5.1	12.4	13.9	10.4	2.9	-9999	4.4	-9999	-9999	
2006	4	27	4.5	10.5	11.7	9.6	1.5	-9999	10.2	-9999	-9999	
2006	4	28	7.0	8.8	10.4	7.3	0.3	-9999	10.4	-9999	-9999	
2006	4	29	10.3	9.1	11.5	7.1	0.4	-9999	0.6	-9999	-9999	
2006	4	30	10.5	8.9	12.1	7.0	0.7	-9999	16.0	-9999	-9999	
2006	5	1	15.1	10.6	13.2	8.1	0.9	-9999	0.0	-9999	-9999	
2006	5	2	23.0	11.5	15.1	7.5	2.4	-9999	0.2	-9999	-9999	
2006	5	3	27.0	11.5	14.7	9.1	4.9	-9999	0.0	-9999	-9999	
2006	5	4	20.7	9.8	12.4	7.7	0.5	-9999	0.0	-9999	-9999	
2006	5	5	22.6	8.2	12.3	5.4	1.7	-9999	1.0	-9999	-9999	
2006	5	6	20.5	8.3	13.5	3.9	3.9	-9999	0.0	-9999	-9999	
2006	5	7	25.3	10.0	14.7	6.4	4.5	-9999	0.0	-9999	-9999	
2006	5	8	21.5	10.6	15.3	6.9	3.7	-9999	0.0	-9999	-9999	
2006	5	9	19.5	12.1	16.9	8.5	5.2	-9999	0.0	-9999	-9999	
2006	5	10	19.5	9.1	12.1	7.0	1.5	-9999	2.0	-9999	-9999	
2006	5	11	20.7	10.1	15.4	6.7	3.2	-9999	0.0	-9999	-9999	
2006	5	12	26.2	9.7	13.9	6.0	2.4	-9999	0.0	-9999	-9999	
2006	5	13	30.0	12.1	17.4	6.1	5.8	-9999	0.0	-9999	-9999	
2006	5	14	29.8	14.2	20.3	9.9	9.7	-9999	0.0	-9999	-9999	
2006	5	15	23.5	12.0	16.7	8.5	3.2	-9999	0.0	-9999	-9999	
2006	5	16	30.1	14.2	19.4	9.2	6.2	-9999	0.0	-9999	-9999	
2006	5	17	28.4	17.1	21.3	13.9	7.5	-9999	0.0	-9999	-9999	
2006	5	18	29.1	18.2	21.2	14.6	7.5	-9999	0.0	-9999	-9999	
2006	5	19	27.4	21.1	25.9	17.5	14.0	-9999	0.0	-9999	-9999	
2006	5	20	28.3	20.4	24.7	15.8	13.0	-9999	0.0	-9999	-9999	
2006	5	21	27.4	18.7	22.5	14.8	14.7	-9999	0.0	-9999	-9999	
2006	5	22	29.6	22.0	26.4	17.8	18.5	-9999	0.0	-9999	-9999	
2006	5	23	27.3	25.3	29.2	21.7	21.7	-9999	0.0	-9999	-9999	
2006	5	24	23.1	24.8	27.8	19.6	23.0	-9999	0.0	-9999	-9999	
2006	5	25	25.9	18.0	21.2	15.0	5.5	-9999	0.0	-9999	-9999	
2006	5	26	28.6	17.4	21.3	14.0	5.4	-9999	0.0	-9999	-9999	
2006	5	27	30.1	19.1	23.3	15.3	9.3	-9999	0.0	-9999	-9999	
2006	5	28	30.6	19.6	23.7	16.4	12.8	-9999	0.0	-9999	-9999	
2006	5	29	30.8	18.9	23.4	15.9	12.3	-9999	0.0	-9999	-9999	
2006	5	30	29.7	17.8	22.0	13.6	10.0	-9999	0.0	-9999	-9999	
2006	5	31	24.4	13.5	16.1	9.4	3.2	-9999	0.0	-9999	-9999	
2006	6	1	9.8	11.3	16.1	8.0	2.8	-9999	18.4	-9999	-9999	
2006	6	2	23.5	9.9	13.3	5.2	2.2	-9999	4.8	-9999	-9999	
2006	6	3	14.9	8.3	11.8	5.6	0.5	-9999	9.4	-9999	-9999	
2006	6	4	21.0	9.0	13.4	5.3	1.4	-9999	8.0	-9999	-9999	
2006	6	5	25.7	10.6	15.2	6.4	3.0	-9999	0.0	-9999	-9999	
2006	6	6	30.7	12.2	16.6	9.0	8.0	-9999	0.0	-9999	-9999	
2006	6	7	27.4	12.1	15.8	8.4	3.2	-9999	0.0	-9999	-9999	
2006	6	8	24.4	10.2	13.3	7.3	2.6	-9999	2.8	-9999	-9999	
2006	6	9	21.4	10.7	14.8	7.5	2.4	-9999	1.0	-9999	-9999	
2006	6	10	18.6	11.2	13.8	8.6	1.8	-9999	0.8	-9999	-9999	
2006	6	11	20.4	11.3	14.9	8.8	2.6	-9999	2.0	-9999	-9999	
2006	6	12	12.3	8.4	11.2	6.4	0.1	-9999	15.8	-9999	-9999	
2006	6	13	26.6	13.1	17.3	8.1	3.4	-9999	0.2	-9999	-9999	
2006	6	14	29.5	15.7	19.2	12.0	5.8	-9999	0.0	-9999	-9999	
2006	6	15	28.9	18.6	22.0	14.9	8.7	-9999	0.0	-9999	-9999	
2006	6	16	30.1	20.1	24.2	17.3	13.8	-9999	0.0	-9999	-9999	
2006	6	17	28.5	20.2	24.5	16.8	17.8	-9999	0.0	-9999	-9999	
2006	6	18	28.9	23.0	26.6	18.2	16.1	-9999	0.0	-9999	-9999	
2006	6	19	28.2	25.3	29.1	22.5	20.2	-9999	0.0	-9999	-9999	
2006	6	20	28.5	25.9	29.5	23.4	24.8	-9999	0.0	-9999	-9999	
2006	6	21	29.5	25.1	29.1	22.6	22.9	-9999	0.0	-9999	-9999	
2006	6	22	28.9	24.9	29.9	20.9	24.1	-9999	0.0	-9999	-9999	
2006	6	23	29.9	24.9	30.1	20.9	22.5	-9999	0.0	-9999	-9999	
2006	6	24	27.1	23.2	28.0	19.9	15.8	-9999	0.0	-9999	-9999	
2006	6	25	30.0	22.9	27.3	18.7	14.5	-9999	0.0	-9999	-9999	
2006	6	26	27.8	24.8	29.3	20.7	13.8	-9999	0.0	-9999	-9999	
2006	6	27	29.3	27.0	31.6	24.0	22.0	-9999	0.0	-9999	-9999	
2006	6	28	28.3	27.1	31.8	23.9	19.4	-9999	0.0	-9999	-9999	
2006	6	29	27.8	28.9	33.9	25.2	30.8	-9999	0.0	-9999	-9999	
2006	6	30	28.5	27.5	31.3	21.2	28.6	-9999	0.0	-9999	-9999	
2006	7	1	22.2	20.6	26.4	16.5	5.6	-9999	20.4	-9999	-9999	
2006	7	2	21.8	18.8	23.3	15.9	4.5	-9999	3.6	-9999	-9999	
2006	7	3	24.5	17.9	23.3	14.6	3.5	-9999	5.8	-9999	-9999	
2006	7	4	25.3	17.3	22.5	13.2	3.2	-9999	14.4	-9999	-9999	
2006	7	5	21.9	17.0	19.8	14.7	2.8	-9999	0.0	-9999	-9999	
2006	7	6	29.7	19.3	23.8	15.1	7.3	-9999	0.0	-9999	-9999	
2006	7	7	16.3	20.0	25.1	14.2	5.5	-9999	12.8	-9999	-9999	
2006	7	8	16.4	18.2	21.6	16.0	0.8	-9999	6.0	-9999	-9999	
2006	7	9	24.5	17.4	20.9	14.7	2.6	-9999	0.0	-9999	-9999	
2006	7	10	28.6	18.3	21.3	15.1	3.7	-9999	0.2	-9999	-9999	
2006	7	11	27.8	18.7	21.7	15.8	5.3	-9999	0.0	-9999	-9999	
2006	7	12	18.2	18.1	21.1	14.9	4.8	-9999	1.2	-9999	-9999	
2006	7	13	24.4	19.2	23.5	15.6	6.9	-9999	0.0	-9999	-9999	
2006	7	14	28.8	20.4	24.5	17.0	8.1	-9999	0.0	-9999	-9999	
2006	7	15	25.6	20.7	23.8	17.4	7.6	-9999	0.0	-9999	-9999	
2006	7	16	28.8	19.7	22.1	16.5	7.0	-9999	0.0	-9999	-9999	
2006	7	17	30.0	17.8	21.8	15.0	10.0	-9999	0.0	-9999	-9999	
2006	7	18	29.3	16.9	19.8	13.6	7.5	-9999	0.0	-9999	-9999	
2006	7	19	29.6	18.1	22.6	12.6	7.9	-9999	0.0	-9999	-9999	
2006	7	20	29.5	19.9	23.6	15.8	11.8	-9999	0.0	-9999	-9999	
2006	7	21	28.7	22.0	25.6	17.8	14.1	-9999	0.0	-9999	-9999	
2006	7	22	28.8	23.4	26.8	19.7	16.2	-9999	0.0	-9999	-9999	
2006	7	23	28.8	24.8	29.3	21.6	18.1	-9999	0.0	-9999	-9999	
2006	7	24	18.9	23.5	27.9	21.1	16.8	-9999	0.0	-9999	-9999	
2006	7	25	18.0	22.5	26.0	18.6	11.9	-9999	0.6	-9999	-9999	
2006	7	26	24.9	22.3	26.2	19.5	10.2	-9999	0.0	-9999	-9999	
2006	7	27	26.2	22.7	26.5	19.5	9.5	-9999	0.0	-9999	-9999	
2006	7	28	24.4	23.4	28.2	20.4	10.1	-9999	0.2	-9999	-9999	
2006	7	29	26.7	24.9	29.7	21.1	14.3	-9999	0.0	-9999	-9999	
2006	7	30	15.5	20.7	24.4	17.0	5.4	-9999	8.2	-9999	-9999	
2006	7	31	27.3	20.9	24.8	16.5	6.1	-9999	0.0	-9999	-9999	
2006	8	1	25.2	22.7	26.8	19.3	9.9	-9999	0.0	-9999	-9999	
2006	8	2	26.7	23.5	28.2	19.5	15.1	-9999	0.0	-9999	-9999	
2006	8	3	26.9	21.3	25.7	18.5	10.2	-9999	0.0	-9999	-9999	
2006	8	4	21.4	21.7	26.1	19.2	10.0	-9999	0.2	-9999	-9999	
2006	8	5	24.3	18.4	22.6	15.5	4.3	-9999	2.2	-9999	-9999	
2006	8	6	24.9	17.6	22.2	14.8	5.4	-9999	0.0	-9999	-9999	
2006	8	7	23.3	17.0	21.3	13.2	6.6	-9999	0.0	-9999	-9999	
2006	8	8	16.4	17.5	21.9	14.8	6.2	-9999	9.0	-9999	-9999	
2006	8	9	15.9	18.0	22.3	14.0	6.9	-9999	13.2	-9999	-9999	
2006	8	10	14.7	16.1	19.6	13.1	1.5	-9999	4.4	-9999	-9999	
2006	8	11	14.9	16.1	19.6	13.3	1.5	-9999	-9999	-9999	-9999	
2006	8	12	14.9	16.1	19.6	13.3	1.5	-9999	-9999	-9999	-9999	
2006	8	13	14.9	16.1	19.2	13.3	1.8	-9999	-9999	-9999	-9999	
2006	8	14	16.3	17.2	20.6	14.6	5.1	-9999	-9999	-9999	-9999	
2006	8	15	15.4	17.1	20.4	14.1	4.4	-9999	-9999	-9999	-9999	
2006	8	16	20.6	16.9	19.9	14.2	3.3	-9999	-9999	-9999	-9999	
2006	8	17	-9999	-9999	-9999	-9999	-9999	-9999	-9999	-9999	-9999	
2006	8	18	-9999	-9999	-9999	-9999	-9999	-9999	-9999	-9999	-9999	
2006	8	19	-9999	-9999	-9999	-9999	-9999	-9999	-9999	-9999	-9999	
2006	8	20	-9999	-9999	-9999	-9999	-9999	-9999	-9999	-9999	-9999	
2006	8	21	-9999	-9999	-9999	-9999	-9999	-9999	-9999	-9999	-9999	
2006	8	22	-9999	-9999	-9999	-9999	-9999	-9999	-9999	-9999	-9999	
2006	8	23	-9999	-9999	-9999	-9999	-9999	-9999	-9999	-9999	-9999	
2006	8	24	-9999	-9999	-9999	-9999	-9999	-9999	-9999	-9999	-9999	
2006	8	25	-9999	-9999	-9999	-9999	-9999	-9999	-9999	-9999	-9999	
2006	8	26	-9999	-9999	-9999	-9999	-9999	-9999	-9999	-9999	-9999	
2006	8	27	-9999	-9999	-9999	-9999	-9999	-9999	-9999	-9999	-9999	
2006	8	28	-9999	-9999	-9999	-9999	-9999	-9999	-9999	-9999	-9999	
2006	8	29	-9999	-9999	-9999	-9999	-9999	-9999	-9999	-9999	-9999	
2006	8	30	-9999	-9999	-9999	-9999	-9999	-9999	-9999	-9999	-9999	
2006	8	31	-9999	-9999	-9999	-9999	-9999	-9999	-9999	-9999	-9999	
2006	9	1	-9999	-9999	-9999	-9999	-9999	-9999	-9999	-9999	-9999	
2006	9	2	-9999	-9999	-9999	-9999	-9999	-9999	-9999	-9999	-9999	
2006	9	3	-9999	-9999	-9999	-9999	-9999	-9999	-9999	-9999	-9999	
2006	9	4	-9999	-9999	-9999	-9999	-9999	-9999	-9999	-9999	-9999	
2006	9	5	-9999	-9999	-9999	-9999	-9999	-9999	-9999	-9999	-9999	
2006	9	6	-9999	-9999	-9999	-9999	-9999	-9999	-9999	-9999	-9999	
2006	9	7	-9999	-9999	-9999	-9999	-9999	-9999	-9999	-9999	-9999	
2006	9	8	10.0	19.7	22.8	18.2	2.7	-9999	-9999	-9999	-9999	
2006	9	9	13.3	19.9	22.4	17.9	4.7	-9999	-9999	-9999	-9999	
2006	9	10	14.4	18.8	20.9	16.9	4.2	-9999	-9999	-9999	-9999	
2006	9	11	12.3	18.2	19.9	16.4	2.4	-9999	-9999	-9999	-9999	
2006	9	12	11.4	19.9	23.1	17.7	4.0	-9999	-9999	-9999	-9999	
2006	9	13	11.4	19.9	23.1	17.7	4.0	-9999	-9999	-9999	-9999	
2006	9	14	11.5	19.9	23.1	17.4	4.1	-9999	0.0	-9999	-9999	
2006	9	15	13.3	20.9	23.6	17.9	5.8	-9999	0.0	-9999	-9999	
2006	9	16	17.2	18.1	21.1	14.4	4.7	-9999	0.0	-9999	-9999	
2006	9	17	14.8	14.7	17.4	11.5	1.9	-9999	6.2	-9999	-9999	
2006	9	18	11.3	15.3	18.0	13.7	1.1	-9999	0.4	-9999	-9999	
2006	9	19	12.4	15.7	19.2	14.1	1.9	-9999	0.2	-9999	-9999	
2006	9	20	14.1	15.7	19.0	13.3	2.9	-9999	0.0	-9999	-9999	
2006	9	21	18.3	15.3	18.8	12.1	3.8	-9999	10.2	-9999	-9999	
2006	9	22	16.1	15.1	19.0	11.0	3.0	-9999	0.0	-9999	-9999	
2006	9	23	15.2	15.1	18.0	11.0	2.1	-9999	0.2	-9999	-9999	
2006	9	24	19.3	13.6	17.9	9.6	3.8	-9999	0.0	-9999	-9999	
2006	9	25	12.6	16.1	18.9	13.3	6.2	-9999	1.6	-9999	-9999	
2006	9	26	11.7	13.0	15.7	11.0	0.2	-9999	43.2	-9999	-9999	
2006	9	27	13.9	12.7	15.6	9.8	0.7	-9999	5.2	-9999	-9999	
2006	9	28	9.3	15.6	20.0	11.7	1.0	-9999	2.2	-9999	-9999	
2006	9	29	11.5	16.5	19.5	14.4	2.8	-9999	0.0	-9999	-9999	
2006	9	30	15.7	15.8	19.4	13.4	3.6	-9999	0.0	-9999	-9999	
2006	10	1	16.3	16.6	19.9	13.4	2.9	-9999	0.0	-9999	-9999	
2006	10	2	17.7	19.1	23.1	16.5	10.4	-9999	0.0	-9999	-9999	
2006	10	3	17.3	21.4	24.8	17.7	18.6	-9999	0.0	-9999	-9999	
2006	10	4	13.7	23.0	26.5	19.4	17.6	-9999	0.0	-9999	-9999	
2006	10	5	7.2	16.5	20.6	13.9	4.1	-9999	0.2	-9999	-9999	
2006	10	6	7.0	12.7	13.8	11.4	0.1	-9999	14.8	-9999	-9999	
2006	10	7	16.2	12.1	15.2	9.2	2.8	-9999	0.2	-9999	-9999	
2006	10	8	10.2	11.5	13.8	9.4	2.0	-9999	0.0	-9999	-9999	
2006	10	9	1.2	10.2	11.4	9.2	0.1	-9999	3.2	-9999	-9999	
2006	10	10	5.5	11.4	13.5	9.8	0.1	-9999	7.0	-9999	-9999	
2006	10	11	10.7	11.2	14.1	8.6	0.6	-9999	0.2	-9999	-9999	
2006	10	12	13.2	12.8	15.9	11.1	1.3	-9999	0.0	-9999	-9999	
2006	10	13	12.1	12.6	15.1	11.2	1.3	-9999	0.0	-9999	-9999	
2006	10	14	13.4	12.4	15.5	10.3	1.4	-9999	0.2	-9999	-9999	
2006	10	15	7.1	11.3	13.5	10.2	1.3	-9999	0.2	-9999	-9999	
2006	10	16	9.2	9.8	13.8	7.9	0.9	-9999	3.8	-9999	-9999	
2006	10	17	7.0	7.4	8.7	6.1	1.8	-9999	0.2	-9999	-9999	
2006	10	18	16.3	7.6	10.7	5.8	3.5	-9999	0.0	-9999	-9999	
2006	10	19	15.7	10.2	14.0	6.8	4.5	-9999	0.0	-9999	-9999	
2006	10	20	14.1	12.7	14.8	9.8	2.0	-9999	10.4	-9999	-9999	
2006	10	21	12.6	13.8	16.1	12.6	0.8	-9999	0.2	-9999	-9999	
2006	10	22	9.5	15.1	17.6	13.5	0.9	-9999	1.0	-9999	-9999	
2006	10	23	14.9	16.5	18.9	14.7	5.2	-9999	0.0	-9999	-9999	
2006	10	24	14.3	20.0	24.3	17.2	11.9	-9999	0.0	-9999	-9999	
2006	10	25	14.5	18.9	22.3	16.9	9.8	-9999	0.0	-9999	-9999	
2006	10	26	15.4	18.7	21.8	16.1	7.6	-9999	0.0	-9999	-9999	
2006	10	27	15.1	18.7	21.5	16.6	10.3	-9999	0.0	-9999	-9999	
2006	10	28	14.9	18.9	21.4	15.1	7.8	-9999	0.0	-9999	-9999	
2006	10	29	13.7	15.4	18.0	13.7	5.1	-9999	0.0	-9999	-9999	
2006	10	30	12.5	11.5	15.2	7.2	4.6	-9999	0.2	-9999	-9999	
2006	10	31	15.1	6.8	9.1	4.5	5.1	-9999	0.0	-9999	-9999	
2006	11	1	14.1	11.3	14.2	7.7	3.6	-9999	0.0	-9999	-9999	
2006	11	2	8.6	7.8	13.9	0.8	2.8	-9999	4.8	-9999	-9999	
2006	11	3	14.8	-0.6	1.0	-2.2	3.0	-9999	1.8	-9999	-9999	
2006	11	4	14.3	-0.9	0.9	-1.9	3.2	-9999	0.0	-9999	-9999	
2006	11	5	13.7	2.6	6.8	-1.0	3.3	-9999	0.2	-9999	-9999	
2006	11	6	12.9	6.9	10.0	4.0	3.0	-9999	0.0	-9999	-9999	
2006	11	7	13.5	9.5	11.8	7.4	4.7	-9999	0.0	-9999	-9999	
2006	11	8	13.9	11.2	13.8	9.6	6.4	-9999	0.0	-9999	-9999	
2006	11	9	13.8	11.7	14.7	9.3	5.2	-9999	0.0	-9999	-9999	
2006	11	10	10.6	8.8	11.4	6.0	3.2	-9999	13.4	-9999	-9999	
2006	11	11	12.4	3.6	6.3	2.2	3.4	-9999	0.2	-9999	-9999	
2006	11	12	7.0	7.4	10.0	5.2	3.4	-9999	0.0	-9999	-9999	
2006	11	13	11.9	7.5	10.5	4.5	3.7	-9999	0.0	-9999	-9999	
2006	11	14	12.9	9.6	12.9	4.8	6.1	-9999	0.0	-9999	-9999	
2006	11	15	12.7	12.5	14.7	10.5	6.0	-9999	0.0	-9999	-9999	
2006	11	16	13.0	13.0	15.7	11.2	6.8	-9999	0.0	-9999	-9999	
2006	11	17	12.7	11.9	14.0	10.4	5.7	-9999	0.0	-9999	-9999	
2006	11	18	10.2	12.2	15.0	10.3	5.2	-9999	0.0	-9999	-9999	
2006	11	19	9.7	11.2	13.5	9.3	2.9	-9999	0.0	-9999	-9999	
2006	11	20	11.0	9.5	12.0	7.8	3.0	-9999	0.0	-9999	-9999	
2006	11	21	7.5	9.0	12.6	8.0	2.3	-9999	8.4	-9999	-9999	
2006	11	22	7.8	8.4	10.4	6.9	2.0	-9999	21.4	-9999	-9999	
2006	11	23	8.6	7.5	8.7	5.7	2.3	-9999	0.8	-9999	-9999	
2006	11	24	11.8	9.6	12.0	6.0	4.3	-9999	0.0	-9999	-9999	
2006	11	25	11.8	12.8	14.7	10.9	4.7	-9999	0.0	-9999	-9999	
2006	11	26	11.4	11.0	13.1	8.3	2.8	-9999	0.0	-9999	-9999	
2006	11	27	12.1	8.1	10.6	5.9	2.7	-9999	0.2	-9999	-9999	
2006	11	28	12.1	9.8	12.5	7.8	3.8	-9999	0.0	-9999	-9999	
2006	11	29	10.1	8.8	10.7	5.9	4.0	-9999	0.0	-9999	-9999	
2006	11	30	12.0	7.4	9.1	6.1	2.7	-9999	0.0	-9999	-9999	
2006	12	1	9.9	5.9	8.0	4.5	2.4	-9999	0.0	-9999	-9999	
2006	12	2	8.3	6.9	8.6	5.2	2.7	-9999	0.0	-9999	-9999	
2006	12	3	7.2	7.9	9.4	6.9	2.4	-9999	0.0	-9999	-9999	
2006	12	4	5.6	8.9	11.0	7.6	2.3	-9999	0.4	-9999	-9999	
2006	12	5	7.5	10.2	11.8	9.1	2.6	-9999	0.0	-9999	-9999	
2006	12	6	11.9	10.4	12.5	8.6	2.9	-9999	0.0	-9999	-9999	
2006	12	7	8.7	10.6	12.4	9.0	3.0	-9999	0.2	-9999	-9999	
2006	12	8	7.2	10.0	12.1	9.0	3.1	-9999	0.0	-9999	-9999	
2006	12	9	8.1	9.3	11.9	7.9	3.3	-9999	3.2	-9999	-9999	
2006	12	10	9.7	7.9	9.2	6.6	2.7	-9999	1.8	-9999	-9999	
2006	12	11	10.7	6.6	7.8	5.1	2.8	-9999	29.0	-9999	-9999	
2006	12	12	11.7	4.0	5.2	2.8	3.0	-9999	0.4	-9999	-9999	
2006	12	13	8.3	3.4	4.3	1.9	2.2	-9999	4.0	-9999	-9999	
2006	12	14	9.8	5.6	9.6	2.2	2.8	-9999	6.4	-9999	-9999	
2006	12	15	10.8	9.8	11.9	7.0	3.2	-9999	0.2	-9999	-9999	
2006	12	16	9.5	10.6	13.2	8.3	4.5	-9999	0.0	-9999	-9999	
2006	12	17	9.6	10.6	11.9	9.3	4.3	-9999	0.8	-9999	-9999	
2006	12	18	9.5	10.7	11.9	8.9	4.3	-9999	6.6	-9999	-9999	
2006	12	19	9.6	10.7	11.7	9.1	4.3	-9999	24.8	-9999	-9999	
2006	12	20	9.6	10.7	11.7	9.1	3.2	-9999	1.8	-9999	-9999	
2006	12	21	10.0	9.8	11.7	4.4	3.3	-9999	18.2	-9999	-9999	
2006	12	22	9.8	5.6	8.1	2.2	3.3	-9999	-9999	-9999	-9999	
2006	12	23	10.0	2.8	3.5	2.2	3.1	-9999	40.2	-9999	-9999	
2006	12	24	8.2	2.8	3.5	2.2	2.3	-9999	0.4	-9999	-9999	
2006	12	25	8.2	3.0	3.6	2.3	2.3	-9999	2.4	-9999	-9999	
2006	12	26	8.2	2.6	3.4	1.6	2.3	-9999	0.0	-9999	-9999	
2006	12	27	8.1	3.2	5.4	0.3	2.1	-9999	0.0	-9999	-9999	
2006	12	28	10.9	4.6	6.6	3.2	2.4	-9999	0.0	-9999	-9999	
2006	12	29	11.0	4.8	6.9	3.4	2.5	-9999	0.2	-9999	-9999	
2006	12	30	11.7	3.9	5.3	2.7	2.9	-9999	0.0	-9999	-9999	
2006	12	31	11.1	4.8	7.1	3.1	2.7	-9999	0.0	-9999	-9999	
2007	1	1	5.5	6.2	8.2	4.2	1.6	-9999	0.0	-9999	-9999	
2007	1	2	6.2	5.3	8.8	-0.1	1.0	-9999	7.4	-9999	-9999	
2007	1	3	7.4	0.5	1.1	-0.3	1.0	-9999	3.4	-9999	-9999	
2007	1	4	9.6	1.1	3.1	0.0	2.0	-9999	1.2	-9999	-9999	
2007	1	5	10.0	3.3	4.3	2.2	1.5	-9999	8.8	-9999	-9999	
2007	1	6	10.0	4.4	7.6	2.6	1.1	-9999	1.0	-9999	-9999	
2007	1	7	10.2	6.9	10.0	4.2	2.5	-9999	0.0	-9999	-9999	
2007	1	8	8.6	6.8	9.6	4.7	2.2	-9999	0.0	-9999	-9999	
2007	1	9	9.7	6.6	8.1	5.6	2.1	-9999	0.0	-9999	-9999	
2007	1	10	10.5	7.1	9.3	5.6	2.1	-9999	0.2	-9999	-9999	
2007	1	11	10.2	8.4	12.3	6.4	2.7	-9999	0.0	-9999	-9999	
2007	1	12	7.8	7.3	9.6	5.4	0.6	-9999	0.0	-9999	-9999	
2007	1	13	10.5	7.0	10.1	4.3	4.0	-9999	0.0	-9999	-9999	
2007	1	14	10.6	12.1	15.9	10.0	9.2	-9999	0.0	-9999	-9999	
2007	1	15	9.7	6.1	9.9	3.9	2.5	-9999	0.0	-9999	-9999	
2007	1	16	10.6	8.6	11.2	4.9	6.1	-9999	0.0	-9999	-9999	
2007	1	17	9.2	8.0	10.3	6.1	3.8	-9999	0.0	-9999	-9999	
2007	1	18	3.8	6.8	8.4	6.0	0.1	-9999	0.2	-9999	-9999	
2007	1	19	8.2	9.1	15.4	6.4	2.1	-9999	0.0	-9999	-9999	
2007	1	20	10.9	13.8	16.9	10.6	8.1	-9999	0.0	-9999	-9999	
2007	1	21	11.2	13.9	16.9	11.6	9.5	-9999	0.0	-9999	-9999	
2007	1	22	11.4	14.6	18.3	11.6	12.4	-9999	0.0	-9999	-9999	
2007	1	23	4.1	10.1	12.8	6.3	4.1	-9999	6.4	-9999	-9999	
2007	1	24	3.7	2.7	5.7	0.5	0.0	-9999	33.0	-9999	-9999	
2007	1	25	3.6	2.1	8.7	0.4	0.0	-9999	17.2	-9999	-9999	
2007	1	26	2.9	3.2	4.2	1.9	0.2	-9999	3.2	-9999	-9999	
2007	1	27	7.8	2.8	5.2	0.0	0.3	-9999	0.4	-9999	-9999	
2007	1	28	12.6	0.8	2.2	-0.3	1.9	-9999	0.0	-9999	-9999	
2007	1	29	12.4	3.3	7.4	1.1	1.6	-9999	0.0	-9999	-9999	
2007	1	30	12.8	4.0	7.0	0.9	1.4	-9999	0.2	-9999	-9999	
2007	1	31	13.0	6.3	8.7	3.8	3.0	-9999	0.0	-9999	-9999	
2007	2	1	11.8	6.9	9.5	4.4	2.6	-9999	0.0	-9999	-9999	
2007	2	2	10.2	2.7	4.5	0.6	1.8	-9999	0.0	-9999	-9999	
2007	2	3	13.6	4.4	7.6	1.5	4.0	-9999	0.0	-9999	-9999	
2007	2	4	8.5	0.4	4.8	-2.3	2.8	-9999	0.0	-9999	-9999	
2007	2	5	13.2	0.4	2.7	-1.2	2.2	-9999	0.0	-9999	-9999	
2007	2	6	14.0	4.0	8.8	1.4	2.8	-9999	0.0	-9999	-9999	
2007	2	7	7.8	5.5	8.1	2.8	2.0	-9999	0.2	-9999	-9999	
2007	2	8	6.2	5.8	6.6	4.3	1.5	-9999	1.4	-9999	-9999	
2007	2	9	9.3	7.3	10.2	5.3	2.7	-9999	1.0	-9999	-9999	
2007	2	10	9.3	8.0	9.2	6.7	2.2	-9999	5.6	-9999	-9999	
2007	2	11	9.1	7.4	9.0	6.3	2.2	-9999	3.4	-9999	-9999	
2007	2	12	8.0	7.6	10.5	5.0	2.5	-9999	0.0	-9999	-9999	
2007	2	13	11.6	6.8	9.4	4.4	2.9	-9999	30.2	-9999	-9999	
2007	2	14	15.3	5.7	8.7	3.7	3.4	-9999	0.0	-9999	-9999	
2007	2	15	8.0	7.6	11.8	4.9	2.2	-9999	3.0	-9999	-9999	
2007	2	16	10.0	4.3	7.1	0.5	1.3	-9999	14.4	-9999	-9999	
2007	2	17	8.5	3.2	4.3	2.0	1.1	-9999	6.8	-9999	-9999	
2007	2	18	7.8	4.5	6.2	2.7	1.2	-9999	0.2	-9999	-9999	
2007	2	19	8.3	7.9	9.9	5.1	1.6	-9999	0.6	-9999	-9999	
2007	2	20	8.8	7.9	8.8	6.9	1.7	-9999	10.4	-9999	-9999	
2007	2	21	8.6	7.4	8.3	6.1	1.4	-9999	1.4	-9999	-9999	
2007	2	22	9.4	7.8	9.6	6.2	1.0	-9999	0.0	-9999	-9999	
2007	2	23	10.9	6.5	8.6	5.3	0.7	-9999	0.6	-9999	-9999	
2007	2	24	8.3	6.2	8.7	4.2	0.8	-9999	0.2	-9999	-9999	
2007	2	25	9.9	6.4	8.6	5.1	0.9	-9999	0.0	-9999	-9999	
2007	2	26	8.8	5.7	7.8	3.1	0.6	-9999	10.8	-9999	-9999	
2007	2	27	12.2	4.1	6.0	2.7	1.3	-9999	0.6	-9999	-9999	
2007	2	28	14.5	6.8	11.1	3.9	2.7	-9999	0.0	-9999	-9999	
2007	3	1	11.7	8.3	10.8	6.9	0.8	-9999	0.0	-9999	-9999	
2007	3	2	14.0	8.7	9.9	7.1	1.5	-9999	0.0	-9999	-9999	
2007	3	3	16.5	9.9	12.3	8.1	1.9	-9999	0.0	-9999	-9999	
2007	3	4	17.9	11.5	16.0	8.4	3.0	-9999	0.0	-9999	-9999	
2007	3	5	18.1	10.8	15.2	7.1	3.1	-9999	0.0	-9999	-9999	
2007	3	6	18.0	12.5	15.5	10.1	4.1	-9999	0.0	-9999	-9999	
2007	3	7	7.9	10.6	13.2	8.2	1.9	-9999	0.0	-9999	-9999	
2007	3	8	14.7	8.8	11.7	6.9	1.4	-9999	0.4	-9999	-9999	
2007	3	9	14.5	8.2	10.6	7.0	1.2	-9999	6.0	-9999	-9999	
2007	3	10	14.7	8.0	12.9	5.7	1.1	-9999	66.4	-9999	-9999	
2007	3	11	18.6	7.1	12.9	4.5	2.4	-9999	5.8	-9999	-9999	
2007	3	12	18.5	5.3	6.8	4.4	2.8	-9999	0.2	-9999	-9999	
2007	3	13	18.5	6.3	9.4	3.5	2.8	-9999	0.0	-9999	-9999	
2007	3	14	17.7	6.8	9.5	3.9	2.4	-9999	0.0	-9999	-9999	
2007	3	15	18.8	7.5	10.9	4.2	3.0	-9999	0.0	-9999	-9999	
2007	3	16	18.3	8.2	11.8	5.7	3.6	-9999	0.0	-9999	-9999	
2007	3	17	12.3	8.8	12.5	6.7	3.9	-9999	0.0	-9999	-9999	
2007	3	18	18.9	8.6	13.4	5.1	3.5	-9999	0.0	-9999	-9999	
2007	3	19	6.2	5.9	8.5	4.1	0.5	-9999	2.0	-9999	-9999	
2007	3	20	7.8	3.6	8.2	-0.3	0.4	-9999	21.6	-9999	-9999	
2007	3	21	9.7	0.5	2.1	-0.4	0.3	-9999	9.0	-9999	-9999	
2007	3	22	8.0	1.4	3.1	0.0	0.6	-9999	13.2	-9999	-9999	
2007	3	23	9.8	2.0	4.0	0.4	1.0	-9999	4.2	-9999	-9999	
2007	3	24	6.8	3.9	6.8	1.9	0.7	-9999	5.0	-9999	-9999	
2007	3	25	8.1	5.7	8.0	4.3	0.7	-9999	5.6	-9999	-9999	
2007	3	26	9.3	6.1	8.1	4.4	0.5	-9999	0.8	-9999	-9999	
2007	3	27	7.9	5.8	7.5	4.3	0.3	-9999	1.4	-9999	-9999	
2007	3	28	13.2	6.1	8.3	4.0	0.3	-9999	0.2	-9999	-9999	
2007	3	29	14.4	8.1	9.3	5.6	0.8	-9999	0.2	-9999	-9999	
2007	3	30	15.6	7.9	10.2	5.4	1.3	-9999	2.2	-9999	-9999	
2007	3	31	20.3	6.8	9.4	4.8	1.7	-9999	0.2	-9999	-9999	
2007	4	1	15.9	7.9	11.3	4.8	2.2	-9999	0.0	-9999	-9999	
2007	4	2	16.4	7.4	10.5	5.1	1.0	-9999	0.0	-9999	-9999	
2007	4	3	9.3	6.9	10.3	3.8	0.7	-9999	0.2	-9999	-9999	
2007	4	4	10.4	6.1	9.0	3.1	0.6	-9999	15.0	-9999	-9999	
2007	4	5	21.3	7.2	10.6	5.5	1.6	-9999	38.6	-9999	-9999	
2007	4	6	22.9	7.8	10.0	5.5	2.3	-9999	0.0	-9999	-9999	
2007	4	7	13.5	8.5	12.5	5.7	2.2	-9999	0.0	-9999	-9999	
2007	4	8	20.3	9.9	13.2	7.0	2.8	-9999	0.0	-9999	-9999	
2007	4	9	23.1	10.0	13.6	7.0	3.5	-9999	0.0	-9999	-9999	
2007	4	10	17.5	11.4	14.9	8.7	4.1	-9999	0.0	-9999	-9999	
2007	4	11	22.2	12.9	16.8	9.9	7.6	-9999	0.0	-9999	-9999	
2007	4	12	22.7	12.1	16.2	8.6	6.2	-9999	0.0	-9999	-9999	
2007	4	13	21.5	11.9	16.0	8.9	4.0	-9999	0.0	-9999	-9999	
2007	4	14	3.7	9.3	11.6	7.1	4.0	-9999	6.4	-9999	-9999	
2007	4	15	20.8	10.8	14.7	6.2	4.4	-9999	0.0	-9999	-9999	
2007	4	16	19.2	11.8	16.1	8.6	5.3	-9999	0.0	-9999	-9999	
2007	4	17	11.9	8.9	13.3	6.3	1.7	-9999	1.4	-9999	-9999	
2007	4	18	21.4	9.6	14.3	4.8	3.0	-9999	0.2	-9999	-9999	
2007	4	19	19.4	12.4	16.4	8.2	4.7	-9999	0.0	-9999	-9999	
2007	4	20	19.1	12.4	16.2	9.5	6.8	-9999	0.0	-9999	-9999	
2007	4	21	23.1	12.6	16.4	9.4	6.9	-9999	0.0	-9999	-9999	
2007	4	22	24.5	14.8	19.2	11.3	8.7	-9999	0.0	-9999	-9999	
2007	4	23	22.2	15.3	18.9	11.8	9.4	-9999	0.0	-9999	-9999	
2007	4	24	19.1	15.5	19.4	13.2	8.8	-9999	0.0	-9999	-9999	
2007	4	25	16.7	13.0	16.8	9.4	3.9	-9999	0.6	-9999	-9999	
2007	4	26	7.0	9.3	10.7	8.3	0.1	-9999	9.8	-9999	-9999	
2007	4	27	11.4	9.0	11.8	7.2	0.1	-9999	3.6	-9999	-9999	
2007	4	28	18.9	9.7	12.6	7.5	1.4	-9999	0.6	-9999	-9999	
2007	4	29	22.0	11.6	16.0	8.0	4.2	-9999	0.0	-9999	-9999	
2007	4	30	10.8	11.1	14.9	9.3	3.0	-9999	2.0	-9999	-9999	
2007	5	1	8.6	9.6	11.5	8.5	0.1	-9999	10.8	-9999	-9999	
2007	5	2	19.1	12.0	15.1	9.3	2.0	-9999	0.0	-9999	-9999	
2007	5	3	12.4	13.3	17.4	10.2	2.3	-9999	2.4	-9999	-9999	
2007	5	4	17.0	15.9	20.5	11.8	8.3	-9999	1.0	-9999	-9999	
2007	5	5	19.0	15.5	18.9	13.1	3.6	-9999	0.0	-9999	-9999	
2007	5	6	11.7	12.5	15.2	8.9	1.4	-9999	0.0	-9999	-9999	
2007	5	7	12.4	11.6	14.6	8.8	1.4	-9999	4.0	-9999	-9999	
2007	5	8	20.1	12.6	16.5	9.3	2.6	-9999	0.2	-9999	-9999	
2007	5	9	26.4	16.1	21.2	10.7	7.5	-9999	0.0	-9999	-9999	
2007	5	10	27.6	18.0	22.0	15.0	10.6	-9999	0.0	-9999	-9999	
2007	5	11	27.6	18.2	22.1	15.0	8.6	-9999	0.0	-9999	-9999	
2007	5	12	28.0	18.7	22.7	15.6	8.7	-9999	0.0	-9999	-9999	
2007	5	13	20.8	18.5	22.0	16.1	6.7	-9999	0.0	-9999	-9999	
2007	5	14	26.3	18.9	22.3	16.0	9.3	-9999	0.0	-9999	-9999	
2007	5	15	27.1	17.8	23.6	11.2	9.7	-9999	0.0	-9999	-9999	
2007	5	16	28.1	12.9	17.6	8.7	8.9	-9999	0.0	-9999	-9999	
2007	5	17	20.0	10.3	14.1	8.2	1.9	-9999	0.0	-9999	-9999	
2007	5	18	17.7	10.0	13.9	8.0	1.6	-9999	24.2	-9999	-9999	
2007	5	19	23.0	10.4	13.4	7.9	1.5	-9999	0.2	-9999	-9999	
2007	5	20	25.6	12.2	16.8	8.4	3.6	-9999	0.0	-9999	-9999	
2007	5	21	24.6	14.2	17.4	10.1	3.3	-9999	0.0	-9999	-9999	
2007	5	22	24.3	17.3	21.5	13.0	4.2	-9999	0.0	-9999	-9999	
2007	5	23	17.1	16.8	21.0	14.5	3.5	-9999	9.8	-9999	-9999	
2007	5	24	21.3	16.7	21.0	13.8	4.6	-9999	0.2	-9999	-9999	
2007	5	25	20.4	17.4	21.2	13.6	4.8	-9999	0.0	-9999	-9999	
2007	5	26	26.0	19.9	24.4	16.7	10.1	-9999	0.0	-9999	-9999	
2007	5	27	17.6	19.8	24.2	16.2	11.3	-9999	0.0	-9999	-9999	
2007	5	28	13.5	12.9	16.3	8.5	0.4	-9999	12.6	-9999	-9999	
2007	5	29	21.0	9.4	13.2	6.7	1.2	-9999	5.0	-9999	-9999	
2007	5	30	11.3	9.1	11.5	6.6	0.7	-9999	0.4	-9999	-9999	
2007	5	31	24.2	12.3	16.6	8.4	3.5	-9999	0.0	-9999	-9999	
2007	6	1	28.4	15.7	20.2	11.8	7.2	-9999	0.0	-9999	-9999	
2007	6	2	13.3	14.1	18.8	12.5	3.6	-9999	8.8	-9999	-9999	
2007	6	3	8.4	13.8	16.1	12.3	1.4	-9999	0.2	-9999	-9999	
2007	6	4	18.3	13.7	15.8	11.0	1.4	-9999	45.6	-9999	-9999	
2007	6	5	6.7	12.4	16.2	10.6	0.1	-9999	52.0	-9999	-9999	
2007	6	6	29.3	15.0	18.7	10.5	3.4	-9999	0.0	-9999	-9999	
2007	6	7	11.3	15.9	19.1	13.6	5.3	-9999	0.0	-9999	-9999	
2007	6	8	18.5	15.4	19.4	12.3	2.5	-9999	7.4	-9999	-9999	
2007	6	9	23.6	14.9	17.9	12.0	1.7	-9999	0.2	-9999	-9999	
2007	6	10	19.9	17.1	20.5	13.8	2.4	-9999	0.0	-9999	-9999	
2007	6	11	22.0	18.5	21.4	15.8	4.6	-9999	0.0	-9999	-9999	
2007	6	12	28.0	19.1	22.7	15.7	5.0	-9999	0.0	-9999	-9999	
2007	6	13	14.7	17.2	19.7	14.7	3.1	-9999	9.8	-9999	-9999	
2007	6	14	29.5	18.5	22.1	14.7	7.1	-9999	0.0	-9999	-9999	
2007	6	15	28.8	21.1	25.4	17.4	11.9	-9999	0.0	-9999	-9999	
2007	6	16	28.6	19.5	22.5	16.4	9.2	-9999	0.0	-9999	-9999	
2007	6	17	29.2	20.2	23.9	16.8	10.9	-9999	0.0	-9999	-9999	
2007	6	18	28.9	23.6	28.3	18.7	13.9	-9999	0.0	-9999	-9999	
2007	6	19	27.4	26.9	30.6	23.4	22.5	-9999	0.0	-9999	-9999	
2007	6	20	28.5	27.1	30.9	24.4	20.7	-9999	0.0	-9999	-9999	
2007	6	21	28.7	28.2	31.5	25.0	27.5	-9999	0.0	-9999	-9999	
2007	6	22	28.3	29.6	33.3	27.2	33.6	-9999	0.0	-9999	-9999	
2007	6	23	26.4	28.8	32.6	25.7	31.7	-9999	0.0	-9999	-9999	
2007	6	24	27.4	29.0	32.7	25.8	30.1	-9999	0.0	-9999	-9999	
2007	6	25	27.9	29.4	33.4	26.3	35.4	-9999	0.0	-9999	-9999	
2007	6	26	27.2	28.6	31.9	24.3	33.2	-9999	0.0	-9999	-9999	
2007	6	27	28.2	20.5	24.3	15.6	9.4	-9999	0.0	-9999	-9999	
2007	6	28	30.6	18.2	23.6	13.6	11.9	-9999	0.0	-9999	-9999	
2007	6	29	29.9	19.1	23.7	14.9	13.9	-9999	0.0	-9999	-9999	
2007	6	30	28.9	19.9	24.0	16.2	14.4	-9999	0.0	-9999	-9999	
2007	7	1	27.2	21.0	25.7	17.5	10.9	-9999	0.0	-9999	-9999	
2007	7	2	28.8	22.0	26.2	18.9	16.9	-9999	0.0	-9999	-9999	
2007	7	3	28.6	21.2	25.5	18.1	12.2	-9999	0.0	-9999	-9999	
2007	7	4	29.3	20.0	24.0	16.5	8.0	-9999	0.0	-9999	-9999	
2007	7	5	26.6	18.1	21.5	14.5	6.3	-9999	0.0	-9999	-9999	
2007	7	6	27.7	17.5	22.2	13.0	7.7	-9999	0.0	-9999	-9999	
2007	7	7	28.7	20.7	25.2	16.7	10.7	-9999	0.0	-9999	-9999	
2007	7	8	28.9	22.3	26.1	19.0	16.6	-9999	0.0	-9999	-9999	
2007	7	9	28.8	22.6	26.4	19.9	16.1	-9999	0.0	-9999	-9999	
2007	7	10	27.5	21.9	27.5	14.6	16.2	-9999	0.0	-9999	-9999	
2007	7	11	29.1	15.7	18.9	13.1	7.6	-9999	0.0	-9999	-9999	
2007	7	12	16.1	14.7	19.2	12.0	2.9	-9999	0.4	-9999	-9999	
2007	7	13	29.2	16.7	20.8	12.3	8.9	-9999	0.2	-9999	-9999	
2007	7	14	28.9	18.7	22.0	14.5	11.7	-9999	0.0	-9999	-9999	
2007	7	15	27.9	20.9	24.5	16.0	13.6	-9999	0.0	-9999	-9999	
2007	7	16	27.1	22.3	26.1	17.2	13.5	-9999	0.0	-9999	-9999	
2007	7	17	27.1	24.6	28.1	20.9	19.5	-9999	0.0	-9999	-9999	
2007	7	18	26.1	26.1	30.2	22.5	23.2	-9999	0.0	-9999	-9999	
2007	7	19	25.0	26.6	30.0	23.1	23.8	-9999	0.0	-9999	-9999	
2007	7	20	25.4	26.9	30.9	23.7	26.7	-9999	0.0	-9999	-9999	
2007	7	21	24.5	27.5	31.7	24.2	26.8	-9999	0.0	-9999	-9999	
2007	7	22	24.7	29.1	34.1	25.6	32.0	-9999	0.0	-9999	-9999	
2007	7	23	24.6	30.4	35.1	27.3	36.1	-9999	0.0	-9999	-9999	
2007	7	24	24.4	30.8	35.6	26.2	38.2	-9999	0.0	-9999	-9999	
2007	7	25	26.5	25.7	29.6	20.1	24.8	-9999	0.0	-9999	-9999	
2007	7	26	25.0	22.2	26.3	18.9	12.6	-9999	0.0	-9999	-9999	
2007	7	27	25.6	23.0	27.0	19.3	16.9	-9999	0.0	-9999	-9999	
2007	7	28	25.5	24.3	28.6	21.1	15.9	-9999	0.0	-9999	-9999	
2007	7	29	24.7	25.4	30.1	22.0	18.5	-9999	0.0	-9999	-9999	
2007	7	30	26.1	24.4	28.7	19.7	20.7	-9999	0.0	-9999	-9999	
2007	7	31	21.7	21.0	24.5	17.8	9.0	-9999	0.0	-9999	-9999	
2007	8	1	20.9	19.1	23.6	16.1	5.1	-9999	0.0	-9999	-9999	
2007	8	2	26.2	20.2	25.5	15.6	12.1	-9999	0.0	-9999	-9999	
2007	8	3	25.0	23.5	28.2	19.3	16.9	-9999	0.0	-9999	-9999	
2007	8	4	23.6	19.7	24.0	16.5	8.0	-9999	0.0	-9999	-9999	
2007	8	5	21.7	16.0	18.4	12.9	7.1	-9999	0.0	-9999	-9999	
2007	8	6	22.3	16.7	21.5	11.7	7.2	-9999	0.0	-9999	-9999	
2007	8	7	16.6	19.8	23.5	15.7	9.8	-9999	0.0	-9999	-9999	
2007	8	8	23.1	23.3	28.0	19.2	18.2	-9999	0.0	-9999	-9999	
2007	8	9	22.5	21.2	25.1	16.9	10.5	-9999	0.0	-9999	-9999	
2007	8	10	18.3	16.7	20.3	13.7	6.1	-9999	0.6	-9999	-9999	
2007	8	11	21.5	16.1	19.9	13.1	4.2	-9999	0.2	-9999	-9999	
2007	8	12	21.8	17.9	22.9	13.5	5.4	-9999	0.0	-9999	-9999	
2007	8	13	16.0	20.1	24.1	17.1	8.0	-9999	0.0	-9999	-9999	
2007	8	14	20.4	21.4	25.6	18.2	9.6	-9999	0.0	-9999	-9999	
2007	8	15	22.7	22.0	25.9	18.6	11.8	-9999	0.0	-9999	-9999	
2007	8	16	19.6	23.1	27.1	19.4	14.1	-9999	0.0	-9999	-9999	
2007	8	17	16.2	23.7	27.2	21.2	14.5	-9999	0.0	-9999	-9999	
2007	8	18	21.4	22.9	27.4	19.3	16.7	-9999	0.0	-9999	-9999	
2007	8	19	22.6	21.1	25.9	17.2	18.6	-9999	0.0	-9999	-9999	
2007	8	20	21.6	22.5	27.7	17.9	22.4	-9999	0.0	-9999	-9999	
2007	8	21	18.5	24.2	30.0	18.5	19.4	-9999	0.0	-9999	-9999	
2007	8	22	18.8	29.3	34.5	24.0	29.2	-9999	0.0	-9999	-9999	
2007	8	23	17.3	30.8	36.0	28.4	34.3	-9999	0.0	-9999	-9999	
2007	8	24	19.8	29.5	33.7	25.5	27.4	-9999	0.0	-9999	-9999	
2007	8	25	19.6	27.4	31.2	24.4	22.8	-9999	0.0	-9999	-9999	
2007	8	26	20.2	26.2	30.2	22.9	24.1	-9999	0.0	-9999	-9999	
2007	8	27	21.1	21.6	24.4	18.9	13.9	-9999	0.0	-9999	-9999	
2007	8	28	20.7	23.0	28.5	18.1	18.9	-9999	0.0	-9999	-9999	
2007	8	29	20.0	26.2	31.1	22.7	24.1	-9999	0.0	-9999	-9999	
2007	8	30	18.7	27.7	31.9	24.6	29.9	-9999	0.0	-9999	-9999	
2007	8	31	17.5	27.3	31.0	23.2	28.6	-9999	0.0	-9999	-9999	
2007	9	1	19.9	21.0	24.9	16.2	11.3	-9999	0.0	-9999	-9999	
2007	9	2	16.4	17.4	20.3	14.8	4.7	-9999	0.0	-9999	-9999	
2007	9	3	10.9	17.2	20.3	14.4	4.3	-9999	0.0	-9999	-9999	
2007	9	4	17.4	17.6	22.4	14.5	6.1	-9999	1.4	-9999	-9999	
2007	9	5	12.9	12.7	15.9	8.4	3.0	-9999	1.2	-9999	-9999	
2007	9	6	13.8	10.3	14.0	6.6	5.6	-9999	0.0	-9999	-9999	
2007	9	7	19.7	10.2	13.6	6.5	3.1	-9999	5.2	-9999	-9999	
2007	9	8	14.1	11.9	16.3	8.8	3.4	-9999	0.0	-9999	-9999	
2007	9	9	16.7	14.4	19.4	10.5	6.0	-9999	0.0	-9999	-9999	
2007	9	10	13.9	16.5	20.4	13.0	7.3	-9999	0.0	-9999	-9999	
2007	9	11	15.9	16.5	20.0	13.7	5.0	-9999	0.0	-9999	-9999	
2007	9	12	20.0	14.0	16.4	10.7	4.1	-9999	0.0	-9999	-9999	
2007	9	13	20.4	13.5	17.9	9.6	6.4	-9999	0.0	-9999	-9999	
2007	9	14	18.7	16.6	21.7	12.1	10.1	-9999	0.0	-9999	-9999	
2007	9	15	18.3	18.5	22.9	15.4	12.1	-9999	0.0	-9999	-9999	
2007	9	16	19.0	20.1	24.6	16.0	13.0	-9999	0.0	-9999	-9999	
2007	9	17	19.2	21.9	26.8	18.8	13.8	-9999	0.0	-9999	-9999	
2007	9	18	18.3	23.3	28.5	20.0	14.8	-9999	0.0	-9999	-9999	
2007	9	19	14.1	19.2	23.5	14.1	5.9	-9999	0.0	-9999	-9999	
2007	9	20	16.0	13.5	17.2	10.5	2.3	-9999	0.0	-9999	-9999	
2007	9	21	19.8	12.5	17.0	8.7	6.0	-9999	0.0	-9999	-9999	
2007	9	22	19.8	12.4	17.0	8.2	4.5	-9999	0.0	-9999	-9999	
2007	9	23	19.3	13.4	18.3	10.5	4.7	-9999	0.0	-9999	-9999	
2007	9	24	18.6	14.8	18.9	11.0	7.7	-9999	0.0	-9999	-9999	
2007	9	25	5.2	15.3	18.7	13.7	1.9	-9999	6.8	-9999	-9999	
2007	9	26	14.6	15.3	18.9	13.7	2.4	-9999	0.6	-9999	-9999	
2007	9	27	13.7	15.5	18.2	10.1	4.0	-9999	6.0	-9999	-9999	
2007	9	28	7.8	15.7	18.7	12.7	3.9	-9999	1.0	-9999	-9999	
2007	9	29	17.9	16.9	21.9	12.9	15.2	-9999	0.0	-9999	-9999	
2007	9	30	17.4	17.1	20.8	13.1	10.6	-9999	0.0	-9999	-9999	
2007	10	1	17.7	15.7	19.1	13.2	7.4	-9999	0.0	-9999	-9999	
2007	10	2	17.6	15.9	19.7	12.7	7.7	-9999	0.0	-9999	-9999	
2007	10	3	17.4	16.7	20.8	13.4	7.2	-9999	0.0	-9999	-9999	
2007	10	4	17.4	18.5	22.3	15.5	12.1	-9999	0.0	-9999	-9999	
2007	10	5	16.6	21.2	25.2	18.1	16.6	-9999	0.0	-9999	-9999	
2007	10	6	10.4	21.1	24.1	16.7	17.7	-9999	0.0	-9999	-9999	
2007	10	7	5.6	13.9	16.4	11.3	1.0	-9999	28.8	-9999	-9999	
2007	10	8	4.1	13.1	14.3	11.9	0.1	-9999	23.6	-9999	-9999	
2007	10	9	2.7	11.8	13.5	10.4	0.1	-9999	11.4	-9999	-9999	
2007	10	10	8.8	12.5	15.1	10.7	0.1	-9999	5.4	-9999	-9999	
2007	10	11	5.5	11.8	12.9	10.4	0.1	-9999	9.2	-9999	-9999	
2007	10	12	10.1	12.4	14.6	10.7	0.2	-9999	0.4	-9999	-9999	
2007	10	13	15.3	12.1	14.4	9.0	0.8	-9999	3.2	-9999	-9999	
2007	10	14	10.5	7.4	8.9	4.4	0.5	-9999	0.0	-9999	-9999	
2007	10	15	17.5	6.9	9.3	4.6	1.9	-9999	0.0	-9999	-9999	
2007	10	16	14.0	11.8	15.5	7.1	1.2	-9999	0.0	-9999	-9999	
2007	10	17	12.3	11.5	13.5	9.6	0.9	-9999	0.0	-9999	-9999	
2007	10	18	10.0	14.8	17.9	12.4	4.2	-9999	0.0	-9999	-9999	
2007	10	19	4.1	8.9	12.7	4.7	0.3	-9999	0.4	-9999	-9999	
2007	10	20	5.0	4.5	8.3	2.8	0.3	-9999	2.6	-9999	-9999	
2007	10	21	6.0	4.3	7.4	2.0	0.3	-9999	30.8	-9999	-9999	
2007	10	22	9.6	4.9	9.2	2.6	0.3	-9999	9.8	-9999	-9999	
2007	10	23	8.4	5.9	7.4	4.3	0.9	-9999	1.6	-9999	-9999	
2007	10	24	5.7	7.8	9.9	5.9	1.4	-9999	1.0	-9999	-9999	
2007	10	25	8.9	11.7	14.5	8.7	1.7	-9999	1.6	-9999	-9999	
2007	10	26	9.4	16.0	17.6	14.2	5.0	-9999	0.0	-9999	-9999	
2007	10	27	9.7	14.7	17.6	12.6	1.8	-9999	0.2	-9999	-9999	
2007	10	28	10.6	14.9	17.1	11.6	2.5	-9999	0.2	-9999	-9999	
2007	10	29	11.4	14.4	17.3	11.9	4.7	-9999	0.0	-9999	-9999	
2007	10	30	7.0	14.2	17.3	10.8	2.8	-9999	0.0	-9999	-9999	
2007	10	31	9.5	14.7	17.3	11.6	2.0	-9999	0.0	-9999	-9999	
2007	11	1	5.7	10.4	13.0	7.6	0.3	-9999	14.6	-9999	-9999	
2007	11	2	6.9	10.1	12.3	7.9	0.3	-9999	0.6	-9999	-9999	
2007	11	3	11.2	9.9	12.7	7.4	0.2	-9999	0.0	-9999	-9999	
2007	11	4	8.3	10.0	12.2	7.6	0.4	-9999	1.2	-9999	-9999	
2007	11	5	11.3	7.2	11.6	2.9	0.6	-9999	0.6	-9999	-9999	
2007	11	6	13.2	4.2	7.0	2.8	1.8	-9999	0.0	-9999	-9999	
2007	11	7	5.0	4.1	6.1	2.1	0.6	-9999	9.8	-9999	-9999	
2007	11	8	11.7	5.8	9.4	2.3	1.8	-9999	0.0	-9999	-9999	
2007	11	9	4.6	7.9	10.9	5.0	0.6	-9999	4.0	-9999	-9999	
2007	11	10	10.3	4.1	12.7	1.3	1.8	-9999	15.0	-9999	-9999	
2007	11	11	12.5	7.5	11.0	2.6	1.4	-9999	0.0	-9999	-9999	
2007	11	12	3.6	7.9	9.3	5.6	0.1	-9999	2.6	-9999	-9999	
2007	11	13	3.1	4.1	6.6	2.6	0.1	-9999	2.0	-9999	-9999	
2007	11	14	4.2	6.1	11.0	3.2	0.1	-9999	33.4	-9999	-9999	
2007	11	15	7.6	5.2	9.1	2.4	0.1	-9999	21.0	-9999	-9999	
2007	11	16	5.6	6.2	10.5	3.9	1.2	-9999	3.0	-9999	-9999	
2007	11	17	7.4	4.3	6.9	0.8	0.2	-9999	2.6	-9999	-9999	
2007	11	18	5.3	2.8	5.1	1.4	0.1	-9999	2.8	-9999	-9999	
2007	11	19	12.0	2.5	4.7	1.2	0.2	-9999	8.0	-9999	-9999	
2007	11	20	11.7	3.4	6.7	0.5	1.0	-9999	0.2	-9999	-9999	
2007	11	21	10.7	9.4	12.4	5.5	9.0	-9999	0.0	-9999	-9999	
2007	11	22	7.4	11.3	13.5	8.7	7.4	-9999	0.0	-9999	-9999	
2007	11	23	7.4	12.3	15.6	10.2	5.3	-9999	0.0	-9999	-9999	
2007	11	24	9.7	12.9	15.4	11.4	3.6	-9999	0.0	-9999	-9999	
2007	11	25	8.3	14.3	17.1	11.4	8.3	-9999	0.0	-9999	-9999	
2007	11	26	9.5	15.2	18.3	12.5	9.5	-9999	0.2	-9999	-9999	
2007	11	27	3.4	8.2	12.2	5.5	3.8	-9999	0.2	-9999	-9999	
2007	11	28	4.0	3.4	5.6	2.5	1.3	-9999	1.4	-9999	-9999	
2007	11	29	8.6	6.7	12.6	2.8	1.1	-9999	8.0	-9999	-9999	
2007	11	30	5.5	7.4	8.7	6.0	1.1	-9999	0.6	-9999	-9999	
2007	12	1	6.6	7.5	9.9	5.7	1.9	-9999	0.0	-9999	-9999	
2007	12	2	7.3	7.7	9.8	6.2	1.8	-9999	0.4	-9999	-9999	
2007	12	3	6.5	7.5	9.1	5.9	1.5	-9999	3.6	-9999	-9999	
2007	12	4	5.5	3.9	5.8	1.6	1.7	-9999	25.4	-9999	-9999	
2007	12	5	7.9	1.4	2.5	-0.1	2.5	-9999	1.4	-9999	-9999	
2007	12	6	10.3	2.7	6.2	-0.3	4.6	-9999	0.4	-9999	-9999	
2007	12	7	9.7	5.3	9.0	2.2	3.9	-9999	0.0	-9999	-9999	
2007	12	8	1.3	5.3	7.3	1.1	0.1	-9999	16.6	-9999	-9999	
2007	12	9	7.9	5.5	7.5	1.5	0.3	-9999	4.0	-9999	-9999	
2007	12	10	3.0	4.4	6.7	2.7	0.0	-9999	25.8	-9999	-9999	
2007	12	11	2.6	1.9	3.6	0.5	0.0	-9999	19.8	-9999	-9999	
2007	12	12	1.9	1.7	2.9	0.5	0.0	-9999	11.0	-9999	-9999	
2007	12	13	2.0	1.3	1.9	0.8	0.0	-9999	5.4	-9999	-9999	
2007	12	14	1.9	-2.6	1.1	-5.9	0.2	-9999	0.0	-9999	-9999	
2007	12	15	9.6	-5.6	-3.3	-7.9	0.6	-9999	1.8	-9999	-9999	
2007	12	16	0.4	-3.0	-0.7	-5.1	0.1	-9999	0.0	-9999	-9999	
2007	12	17	3.6	0.9	2.3	-0.6	0.0	-9999	3.8	-9999	-9999	
2007	12	18	9.3	0.9	3.1	-0.6	0.2	-9999	12.0	-9999	-9999	
2007	12	19	4.8	0.8	2.0	-0.5	0.1	-9999	6.2	-9999	-9999	
2007	12	20	8.7	1.9	4.7	-0.6	0.1	-9999	10.8	-9999	-9999	
2007	12	21	9.1	3.9	7.0	2.1	2.2	-9999	0.0	-9999	-9999	
2007	12	22	7.6	5.1	7.6	3.4	3.4	-9999	0.0	-9999	-9999	
2007	12	23	4.5	5.4	6.8	3.7	0.7	-9999	0.2	-9999	-9999	
2007	12	24	4.5	5.7	7.8	3.9	0.1	-9999	2.0	-9999	-9999	
2007	12	25	4.8	5.3	7.3	3.3	0.1	-9999	1.4	-9999	-9999	
2007	12	26	6.2	4.9	7.3	2.4	0.2	-9999	0.0	-9999	-9999	
2007	12	27	2.4	0.8	2.2	0.3	0.0	-9999	0.8	-9999	-9999	
2007	12	28	1.8	1.0	2.6	-0.4	0.0	-9999	0.4	-9999	-9999	
2007	12	29	4.2	2.5	4.1	1.0	0.0	-9999	0.8	-9999	-9999	
2007	12	30	7.1	2.7	5.1	0.1	0.0	-9999	0.2	-9999	-9999	
2007	12	31	1.2	1.4	2.5	0.8	0.0	-9999	9.8	-9999	-9999	
2008	1	1	5.5	-0.2	1.3	-2.6	0.6	-9999	0.0	-9999	-9999	
2008	1	2	4.6	-1.5	0.7	-3.3	0.8	-9999	0.0	-9999	-9999	
2008	1	3	4.5	0.4	3.0	-1.2	0.1	-9999	0.0	-9999	-9999	
2008	1	4	5.4	6.0	8.6	2.8	0.4	-9999	0.6	-9999	-9999	
2008	1	5	4.1	8.2	10.3	6.6	1.8	-9999	0.0	-9999	-9999	
2008	1	6	3.9	7.3	8.3	6.3	0.7	-9999	0.2	-9999	-9999	
2008	1	7	3.4	8.5	11.0	6.7	0.1	-9999	0.0	-9999	-9999	
2008	1	8	2.9	7.9	10.1	5.9	0.1	-9999	5.6	-9999	-9999	
2008	1	9	7.2	6.2	11.2	4.4	0.1	-9999	0.4	-9999	-9999	
2008	1	10	8.0	7.0	9.8	6.0	1.2	-9999	0.0	-9999	-9999	
2008	1	11	5.7	6.6	8.9	5.0	0.4	-9999	0.2	-9999	-9999	
2008	1	12	8.5	6.7	10.1	5.2	2.5	-9999	0.0	-9999	-9999	
2008	1	13	7.6	3.2	5.8	0.7	0.4	-9999	4.6	-9999	-9999	
2008	1	14	6.2	1.5	3.3	0.4	0.2	-9999	10.2	-9999	-9999	
2008	1	15	10.7	4.3	8.3	1.5	4.2	-9999	0.0	-9999	-9999	
2008	1	16	9.7	5.2	7.1	3.7	2.1	-9999	1.0	-9999	-9999	
2008	1	17	4.3	6.3	8.1	4.8	1.6	-9999	0.2	-9999	-9999	
2008	1	18	6.4	6.2	8.1	4.8	1.3	-9999	0.0	-9999	-9999	
2008	1	19	10.2	5.7	8.0	4.1	1.0	-9999	0.2	-9999	-9999	
2008	1	20	11.1	6.6	10.3	3.2	3.5	-9999	0.0	-9999	-9999	
2008	1	21	11.4	10.1	13.5	7.9	7.3	-9999	0.0	-9999	-9999	
2008	1	22	7.5	7.2	10.3	4.8	3.7	-9999	0.0	-9999	-9999	
2008	1	23	0.8	0.8	3.3	-1.1	0.1	-9999	32.4	-9999	-9999	
2008	1	24	5.7	5.2	7.4	2.5	1.6	-9999	0.6	-9999	-9999	
2008	1	25	12.5	3.3	5.4	0.8	4.2	-9999	24.6	-9999	-9999	
2008	1	26	11.9	4.3	6.3	2.9	3.8	-9999	2.0	-9999	-9999	
2008	1	27	11.6	7.6	11.7	5.2	7.7	-9999	0.0	-9999	-9999	
2008	1	28	10.9	5.5	7.8	1.5	4.2	-9999	0.0	-9999	-9999	
2008	1	29	12.5	4.0	7.8	-0.1	4.3	-9999	0.0	-9999	-9999	
2008	1	30	12.6	7.2	10.8	5.3	5.1	-9999	0.0	-9999	-9999	
2008	1	31	12.0	5.8	8.4	3.8	2.0	-9999	0.0	-9999	-9999	
2008	2	1	9.9	5.1	7.9	2.5	1.9	-9999	0.0	-9999	-9999	
2008	2	2	8.3	4.4	7.3	2.3	2.1	-9999	0.0	-9999	-9999	
2008	2	3	9.2	6.2	9.3	3.8	3.2	-9999	0.0	-9999	-9999	
2008	2	4	11.5	7.2	10.3	4.9	3.0	-9999	0.0	-9999	-9999	
2008	2	5	9.4	3.5	6.6	1.0	0.6	-9999	10.8	-9999	-9999	
2008	2	6	14.3	4.8	8.4	3.1	1.3	-9999	0.0	-9999	-9999	
2008	2	7	4.2	4.2	7.5	1.9	0.6	-9999	2.8	-9999	-9999	
2008	2	8	3.3	3.2	7.4	1.2	0.1	-9999	7.2	-9999	-9999	
2008	2	9	6.5	1.0	3.1	0.1	0.0	-9999	1.6	-9999	-9999	
2008	2	10	7.2	0.2	0.7	-0.5	0.0	-9999	4.2	-9999	-9999	
2008	2	11	11.3	-0.1	1.2	-1.0	0.2	-9999	10.4	-9999	-9999	
2008	2	12	7.3	1.9	10.4	-0.6	0.8	-9999	4.8	-9999	-9999	
2008	2	13	8.4	3.6	12.5	-0.1	2.5	-9999	4.4	-9999	-9999	
2008	2	14	16.2	3.7	6.9	0.5	5.5	-9999	16.6	-9999	-9999	
2008	2	15	12.7	3.4	6.2	0.6	3.8	-9999	0.0	-9999	-9999	
2008	2	16	8.2	-2.9	0.3	-6.7	0.9	-9999	0.0	-9999	-9999	
2008	2	17	12.6	-7.2	-6.1	-8.0	1.7	-9999	0.0	-9999	-9999	
2008	2	18	16.2	-1.5	3.3	-6.7	4.5	-9999	0.0	-9999	-9999	
2008	2	19	15.7	4.2	7.8	0.9	5.8	-9999	0.0	-9999	-9999	
2008	2	20	15.1	5.7	8.5	3.7	6.7	-9999	0.0	-9999	-9999	
2008	2	21	5.6	5.2	8.0	3.4	1.5	-9999	1.8	-9999	-9999	
2008	2	22	6.4	6.7	14.6	4.4	1.1	-9999	1.2	-9999	-9999	
2008	2	23	14.3	9.4	14.7	5.4	1.9	-9999	0.0	-9999	-9999	
2008	2	24	16.9	8.7	12.0	5.4	6.3	-9999	0.2	-9999	-9999	
2008	2	25	16.1	11.2	14.7	8.8	10.0	-9999	0.0	-9999	-9999	
2008	2	26	12.5	10.6	13.5	8.7	7.4	-9999	0.0	-9999	-9999	
2008	2	27	15.3	7.8	10.6	5.4	4.0	-9999	0.0	-9999	-9999	
2008	2	28	7.5	6.9	9.1	5.2	0.5	-9999	0.0	-9999	-9999	
2008	2	29	10.8	7.6	10.6	5.6	1.2	-9999	0.0	-9999	-9999	
2008	3	1	6.4	7.1	8.5	4.8	2.0	-9999	0.4	-9999	-9999	
2008	3	2	17.5	10.5	15.1	7.7	6.9	-9999	0.0	-9999	-9999	
2008	3	3	17.1	15.8	20.6	11.7	14.8	-9999	0.0	-9999	-9999	
2008	3	4	16.9	11.5	15.1	6.8	8.7	-9999	0.0	-9999	-9999	
2008	3	5	7.9	8.2	11.9	5.2	3.1	-9999	0.0	-9999	-9999	
2008	3	6	8.3	8.8	16.4	4.3	1.7	-9999	20.2	-9999	-9999	
2008	3	7	14.1	4.0	7.4	0.7	1.5	-9999	3.2	-9999	-9999	
2008	3	8	10.9	3.8	6.3	0.5	0.6	-9999	8.8	-9999	-9999	
2008	3	9	14.3	7.0	11.6	2.6	1.1	-9999	6.4	-9999	-9999	
2008	3	10	16.4	5.4	9.1	2.5	3.0	-9999	0.2	-9999	-9999	
2008	3	11	3.7	5.7	10.5	2.5	0.4	-9999	19.2	-9999	-9999	
2008	3	12	19.7	8.0	12.3	4.1	2.6	-9999	0.0	-9999	-9999	
2008	3	13	20.2	9.9	14.9	6.2	4.8	-9999	0.0	-9999	-9999	
2008	3	14	20.7	9.8	14.8	6.6	7.7	-9999	0.0	-9999	-9999	
2008	3	15	20.4	10.5	14.0	7.4	6.5	-9999	0.0	-9999	-9999	
2008	3	16	17.4	11.9	15.8	9.7	9.8	-9999	0.0	-9999	-9999	
2008	3	17	12.8	7.4	9.7	4.9	2.3	-9999	0.0	-9999	-9999	
2008	3	18	17.3	7.6	10.9	4.8	2.2	-9999	0.0	-9999	-9999	
2008	3	19	6.4	7.8	9.9	6.6	0.8	-9999	0.0	-9999	-9999	
2008	3	20	15.1	6.9	10.3	4.0	1.7	-9999	0.0	-9999	-9999	
2008	3	21	16.5	3.4	7.2	1.1	1.0	-9999	3.0	-9999	-9999	
2008	3	22	13.6	5.9	9.2	2.9	2.0	-9999	4.4	-9999	-9999	
2008	3	23	20.6	8.8	14.1	4.8	3.6	-9999	3.8	-9999	-9999	
2008	3	24	9.9	2.8	8.9	0.0	1.4	-9999	16.4	-9999	-9999	
2008	3	25	7.1	2.8	8.4	-0.6	0.1	-9999	33.6	-9999	-9999	
2008	3	26	9.8	6.2	12.0	2.5	0.1	-9999	0.6	-9999	-9999	
2008	3	27	13.3	5.8	10.2	4.2	0.8	-9999	8.8	-9999	-9999	
2008	3	28	7.7	6.4	13.9	3.6	0.3	-9999	26.6	-9999	-9999	
2008	3	29	20.9	8.5	12.6	5.3	2.7	-9999	0.0	-9999	-9999	
2008	3	30	20.6	8.1	11.2	6.0	2.3	-9999	0.0	-9999	-9999	
2008	3	31	20.3	9.4	14.1	5.3	5.5	-9999	0.0	-9999	-9999	
2008	4	1	19.8	7.5	11.2	5.2	2.1	-9999	0.0	-9999	-9999	
2008	4	2	21.5	7.9	11.6	3.6	3.7	-9999	0.0	-9999	-9999	
2008	4	3	6.2	4.2	6.5	1.7	0.6	-9999	10.4	-9999	-9999	
2008	4	4	8.5	3.7	6.2	1.4	0.5	-9999	7.6	-9999	-9999	
2008	4	5	13.1	7.0	13.5	2.8	1.3	-9999	15.8	-9999	-9999	
2008	4	6	21.0	8.0	13.3	4.1	2.7	-9999	0.8	-9999	-9999	
2008	4	7	23.2	11.9	17.8	4.7	10.4	-9999	0.0	-9999	-9999	
2008	4	8	3.6	13.1	15.5	9.4	8.2	-9999	0.6	-9999	-9999	
2008	4	9	22.3	11.8	15.1	9.3	7.2	-9999	0.0	-9999	-9999	
2008	4	10	19.7	15.7	20.4	12.2	7.1	-9999	0.0	-9999	-9999	
2008	4	11	13.3	18.1	23.2	13.7	12.2	-9999	0.0	-9999	-9999	
2008	4	12	17.1	14.5	19.1	9.6	7.0	-9999	0.0	-9999	-9999	
2008	4	13	8.3	9.4	12.2	5.9	4.9	-9999	0.0	-9999	-9999	
2008	4	14	23.5	7.4	11.4	4.3	3.8	-9999	0.0	-9999	-9999	
2008	4	15	18.7	4.6	7.3	1.0	0.8	-9999	13.2	-9999	-9999	
2008	4	16	21.5	6.9	9.5	1.9	3.1	-9999	3.4	-9999	-9999	
2008	4	17	13.2	11.6	15.4	9.0	6.1	-9999	0.0	-9999	-9999	
2008	4	18	10.9	11.8	14.7	8.8	4.4	-9999	0.0	-9999	-9999	
2008	4	19	18.2	17.8	21.8	14.6	12.2	-9999	0.0	-9999	-9999	
2008	4	20	22.7	17.5	21.4	14.2	11.0	-9999	0.0	-9999	-9999	
2008	4	21	21.4	15.5	20.0	8.1	10.3	-9999	0.0	-9999	-9999	
2008	4	22	20.9	8.8	11.5	6.8	2.6	-9999	0.0	-9999	-9999	
2008	4	23	14.2	7.9	10.8	6.0	1.0	-9999	0.0	-9999	-9999	
2008	4	24	18.6	10.0	14.5	6.9	2.5	-9999	0.0	-9999	-9999	
2008	4	25	24.7	8.9	13.0	5.4	3.5	-9999	0.0	-9999	-9999	
2008	4	26	6.7	5.9	8.0	3.6	1.1	-9999	10.2	-9999	-9999	
2008	4	27	13.0	6.1	8.1	3.9	1.3	-9999	1.2	-9999	-9999	
2008	4	28	15.5	8.2	11.7	4.8	4.1	-9999	0.0	-9999	-9999	
2008	4	29	19.6	9.6	13.4	6.4	7.1	-9999	0.0	-9999	-9999	
2008	4	30	23.8	11.9	16.2	7.3	6.2	-9999	0.0	-9999	-9999	
2008	5	1	23.9	16.3	21.1	12.5	10.9	-9999	0.0	-9999	-9999	
2008	5	2	25.2	15.6	19.8	10.7	11.0	-9999	0.0	-9999	-9999	
2008	5	3	23.8	12.2	16.3	9.2	5.6	-9999	0.0	-9999	-9999	
2008	5	4	25.2	10.9	13.7	8.0	6.1	-9999	0.0	-9999	-9999	
2008	5	5	25.2	11.8	17.2	7.1	7.8	-9999	0.0	-9999	-9999	
2008	5	6	10.1	9.3	12.2	6.6	1.7	-9999	1.8	-9999	-9999	
2008	5	7	10.7	8.0	11.0	5.6	1.2	-9999	0.0	-9999	-9999	
2008	5	8	27.2	10.5	14.7	6.3	4.6	-9999	0.0	-9999	-9999	
2008	5	9	18.8	12.0	14.5	8.7	4.6	-9999	0.0	-9999	-9999	
2008	5	10	18.1	11.1	13.8	9.0	5.1	-9999	0.0	-9999	-9999	
2008	5	11	10.3	10.4	12.9	8.7	2.0	-9999	1.0	-9999	-9999	
2008	5	12	7.6	10.4	12.7	8.6	0.1	-9999	6.0	-9999	-9999	
2008	5	13	13.5	11.1	13.6	8.8	1.2	-9999	0.8	-9999	-9999	
2008	5	14	14.8	11.2	14.1	9.0	0.8	-9999	1.4	-9999	-9999	
2008	5	15	19.4	13.3	16.5	9.7	3.5	-9999	0.0	-9999	-9999	
2008	5	16	25.6	16.5	20.7	11.8	10.0	-9999	0.0	-9999	-9999	
2008	5	17	23.0	20.0	23.4	17.2	15.7	-9999	0.0	-9999	-9999	
2008	5	18	25.9	19.6	23.1	16.2	13.1	-9999	0.0	-9999	-9999	
2008	5	19	16.6	17.1	25.8	12.6	7.6	-9999	0.6	-9999	-9999	
2008	5	20	22.6	13.0	17.1	10.2	3.6	-9999	0.8	-9999	-9999	
2008	5	21	18.5	11.4	15.0	9.6	2.0	-9999	0.0	-9999	-9999	
2008	5	22	21.9	11.8	15.4	9.6	3.1	-9999	0.2	-9999	-9999	
2008	5	23	28.0	13.3	18.1	8.6	7.1	-9999	0.0	-9999	-9999	
2008	5	24	24.2	16.3	20.0	12.4	9.1	-9999	0.0	-9999	-9999	
2008	5	25	26.9	19.5	23.5	15.1	12.8	-9999	0.0	-9999	-9999	
2008	5	26	27.3	22.8	26.8	19.3	16.8	-9999	0.0	-9999	-9999	
2008	5	27	27.7	23.3	27.3	19.5	18.7	-9999	0.0	-9999	-9999	
2008	5	28	26.7	23.0	26.5	20.1	16.2	-9999	0.0	-9999	-9999	
2008	5	29	14.8	21.5	25.1	14.9	17.8	-9999	0.0	-9999	-9999	
2008	5	30	28.9	16.4	20.3	12.4	7.9	-9999	0.0	-9999	-9999	
2008	5	31	26.8	17.3	21.9	12.8	8.0	-9999	0.0	-9999	-9999	
2008	6	1	26.5	18.9	23.0	14.5	9.2	-9999	0.0	-9999	-9999	
2008	6	2	17.5	19.1	22.2	15.6	9.8	-9999	0.0	-9999	-9999	
2008	6	3	22.5	16.9	21.7	14.2	3.3	-9999	0.0	-9999	-9999	
2008	6	4	17.8	14.9	18.7	11.6	1.9	-9999	0.2	-9999	-9999	
2008	6	5	24.5	13.7	18.2	10.7	3.2	-9999	0.0	-9999	-9999	
2008	6	6	21.1	12.5	15.8	9.8	2.3	-9999	2.0	-9999	-9999	
2008	6	7	11.2	11.5	13.5	10.2	0.1	-9999	7.8	-9999	-9999	
2008	6	8	22.2	13.7	17.9	10.2	2.7	-9999	0.0	-9999	-9999	
2008	6	9	27.7	14.7	19.3	11.0	5.3	-9999	0.0	-9999	-9999	
2008	6	10	24.7	16.1	19.4	12.4	5.0	-9999	0.0	-9999	-9999	
2008	6	11	21.3	18.0	21.9	15.0	6.7	-9999	0.0	-9999	-9999	
2008	6	12	26.2	18.1	22.1	12.3	11.6	-9999	1.8	-9999	-9999	
2008	6	13	16.6	13.6	17.4	11.4	0.6	-9999	2.2	-9999	-9999	
2008	6	14	27.8	14.2	18.0	11.5	3.1	-9999	0.0	-9999	-9999	
2008	6	15	30.1	14.5	18.3	11.1	8.0	-9999	0.0	-9999	-9999	
2008	6	16	28.9	19.4	24.7	12.7	16.8	-9999	0.0	-9999	-9999	
2008	6	17	19.6	23.6	28.2	19.7	18.5	-9999	0.0	-9999	-9999	
2008	6	18	26.3	24.4	29.0	17.9	23.7	-9999	0.0	-9999	-9999	
2008	6	19	28.7	18.8	22.8	15.0	4.0	-9999	0.0	-9999	-9999	
2008	6	20	28.8	19.7	23.8	16.0	7.1	-9999	0.0	-9999	-9999	
2008	6	21	29.3	20.2	23.2	17.1	11.5	-9999	0.0	-9999	-9999	
2008	6	22	28.8	21.5	25.8	16.7	13.8	-9999	0.0	-9999	-9999	
2008	6	23	29.2	23.4	27.1	19.8	17.8	-9999	0.0	-9999	-9999	
2008	6	24	29.3	24.1	27.8	20.7	20.1	-9999	0.0	-9999	-9999	
2008	6	25	28.5	24.4	28.2	20.5	20.3	-9999	0.0	-9999	-9999	
2008	6	26	21.4	24.7	28.7	21.7	17.6	-9999	0.0	-9999	-9999	
2008	6	27	14.4	23.5	27.0	19.8	13.5	-9999	0.2	-9999	-9999	
2008	6	28	25.2	22.7	26.4	18.7	11.3	-9999	0.0	-9999	-9999	
2008	6	29	27.6	22.7	26.3	18.2	11.9	-9999	0.0	-9999	-9999	
2008	6	30	21.4	23.3	27.8	20.8	10.1	-9999	0.0	-9999	-9999	
2008	7	1	24.2	22.7	26.4	19.0	10.0	-9999	0.0	-9999	-9999	
2008	7	2	23.9	22.9	27.5	19.1	10.9	-9999	0.0	-9999	-9999	
2008	7	3	26.4	24.0	28.8	20.5	14.8	-9999	0.0	-9999	-9999	
2008	7	4	25.2	24.2	28.7	21.2	20.8	-9999	0.0	-9999	-9999	
2008	7	5	27.3	23.6	27.7	20.7	17.7	-9999	0.0	-9999	-9999	
2008	7	6	24.6	23.7	27.9	19.6	9.2	-9999	0.0	-9999	-9999	
2008	7	7	25.3	27.3	32.2	22.7	26.2	-9999	0.0	-9999	-9999	
2008	7	8	24.7	25.7	30.0	20.7	22.1	-9999	0.0	-9999	-9999	
2008	7	9	26.6	22.5	27.9	18.3	16.9	-9999	0.0	-9999	-9999	
2008	7	10	26.4	22.0	26.4	18.6	13.7	-9999	0.0	-9999	-9999	
2008	7	11	25.3	22.2	26.5	18.9	14.2	-9999	0.0	-9999	-9999	
2008	7	12	24.6	23.0	27.5	18.9	14.2	-9999	0.0	-9999	-9999	
2008	7	13	24.5	26.4	31.5	21.3	23.7	-9999	0.0	-9999	-9999	
2008	7	14	23.3	25.9	31.7	19.4	20.5	-9999	0.0	-9999	-9999	
2008	7	15	25.7	19.6	24.2	15.7	13.1	-9999	0.0	-9999	-9999	
2008	7	16	26.2	17.3	21.5	14.2	9.2	-9999	0.0	-9999	-9999	
2008	7	17	25.0	20.2	26.7	14.5	13.8	-9999	0.0	-9999	-9999	
2008	7	18	22.9	22.5	28.2	18.6	17.7	-9999	0.0	-9999	-9999	
2008	7	19	20.5	21.2	25.4	17.4	9.5	-9999	0.0	-9999	-9999	
2008	7	20	15.8	21.8	26.3	18.6	11.0	-9999	0.0	-9999	-9999	
2008	7	21	23.6	25.2	31.4	20.9	23.5	-9999	0.0	-9999	-9999	
2008	7	22	20.7	21.3	26.8	14.1	12.7	-9999	0.0	-9999	-9999	
2008	7	23	20.4	15.3	19.1	12.7	5.8	-9999	0.0	-9999	-9999	
2008	7	24	17.3	16.0	20.4	12.4	5.7	-9999	0.0	-9999	-9999	
2008	7	25	23.9	18.9	23.1	14.4	10.0	-9999	0.0	-9999	-9999	
2008	7	26	23.5	21.7	26.9	17.1	14.5	-9999	0.0	-9999	-9999	
2008	7	27	19.2	21.7	25.7	18.5	9.2	-9999	0.0	-9999	-9999	
2008	7	28	19.5	20.2	24.1	16.1	6.6	-9999	0.0	-9999	-9999	
2008	7	29	23.2	21.5	25.9	16.9	11.9	-9999	0.0	-9999	-9999	
2008	7	30	21.1	22.5	26.0	19.8	14.1	-9999	0.0	-9999	-9999	
2008	7	31	23.1	22.9	27.2	19.1	17.3	-9999	0.0	-9999	-9999	
2008	8	1	21.6	23.9	28.1	20.3	18.4	-9999	0.0	-9999	-9999	
2008	8	2	16.7	23.8	28.5	21.3	14.1	-9999	0.0	-9999	-9999	
2008	8	3	21.3	24.0	28.3	20.1	16.3	-9999	0.0	-9999	-9999	
2008	8	4	21.8	25.4	30.1	22.0	19.9	-9999	0.0	-9999	-9999	
2008	8	5	21.2	25.7	30.5	21.5	22.3	-9999	0.0	-9999	-9999	
2008	8	6	13.9	25.6	29.5	22.8	18.1	-9999	0.0	-9999	-9999	
2008	8	7	20.5	25.8	30.7	22.2	18.5	-9999	0.0	-9999	-9999	
2008	8	8	19.8	27.3	32.5	23.4	25.1	-9999	0.0	-9999	-9999	
2008	8	9	20.2	25.1	30.8	18.0	20.5	-9999	0.0	-9999	-9999	
2008	8	10	21.7	19.9	24.2	16.8	6.9	-9999	0.0	-9999	-9999	
2008	8	11	20.9	20.6	25.5	16.5	13.4	-9999	0.0	-9999	-9999	
2008	8	12	20.4	22.7	27.0	19.1	15.7	-9999	0.0	-9999	-9999	
2008	8	13	20.2	24.4	29.5	19.9	18.1	-9999	0.0	-9999	-9999	
2008	8	14	20.4	27.6	32.1	23.8	27.5	-9999	0.0	-9999	-9999	
2008	8	15	19.6	29.1	35.3	22.7	31.5	-9999	0.0	-9999	-9999	
2008	8	16	20.8	21.0	24.4	17.9	11.4	-9999	0.0	-9999	-9999	
2008	8	17	20.2	18.9	23.8	14.7	9.2	-9999	0.0	-9999	-9999	
2008	8	18	20.2	19.8	24.5	16.1	9.5	-9999	0.0	-9999	-9999	
2008	8	19	19.4	21.1	25.8	17.3	14.8	-9999	0.0	-9999	-9999	
2008	8	20	19.8	23.0	27.8	19.1	17.3	-9999	0.0	-9999	-9999	
2008	8	21	19.5	24.0	28.5	20.5	20.7	-9999	0.0	-9999	-9999	
2008	8	22	19.8	24.6	29.3	20.4	22.2	-9999	0.0	-9999	-9999	
2008	8	23	19.6	25.0	29.3	22.3	23.7	-9999	0.0	-9999	-9999	
2008	8	24	19.6	24.6	29.4	19.8	21.1	-9999	0.0	-9999	-9999	
2008	8	25	19.9	22.4	27.6	19.0	14.0	-9999	0.0	-9999	-9999	
2008	8	26	15.7	20.2	24.9	17.5	7.2	-9999	1.4	-9999	-9999	
2008	8	27	10.6	18.8	23.7	16.1	3.4	-9999	18.4	-9999	-9999	
2008	8	28	12.7	18.9	22.9	16.5	6.5	-9999	0.0	-9999	-9999	
2008	8	29	11.9	19.2	22.3	16.2	5.5	-9999	0.0	-9999	-9999	
2008	8	30	18.7	20.4	23.8	17.9	9.3	-9999	0.0	-9999	-9999	
2008	8	31	18.2	19.7	24.1	16.1	8.0	-9999	0.0	-9999	-9999	
2008	9	1	15.2	21.0	25.4	17.7	5.1	-9999	0.0	-9999	-9999	
2008	9	2	16.1	21.3	25.7	18.5	11.6	-9999	0.0	-9999	-9999	
2008	9	3	12.8	19.9	23.7	17.7	6.1	-9999	4.4	-9999	-9999	
2008	9	4	17.7	21.9	25.5	18.3	13.8	-9999	0.0	-9999	-9999	
2008	9	5	18.8	24.5	29.1	20.2	23.7	-9999	0.0	-9999	-9999	
2008	9	6	17.7	26.9	31.1	24.0	25.3	-9999	0.0	-9999	-9999	
2008	9	7	15.6	27.4	31.2	24.9	26.3	-9999	0.0	-9999	-9999	
2008	9	8	18.4	26.9	31.4	23.5	25.4	-9999	0.0	-9999	-9999	
2008	9	9	19.3	21.5	25.1	18.8	11.9	-9999	0.0	-9999	-9999	
2008	9	10	19.9	21.8	26.7	17.5	20.3	-9999	0.0	-9999	-9999	
2008	9	11	18.8	24.3	28.5	20.5	25.5	-9999	0.0	-9999	-9999	
2008	9	12	17.5	26.1	30.7	22.7	26.6	-9999	0.0	-9999	-9999	
2008	9	13	12.3	21.4	26.3	17.6	11.0	-9999	4.4	-9999	-9999	
2008	9	14	9.7	15.4	18.5	12.0	5.3	-9999	39.4	-9999	-9999	
2008	9	15	15.9	14.0	16.8	11.3	3.7	-9999	5.4	-9999	-9999	
2008	9	16	8.4	14.0	15.7	12.1	2.2	-9999	5.8	-9999	-9999	
2008	9	17	13.2	10.9	13.0	9.0	3.5	-9999	4.8	-9999	-9999	
2008	9	18	19.8	12.8	16.9	8.8	7.5	-9999	0.0	-9999	-9999	
2008	9	19	8.3	12.9	15.6	10.3	3.6	-9999	7.8	-9999	-9999	
2008	9	20	9.9	9.2	11.9	7.9	2.6	-9999	4.0	-9999	-9999	
2008	9	21	11.6	8.8	10.6	5.2	3.7	-9999	0.4	-9999	-9999	
2008	9	22	10.6	10.4	12.6	8.4	3.4	-9999	0.2	-9999	-9999	
2008	9	23	9.8	11.2	12.8	9.0	2.5	-9999	5.4	-9999	-9999	
2008	9	24	11.2	12.3	14.3	10.6	2.1	-9999	21.8	-9999	-9999	
2008	9	25	10.0	11.2	12.8	9.4	1.6	-9999	0.4	-9999	-9999	
2008	9	26	12.8	10.7	13.1	8.8	2.1	-9999	0.2	-9999	-9999	
2008	9	27	16.7	10.1	12.6	8.1	1.6	-9999	2.8	-9999	-9999	
2008	9	28	13.7	9.4	12.2	8.0	1.0	-9999	0.0	-9999	-9999	
2008	9	29	6.1	10.4	12.2	8.1	1.0	-9999	0.2	-9999	-9999	
2008	9	30	14.3	12.7	16.1	9.7	4.0	-9999	0.2	-9999	-9999	
2008	10	1	15.3	15.5	18.7	12.6	3.3	-9999	0.0	-9999	-9999	
2008	10	2	11.8	15.8	18.4	13.7	1.4	-9999	1.2	-9999	-9999	
2008	10	3	9.3	14.3	16.6	12.5	1.4	-9999	0.0	-9999	-9999	
2008	10	4	9.0	11.6	14.6	6.3	1.6	-9999	15.6	-9999	-9999	
2008	10	5	17.5	8.4	11.9	5.8	4.3	-9999	0.0	-9999	-9999	
2008	10	6	17.7	10.4	14.4	7.2	2.9	-9999	0.0	-9999	-9999	
2008	10	7	12.6	12.1	14.9	9.7	2.0	-9999	0.0	-9999	-9999	
2008	10	8	13.7	13.5	16.0	10.9	2.1	-9999	0.0	-9999	-9999	
2008	10	9	12.5	13.6	16.1	11.4	2.7	-9999	0.0	-9999	-9999	
2008	10	10	16.8	13.2	16.5	10.8	2.9	-9999	0.2	-9999	-9999	
2008	10	11	15.7	12.9	15.9	9.7	3.1	-9999	0.0	-9999	-9999	
2008	10	12	15.5	12.7	16.0	9.7	4.6	-9999	0.0	-9999	-9999	
2008	10	13	15.5	13.4	17.2	10.6	5.8	-9999	0.0	-9999	-9999	
2008	10	14	14.9	14.2	17.7	11.7	5.4	-9999	0.0	-9999	-9999	
2008	10	15	15.2	14.8	18.1	12.5	4.0	-9999	0.0	-9999	-9999	
2008	10	16	14.5	18.3	21.8	14.9	11.2	-9999	0.0	-9999	-9999	
2008	10	17	10.1	16.5	18.9	14.1	7.1	-9999	0.0	-9999	-9999	
2008	10	18	8.7	14.9	17.0	12.8	3.5	-9999	0.0	-9999	-9999	
2008	10	19	11.2	14.1	16.5	12.3	1.8	-9999	0.0	-9999	-9999	
2008	10	20	14.7	14.6	17.3	12.6	1.9	-9999	0.0	-9999	-9999	
2008	10	21	11.4	14.4	17.2	12.5	1.7	-9999	0.0	-9999	-9999	
2008	10	22	10.4	15.0	17.4	12.9	2.8	-9999	0.0	-9999	-9999	
2008	10	23	8.3	14.8	16.6	13.5	2.2	-9999	0.0	-9999	-9999	
2008	10	24	11.0	14.0	16.5	12.8	1.1	-9999	0.0	-9999	-9999	
2008	10	25	10.2	13.0	15.0	11.0	0.9	-9999	0.0	-9999	-9999	
2008	10	26	10.4	11.8	14.3	10.3	1.0	-9999	0.2	-9999	-9999	
2008	10	27	12.4	12.4	15.3	10.1	2.0	-9999	0.0	-9999	-9999	
2008	10	28	10.7	15.2	18.9	11.9	4.8	-9999	1.0	-9999	-9999	
2008	10	29	11.1	16.7	18.5	14.0	4.9	-9999	0.6	-9999	-9999	
2008	10	30	8.1	15.4	18.4	11.3	4.8	-9999	3.8	-9999	-9999	
2008	10	31	11.8	16.9	21.7	11.7	12.5	-9999	0.0	-9999	-9999	
2008	11	1	13.7	16.6	21.0	12.4	8.3	-9999	0.0	-9999	-9999	
2008	11	2	14.3	16.5	19.6	12.9	12.0	-9999	0.0	-9999	-9999	
2008	11	3	8.6	18.7	22.6	16.4	12.2	-9999	0.0	-9999	-9999	
2008	11	4	4.7	19.8	22.9	16.7	10.2	-9999	0.0	-9999	-9999	
2008	11	5	10.6	17.6	21.6	12.2	8.7	-9999	3.8	-9999	-9999	
2008	11	6	7.2	13.5	15.6	10.8	3.8	-9999	2.4	-9999	-9999	
2008	11	7	7.0	10.9	12.9	9.0	1.7	-9999	2.2	-9999	-9999	
2008	11	8	13.7	10.5	13.1	8.7	2.1	-9999	0.0	-9999	-9999	
2008	11	9	11.5	10.3	12.7	7.9	1.8	-9999	0.0	-9999	-9999	
2008	11	10	9.6	8.7	11.1	7.1	1.1	-9999	0.2	-9999	-9999	
2008	11	11	11.0	8.6	11.7	6.8	1.4	-9999	0.0	-9999	-9999	
2008	11	12	9.7	8.9	11.8	6.4	2.1	-9999	0.0	-9999	-9999	
2008	11	13	6.7	11.0	12.8	8.8	3.0	-9999	0.2	-9999	-9999	
2008	11	14	7.2	11.2	13.4	9.8	2.8	-9999	0.0	-9999	-9999	
2008	11	15	9.0	10.5	12.0	8.6	2.3	-9999	6.6	-9999	-9999	
2008	11	16	10.7	8.1	10.2	6.2	2.0	-9999	0.0	-9999	-9999	
2008	11	17	7.1	7.1	9.5	4.6	1.2	-9999	16.0	-9999	-9999	
2008	11	18	7.3	4.9	10.6	2.9	1.6	-9999	7.6	-9999	-9999	
2008	11	19	12.1	4.7	10.4	0.9	3.1	-9999	0.0	-9999	-9999	
2008	11	20	7.1	7.1	10.7	1.0	2.3	-9999	0.0	-9999	-9999	
2008	11	21	8.2	7.1	10.4	1.0	1.8	-9999	4.2	-9999	-9999	
2008	11	22	7.8	6.9	9.8	1.0	1.7	-9999	26.0	-9999	-9999	
2008	11	23	5.4	7.1	10.0	4.8	2.1	-9999	6.6	-9999	-9999	
2008	11	24	5.6	7.2	11.0	4.0	2.3	-9999	6.4	-9999	-9999	
2008	11	25	9.5	8.9	12.3	5.4	3.3	-9999	6.8	-9999	-9999	
2008	11	26	7.5	7.4	9.7	4.8	1.8	-9999	2.0	-9999	-9999	
2008	11	27	5.9	7.4	9.7	3.8	2.0	-9999	0.4	-9999	-9999	
2008	11	28	6.1	9.4	11.4	7.1	3.5	-9999	56.0	-9999	-9999	
2008	11	29	5.9	9.2	10.8	6.7	3.9	-9999	0.0	-9999	-9999	
2008	11	30	10.7	10.0	12.6	7.9	6.3	-9999	0.0	-9999	-9999	
2008	12	1	9.1	9.3	11.6	7.0	2.4	-9999	0.2	-9999	-9999	
2008	12	2	10.4	9.2	13.3	7.0	6.1	-9999	0.0	-9999	-9999	
2008	12	3	8.9	8.6	10.3	6.5	5.8	-9999	52.6	-9999	-9999	
2008	12	4	6.2	8.1	12.8	5.0	2.5	-9999	28.4	-9999	-9999	
2008	12	5	9.1	8.1	10.8	6.4	2.5	-9999	0.6	-9999	-9999	
2008	12	6	7.6	7.0	8.8	5.1	1.9	-9999	2.6	-9999	-9999	
2008	12	7	6.3	5.0	7.2	3.4	1.5	-9999	0.8	-9999	-9999	
2008	12	8	10.5	2.0	3.3	-0.1	2.3	-9999	0.0	-9999	-9999	
2008	12	9	10.2	1.9	4.6	-0.2	2.1	-9999	0.0	-9999	-9999	
2008	12	10	7.1	6.1	10.1	1.4	1.8	-9999	21.0	-9999	-9999	
2008	12	11	4.5	9.4	10.7	8.2	1.2	-9999	29.2	-9999	-9999	
2008	12	12	4.8	4.2	9.9	0.4	1.3	-9999	39.4	-9999	-9999	
2008	12	13	4.8	5.1	7.8	3.7	1.3	-9999	9.4	-9999	-9999	
2008	12	14	4.9	6.2	7.8	4.0	2.1	-9999	1.2	-9999	-9999	
2008	12	15	-9999	6.1	7.6	4.0	-9999	-9999	-9999	-9999	-9999	
2008	12	16	-9999	6.1	7.5	5.0	-9999	-9999	-9999	-9999	-9999	
2008	12	17	-9999	-9999	-9999	-9999	-9999	-9999	-9999	-9999	-9999	
2008	12	18	-9999	-9999	-9999	-9999	-9999	-9999	-9999	-9999	-9999	
2008	12	19	-9999	-9999	-9999	-9999	-9999	-9999	-9999	-9999	-9999	
2008	12	20	-9999	-9999	-9999	-9999	-9999	-9999	-9999	-9999	-9999	
2008	12	21	-9999	-9999	-9999	-9999	-9999	-9999	-9999	-9999	-9999	
2008	12	22	-9999	-9999	-9999	-9999	-9999	-9999	-9999	-9999	-9999	
2008	12	23	-9999	-9999	-9999	-9999	-9999	-9999	-9999	-9999	-9999	
2008	12	24	-9999	-9999	-9999	-9999	-9999	-9999	-9999	-9999	-9999	
2008	12	25	-9999	-9999	-9999	-9999	-9999	-9999	-9999	-9999	-9999	
2008	12	26	-9999	-9999	-9999	-9999	-9999	-9999	-9999	-9999	-9999	
2008	12	27	-9999	-9999	-9999	-9999	-9999	-9999	-9999	-9999	-9999	
2008	12	28	-9999	-9999	-9999	-9999	-9999	-9999	-9999	-9999	-9999	
2008	12	29	-9999	-9999	-9999	-9999	-9999	-9999	-9999	-9999	-9999	
2008	12	30	-9999	-9999	-9999	-9999	-9999	-9999	-9999	-9999	-9999	
2008	12	31	-9999	-9999	-9999	-9999	-9999	-9999	-9999	-9999	-9999	
