Month	n_days	Rg_f	Ta_f	Tmax	Tmin	VPD_f	Ts_f	Precip	SWC	LAI	ET	Litterfall
1	1	7.98715	1.79237	7.28	-3.925	2.38288	4.66136	0	-9999	-9999	-9999	-9999
1	2	1.37798	3.91881	5.014	2.592	1.0069	5.32915	9.4	-9999	-9999	-9999	-9999
1	3	0.273487	5.12208	7.02	2.874	0.0450435	5.7896	57.4	-9999	-9999	-9999	-9999
1	4	0.471323	7.22294	8.44	6.04	0.026054	6.81402	46.2	-9999	-9999	-9999	-9999
1	5	0.535975	7.41842	8.48	6.686	-0.00592245	7.23965	8.6	-9999	-9999	-9999	-9999
1	6	2.58467	11.1204	13.79	8.03	0.944032	8.02757	1.6	-9999	-9999	-9999	-9999
1	7	4.54794	12.0796	14.22	6.233	4.5508	8.88215	0	-9999	-9999	-9999	-9999
1	8	7.5231	6.04685	10.61	0.94	3.05911	7.42766	0	-9999	-9999	-9999	-9999
1	9	2.49254	6.12756	8.28	3.44	0.745861	7.10978	0.4	-9999	-9999	-9999	-9999
1	10	1.13713	6.62867	7.88	5.561	0.0359803	7.48333	0.4	-9999	-9999	-9999	-9999
1	11	1.72308	9.86973	11.91	5.053	0.506645	8.44764	1.6	-9999	-9999	-9999	-9999
1	12	6.86726	5.81594	7.09	4.943	3.05348	7.53671	0.6	-9999	-9999	-9999	-9999
1	13	8.1059	5.12812	8.38	2.72	3.48079	6.40196	0	-9999	-9999	-9999	-9999
1	14	0.615587	7.91758	9.72	5.064	0.050874	7.25517	11.8	-9999	-9999	-9999	-9999
1	15	3.0586	6.4511	9.14	1.582	0.299149	7.10014	0.4	-9999	-9999	-9999	-9999
1	16	5.63283	7.85319	9.23	5.642	2.52767	7.53319	1.2	-9999	-9999	-9999	-9999
1	17	2.82133	8.54906	10.26	6.408	2.5231	7.60146	2	-9999	-9999	-9999	-9999
1	18	9.78095	12.8598	15.36	6.832	4.02689	8.39563	0.2	-9999	-9999	-9999	-9999
1	19	9.31512	12.6773	16.51	6.53	6.32898	9.18528	0	-9999	-9999	-9999	-9999
1	20	9.4078	6.85571	13.4	1.785	2.2848	8.00442	0	-9999	-9999	-9999	-9999
1	21	6.36813	6.40625	12.43	1.501	1.40226	7.15544	0.2	-9999	-9999	-9999	-9999
1	22	3.95551	10.9383	12.8	7.57	4.69813	8.3409	0	-9999	-9999	-9999	-9999
1	23	9.5518	7.92438	11.59	1.837	5.9444	7.83805	0	-9999	-9999	-9999	-9999
1	24	9.58611	5.65235	12.16	0.244	3.47803	6.70517	0	-9999	-9999	-9999	-9999
1	25	7.00498	10.5565	15.59	3.718	6.63911	7.29721	0	-9999	-9999	-9999	-9999
1	26	10.2943	6.14027	14.65	-0.397	4.64929	6.63438	0	-9999	-9999	-9999	-9999
1	27	9.2979	8.67404	18.34	-0.447	7.38754	6.13086	0	-9999	-9999	-9999	-9999
1	28	9.54682	13.0167	18.81	6.057	11.5051	7.25959	0	-9999	-9999	-9999	-9999
1	29	2.59066	6.04875	9.34	1.698	1.9751	6.87657	0	-9999	-9999	-9999	-9999
1	30	10.1616	6.67621	9.4	5.241	4.04832	7.04501	0	-9999	-9999	-9999	-9999
1	31	10.4283	5.64952	9.28	2.694	4.53814	6.64635	0	-9999	-9999	-9999	-9999
2	1	6.39817	5.74269	8.33	2.807	2.5948	6.58352	0.4	-9999	-9999	-9999	-9999
2	2	11.4579	5.37102	8.58	2.415	3.52087	6.65011	0.6	-9999	-9999	-9999	-9999
2	3	1.9764	4.37894	9.13	-1.657	1.10501	5.68208	3.6	-9999	-9999	-9999	-9999
2	4	7.56259	6.67719	9.32	4.685	1.87988	6.93262	13.6	-9999	-9999	-9999	-9999
2	5	10.8053	6.47792	12.5	0.14	3.11318	6.21597	0	-9999	-9999	-9999	-9999
2	6	10.1538	9.30644	13.43	2.601	3.60129	6.60199	0	-9999	-9999	-9999	-9999
2	7	11.8579	10.5157	18.02	5.02	6.16755	7.37337	0	-9999	-9999	-9999	-9999
2	8	12.1883	7.18802	13.76	1.338	3.6561	6.92808	0	-9999	-9999	-9999	-9999
2	9	9.33801	5.30954	11.87	-0.198	1.8343	6.39467	0	-9999	-9999	-9999	-9999
2	10	10.6413	5.02988	11.23	-0.866	1.62458	6.0481	0.2	-9999	-9999	-9999	-9999
2	11	10.305	5.24008	10.06	0.751	1.34547	6.174	0	-9999	-9999	-9999	-9999
2	12	12.2125	5.71979	11.51	1.261	3.12093	6.20524	0.2	-9999	-9999	-9999	-9999
2	13	11.9392	4.1826	10.63	-1.494	2.44438	5.58678	0	-9999	-9999	-9999	-9999
2	14	11.7008	4.70827	10.88	-0.516	1.92056	5.61369	0	-9999	-9999	-9999	-9999
2	15	12.8213	5.23754	12.24	-1.324	2.24993	5.58515	0	-9999	-9999	-9999	-9999
2	16	11.5167	4.80358	10.61	-0.251	2.24748	5.67135	0	-9999	-9999	-9999	-9999
2	17	3.73591	6.40075	8.75	4.936	1.24521	6.48407	0.2	-9999	-9999	-9999	-9999
2	18	2.24954	5.56094	7.06	3.994	0.082069	6.71883	1.2	-9999	-9999	-9999	-9999
2	19	1.03022	6.53394	8.18	5.133	0.394798	6.95002	2.8	-9999	-9999	-9999	-9999
2	20	0.930991	5.66608	6.934	4.781	0.00589806	7.03987	5.2	-9999	-9999	-9999	-9999
2	21	11.5285	10.0793	17.61	4.508	3.00222	7.31633	0	-9999	-9999	-9999	-9999
2	22	13.6925	10.1235	17.1	4.078	3.49069	7.7387	0	-9999	-9999	-9999	-9999
2	23	14.3308	9.12569	15.98	3.491	2.78746	7.73968	0	-9999	-9999	-9999	-9999
2	24	1.39744	9.02479	9.82	7.61	0.0672593	8.29243	0.2	-9999	-9999	-9999	-9999
2	25	0.878119	8.78312	9.55	8.26	-0.00757017	8.6909	21	-9999	-9999	-9999	-9999
2	26	6.07216	9.97292	12.46	8.75	-0.0300128	9.1316	3.8	-9999	-9999	-9999	-9999
2	27	13.926	13.0169	16.38	9.59	4.9128	9.72826	0	-9999	-9999	-9999	-9999
2	28	8.68451	10.6354	14.65	7.06	2.24968	9.73049	0	-9999	-9999	-9999	-9999
3	1	6.67807	12.9746	14.23	11.51	5.06089	10.4192	0.2	-9999	-9999	-9999	-9999
3	2	16.1068	14.1446	20.35	9.05	8.9222	10.3559	0	-9999	-9999	-9999	-9999
3	3	13.2843	11.871	14.37	7.77	5.89704	10.4304	0	-9999	-9999	-9999	-9999
3	4	16.646	5.92767	7.26	4.532	4.17531	9.10986	0	-9999	-9999	-9999	-9999
3	5	17.7679	4.74527	6.893	1.98	5.9499	7.48172	0.4	-9999	-9999	-9999	-9999
3	6	18.088	4.80735	9.48	0.025	6.11767	6.69356	0	-9999	-9999	-9999	-9999
3	7	11.6812	7.04921	9.72	4.867	5.037	7.27393	0	-9999	-9999	-9999	-9999
3	8	17.3341	8.57629	12.22	6.178	4.97085	7.94951	0	-9999	-9999	-9999	-9999
3	9	4.78555	5.98494	8.33	1.383	2.26516	7.66533	1.4	-9999	-9999	-9999	-9999
3	10	7.49497	6.80865	8.75	4.021	2.16386	7.6156	1.4	-9999	-9999	-9999	-9999
3	11	8.02681	11.011	14.73	7.76	4.19863	8.16313	0.4	-9999	-9999	-9999	-9999
3	12	8.66894	12.9496	14.62	11.33	5.54476	9.44937	0.8	-9999	-9999	-9999	-9999
3	13	17.5469	12.5221	16.35	9.62	6.729	9.90521	0	-9999	-9999	-9999	-9999
3	14	18.5338	12.1661	20.28	5.043	5.1512	9.83979	0	-9999	-9999	-9999	-9999
3	15	1.94268	8.39123	10.64	4.805	0.152412	9.60882	4.2	-9999	-9999	-9999	-9999
3	16	14.0224	10.7217	13.86	8.92	4.94059	9.51319	0.2	-9999	-9999	-9999	-9999
3	17	11.7017	10.2324	12.48	6.445	4.28296	9.69424	0	-9999	-9999	-9999	-9999
3	18	19.3643	9.0436	15.91	3.491	5.24206	9.26417	0	-9999	-9999	-9999	-9999
3	19	20.7485	6.48323	13.97	-0.782	6.08591	8.34915	0	-9999	-9999	-9999	-9999
3	20	21.017	7.45548	11.73	4.078	6.80894	8.1742	0	-9999	-9999	-9999	-9999
3	21	6.58	6.93756	10.84	4.304	3.38721	8.13639	7.2	-9999	-9999	-9999	-9999
3	22	12.6566	5.92767	9.39	3.402	3.811	7.86401	0.8	-9999	-9999	-9999	-9999
3	23	13.3275	3.96408	7.19	2.787	3.4559	7.07513	2.2	-9999	-9999	-9999	-9999
3	24	19.9547	4.91252	9.19	0.99	3.32357	6.6915	1	-9999	-9999	-9999	-9999
3	25	19.6837	9.76917	12.59	7.2	5.75088	7.95431	0.8	-9999	-9999	-9999	-9999
3	26	10.6893	8.11258	11.67	4.25	3.32471	8.41333	0.2	-9999	-9999	-9999	-9999
3	27	20.4112	8.09237	12.11	4.821	4.92683	8.49208	0.2	-9999	-9999	-9999	-9999
3	28	15.6494	10.5106	14.45	5.198	5.47507	8.8691	0	-9999	-9999	-9999	-9999
3	29	22.3637	11.567	17.86	6.536	8.10628	9.64673	0	-9999	-9999	-9999	-9999
3	30	1.47034	8.5304	11.86	4.909	0.885521	9.3809	12.6	-9999	-9999	-9999	-9999
3	31	14.7475	9.1889	13.36	5.115	4.56057	8.80653	2.6	-9999	-9999	-9999	-9999
4	1	22.6622	12.2494	16.73	8.03	7.44236	9.27049	0.4	-9999	-9999	-9999	-9999
4	2	19.6794	14.4415	18.35	11.92	7.78796	10.5606	0.4	-9999	-9999	-9999	-9999
4	3	19.4668	13.6092	17.16	10.61	7.6801	11.2242	0	-9999	-9999	-9999	-9999
4	4	23.5908	12.6207	18.75	6.994	9.8433	10.9099	0	-9999	-9999	-9999	-9999
4	5	23.577	12.9471	19.78	3.288	9.67516	10.5608	0	-9999	-9999	-9999	-9999
4	6	19.0732	10.5102	12.95	6.001	5.92279	10.9291	0	-9999	-9999	-9999	-9999
4	7	23.8772	6.96012	12.7	1.848	6.44	9.9	0	-9999	-9999	-9999	-9999
4	8	2.84843	6.16567	8.03	3.111	1.06488	9.22021	1	-9999	-9999	-9999	-9999
4	9	5.47448	10.456	13.85	7.49	-0.00925617	9.78042	0.8	-9999	-9999	-9999	-9999
4	10	3.59024	11.7494	12.48	11.22	-0.0443972	10.8672	1	-9999	-9999	-9999	-9999
4	11	5.94928	9.48188	11.47	7.35	2.89182	10.4826	2.8	-9999	-9999	-9999	-9999
4	12	20.7004	10.13	13.93	6.922	5.52448	9.77916	0	-9999	-9999	-9999	-9999
4	13	24.3819	11.0802	16.14	6.606	4.77661	10.2771	7	-9999	-9999	-9999	-9999
4	14	22.37	9.63196	13.1	6.811	5.54832	9.99868	0.2	-9999	-9999	-9999	-9999
4	15	25.8678	10.4188	15.36	5.41	7.31006	9.85334	0	-9999	-9999	-9999	-9999
4	16	19.4393	8.8949	14	3.894	5.48212	9.77577	0	-9999	-9999	-9999	-9999
4	17	1.40931	7.47208	9.56	6.061	0.493556	9.52861	27.6	-9999	-9999	-9999	-9999
4	18	3.1927	7.4074	11.37	2.548	0.545637	8.92417	24.8	-9999	-9999	-9999	-9999
4	19	15.5779	10.6812	13.98	6.817	3.00235	9.40174	0	-9999	-9999	-9999	-9999
4	20	1.52542	10.7456	11.74	7.78	0.0392282	10.402	19.6	-9999	-9999	-9999	-9999
4	21	18.8716	10.9465	15.59	5.721	3.62671	10.4509	0.4	-9999	-9999	-9999	-9999
4	22	14.4837	11.574	13.95	9.59	4.55143	10.6117	0.2	-9999	-9999	-9999	-9999
4	23	26.7619	15.3433	20.72	11.37	8.38308	11.2883	0.2	-9999	-9999	-9999	-9999
4	24	26.8803	16.1917	20.25	11.84	10.2716	12.1711	0	-9999	-9999	-9999	-9999
4	25	21.9465	17.299	24.41	11.93	12.2737	12.6798	0	-9999	-9999	-9999	-9999
4	26	26.4544	15.424	22.79	7.84	8.76341	12.8787	0	-9999	-9999	-9999	-9999
4	27	23.953	13.6773	19.26	8.05	6.41062	12.8654	0	-9999	-9999	-9999	-9999
4	28	3.053	11.2117	13.57	8.97	1.03923	12.4078	2	-9999	-9999	-9999	-9999
4	29	27.8136	12.4248	18.29	8.7	6.11051	11.9637	0	-9999	-9999	-9999	-9999
4	30	17.868	11.6488	15.91	7.99	4.82495	12.0146	0.4	-9999	-9999	-9999	-9999
5	1	27.672	12.6927	18.52	6.507	7.57654	11.8988	0	-9999	-9999	-9999	-9999
5	2	26.9719	14.0647	21.15	5.979	8.16701	12.1706	0	-9999	-9999	-9999	-9999
5	3	26.4407	16.2463	23.43	8.27	11.3915	12.9378	0	-9999	-9999	-9999	-9999
5	4	26.8567	16.4688	22.73	9.17	12.2707	13.3792	0	-9999	-9999	-9999	-9999
5	5	18.5772	18.195	23.65	13.33	7.6055	14.1793	19	-9999	-9999	-9999	-9999
5	6	7.93094	13.906	16.33	11.79	2.40066	14.1368	11.4	-9999	-9999	-9999	-9999
5	7	26.6462	14.715	20.17	8.41	7.02167	13.493	0	-9999	-9999	-9999	-9999
5	8	26.3482	14.7406	20.18	8.8	5.6676	13.5471	0	-9999	-9999	-9999	-9999
5	9	12.3102	14.7942	18.48	11.68	4.68198	13.9632	0	-9999	-9999	-9999	-9999
5	10	23.3399	16.8323	20.68	13.23	9.68938	14.206	0	-9999	-9999	-9999	-9999
5	11	18.8764	15.8925	19.57	11.73	6.86264	14.3599	0	-9999	-9999	-9999	-9999
5	12	15.0234	14.4238	19.44	10.13	4.99982	14.0785	2	-9999	-9999	-9999	-9999
5	13	22.9392	15.055	20.87	8.85	6.36901	13.8527	0	-9999	-9999	-9999	-9999
5	14	15.5315	15.2992	18.9	11.45	5.89918	14.1401	0	-9999	-9999	-9999	-9999
5	15	4.4785	14.4485	16.12	12.79	0.631231	14.2709	0.8	-9999	-9999	-9999	-9999
5	16	7.26097	14.455	16.63	12.61	0.304753	14.2792	3.6	-9999	-9999	-9999	-9999
5	17	13.9205	14.6333	20.08	11.45	2.20037	14.3321	6.4	-9999	-9999	-9999	-9999
5	18	29.7704	16.8275	22.51	12.11	8.77874	14.4388	21.2	-9999	-9999	-9999	-9999
5	19	23.9555	16.2171	22	10.13	6.50583	14.4811	0.4	-9999	-9999	-9999	-9999
5	20	26.4897	17.5462	21.21	14.09	10.9178	14.5584	0.2	-9999	-9999	-9999	-9999
5	21	20.8106	17.2644	20.53	12.94	10.4426	14.7558	0	-9999	-9999	-9999	-9999
5	22	24.9021	16.9408	23.3	9.14	8.70903	14.753	0	-9999	-9999	-9999	-9999
5	23	19.2843	16.2754	20.69	11.36	5.63562	15.0947	0	-9999	-9999	-9999	-9999
5	24	3.72804	15.6417	16.5	15.02	0.0813063	15.2337	1.2	-9999	-9999	-9999	-9999
5	25	2.37039	14.6644	15.18	13.95	-0.0470085	14.912	33.8	-9999	-9999	-9999	-9999
5	26	2.73169	15.8196	17.3	14.37	0.683395	14.9033	4	-9999	-9999	-9999	-9999
5	27	1.9791	15.3171	18.12	12.94	0.906828	14.9215	13.8	-9999	-9999	-9999	-9999
5	28	14.278	14.8025	17.94	12.72	1.61677	15.0143	0.4	-9999	-9999	-9999	-9999
5	29	15.9508	16.0185	20.2	11.9	2.44323	15.126	0	-9999	-9999	-9999	-9999
5	30	15.8268	17.2502	22.35	13.78	3.20438	15.6452	0.2	-9999	-9999	-9999	-9999
5	31	9.49598	16.0423	19.01	14.19	1.07412	15.8228	0	-9999	-9999	-9999	-9999
6	1	2.80587	14.5096	15.15	13.85	-0.056576	15.4569	27.2	-9999	-9999	-9999	-9999
6	2	16.2251	16.1796	20.51	13.07	3.81055	15.3837	2.2	-9999	-9999	-9999	-9999
6	3	25.0035	17.5808	22.01	13.89	8.00506	15.1542	0.2	-9999	-9999	-9999	-9999
6	4	31.3441	18.0002	21.41	15.09	11.0615	15.4333	0	-9999	-9999	-9999	-9999
6	5	29.3466	17.7535	21.71	12.82	10.4585	15.4417	0	-9999	-9999	-9999	-9999
6	6	19.1156	17.0179	20.09	14.94	8.46849	15.692	0	-9999	-9999	-9999	-9999
6	7	30.651	15.6719	18.15	13.23	8.68051	15.4836	0	-9999	-9999	-9999	-9999
6	8	15.6983	15.7473	20.61	13.49	5.61643	15.2487	0.6	-9999	-9999	-9999	-9999
6	9	21.0197	18.6904	23.56	14.72	7.58857	15.8673	0	-9999	-9999	-9999	-9999
6	10	26.038	19.15	24.06	13.99	7.80484	16.4463	0	-9999	-9999	-9999	-9999
6	11	21.9808	19.1208	24.92	14.78	7.23815	16.6831	1.4	-9999	-9999	-9999	-9999
6	12	29.8677	20.4031	23.98	17.09	12.0709	16.7292	0.2	-9999	-9999	-9999	-9999
6	13	28.2527	17.1321	22.08	12.84	9.79636	16.7259	0	-9999	-9999	-9999	-9999
6	14	31.504	16.7044	21.29	11.63	11.2605	16.1019	0	-9999	-9999	-9999	-9999
6	15	12.0933	15.5598	18.57	11.87	4.81434	16.0067	0	-9999	-9999	-9999	-9999
6	16	3.64545	14.6538	16.65	12.8	-0.0494433	15.7941	78.2	-9999	-9999	-9999	-9999
6	17	21.0801	17.1285	21.33	13.87	4.08083	15.9808	3.2	-9999	-9999	-9999	-9999
6	18	30.6888	20.5877	26.59	15.2	12.1897	16.563	0	-9999	-9999	-9999	-9999
6	19	28.7801	22.2917	28.78	15.2	15.1817	16.9728	0	-9999	-9999	-9999	-9999
6	20	30.1547	25.1352	30.08	21.13	17.0464	19.7038	0	-9999	-9999	-9999	-9999
6	21	28.7631	24.2867	30.23	18.16	12.5161	20.248	0	-9999	-9999	-9999	-9999
6	22	30.5502	22.9752	28.2	17.83	11.0295	20.2476	0	-9999	-9999	-9999	-9999
6	23	29.5951	22.4081	27.79	16.28	10.1953	20.1258	0	-9999	-9999	-9999	-9999
6	24	21.7477	22.0227	27.19	16.79	10.1241	19.9805	0	-9999	-9999	-9999	-9999
6	25	29.8363	24.6988	31.26	16.83	14.4958	20.9154	0	-9999	-9999	-9999	-9999
6	26	28.5683	26.1071	31.16	20.4	15.8949	21.8685	0	-9999	-9999	-9999	-9999
6	27	29.2947	25.2854	29.13	22.37	16.7192	22.346	0	-9999	-9999	-9999	-9999
6	28	30.5804	25.8252	31.37	20.88	20.8819	22.2051	0	-9999	-9999	-9999	-9999
6	29	29.5018	25.8927	31.19	18.21	16.9501	22.3684	0	-9999	-9999	-9999	-9999
6	30	26.8899	26.7419	31.2	23.08	18.4466	22.8951	0	-9999	-9999	-9999	-9999
7	1	29.3231	24.2633	27.89	19.6	11.3835	21.5583	0	-9999	-9999	-9999	-9999
7	2	20.9924	21.7546	25.92	18.14	4.14117	21.1042	0	-9999	-9999	-9999	-9999
7	3	13.9416	19.2915	21.22	17.27	6.66999	20.2229	1	-9999	-9999	-9999	-9999
7	4	30.9645	21.6867	29.09	14.33	16.1909	19.4333	0	-9999	-9999	-9999	-9999
7	5	29.8721	24.0465	31.67	14.83	17.293	20.075	0	-9999	-9999	-9999	-9999
7	6	17.5606	21.0617	25.03	17.2	9.03712	20.5208	0	-9999	-9999	-9999	-9999
7	7	26.2434	19.1644	22.96	16.21	11.2299	19.6313	0	-9999	-9999	-9999	-9999
7	8	31.2116	19.2767	24.09	14.03	12.4202	19.1583	0	-9999	-9999	-9999	-9999
7	9	30.26	22.6133	30.33	16.51	16.0736	19.6708	0	-9999	-9999	-9999	-9999
7	10	29.6685	23.2412	30.45	14.94	14.3069	20.2063	0	-9999	-9999	-9999	-9999
7	11	7.75175	20.3058	22.94	18.67	0.683655	20.2542	3.2	-9999	-9999	-9999	-9999
7	12	19.4128	18.9002	24.48	15.59	5.04326	19.5188	7.4	-9999	-9999	-9999	-9999
7	13	29.9089	17.9613	21.33	15.22	9.93835	17.9563	0	-9999	-9999	-9999	-9999
7	14	30.7003	18.8813	24.08	13.8	12.7543	17.5917	0	-9999	-9999	-9999	-9999
7	15	30.2379	21.8452	28.05	14.08	16.3885	18.2521	0	-9999	-9999	-9999	-9999
7	16	24.7013	23.259	29.06	15.19	15.0001	18.9833	0	-9999	-9999	-9999	-9999
7	17	26.1121	23.6002	26.98	19.6	14.9826	20.0021	0	-9999	-9999	-9999	-9999
7	18	28.9266	22.5877	27.8	17.98	15.4979	19.9542	0	-9999	-9999	-9999	-9999
7	19	29.517	23.1552	30.07	16.63	16.2348	20.1563	0	-9999	-9999	-9999	-9999
7	20	23.6985	22.8725	29.83	17.51	10.5948	20.4792	0	-9999	-9999	-9999	-9999
7	21	25.0363	20.5017	24.8	15.79	14.9091	20.0583	0	-9999	-9999	-9999	-9999
7	22	29.6509	21.8017	28.05	15.69	18.3801	19.6833	0	-9999	-9999	-9999	-9999
7	23	29.5735	22.225	29.73	13.78	18.5845	19.8875	0	-9999	-9999	-9999	-9999
7	24	27.4238	21.7123	28.01	14.22	12.7613	20.0417	0.8	-9999	-9999	-9999	-9999
7	25	22.3203	23.1721	29.04	17.41	8.29472	20.4396	0	-9999	-9999	-9999	-9999
7	26	25.7105	24.5298	28.92	20.37	16.8162	20.7437	0	-9999	-9999	-9999	-9999
7	27	27.0608	24.9058	31.71	18.06	17.9334	21.1208	0	-9999	-9999	-9999	-9999
7	28	26.7909	24.075	29.64	17.64	13.0299	21.3792	0	-9999	-9999	-9999	-9999
7	29	22.8914	23.8919	28.96	19.59	9.54607	21.7104	0	-9999	-9999	-9999	-9999
7	30	24.8041	23.381	29.43	18.52	10.2071	21.6646	0	-9999	-9999	-9999	-9999
7	31	26.9166	23.7354	28.88	17.83	12.2068	21.6646	0	-9999	-9999	-9999	-9999
8	1	15.94	23.8031	29.23	19.16	13.5045	21.5792	0	-9999	-9999	-9999	-9999
8	2	27.6329	24.1817	29.48	17.14	17.119	21.5813	0	-9999	-9999	-9999	-9999
8	3	27.6387	26.76	34.62	21.85	20.4071	22.3188	0	-9999	-9999	-9999	-9999
8	4	25.3992	27.2487	33.29	20.13	19.9889	22.7021	0	-9999	-9999	-9999	-9999
8	5	25.8904	27.0329	33.63	22.07	21.5893	23.1396	0	-9999	-9999	-9999	-9999
8	6	26.1252	27.1663	32.82	21.41	20.1488	23.35	0	-9999	-9999	-9999	-9999
8	7	14.2776	23.3592	27.69	19.75	8.17189	22.7479	0	-9999	-9999	-9999	-9999
8	8	23.1902	21.5529	25.79	17.79	13.7096	21.9104	0	-9999	-9999	-9999	-9999
8	9	27.169	22.9117	29.92	16.48	16.9229	21.4792	0	-9999	-9999	-9999	-9999
8	10	26.3273	22.8615	29.25	17.07	14.0671	21.6146	0	-9999	-9999	-9999	-9999
8	11	11.7873	19.8827	23.03	17.25	1.98494	21.0583	4.4	-9999	-9999	-9999	-9999
8	12	6.59285	20.6515	22.67	17.41	2.37279	20.9688	5.4	-9999	-9999	-9999	-9999
8	13	21.372	19.9158	24.86	16.2	11.7257	19.5208	0	-9999	-9999	-9999	-9999
8	14	8.88766	18.2162	21.03	13.65	9.13855	18.725	0	-9999	-9999	-9999	-9999
8	15	19.4499	18.0856	21.77	15.52	9.62737	18.2625	0.2	-9999	-9999	-9999	-9999
8	16	18.3603	18.471	22.88	14.32	10.9633	18.1958	0	-9999	-9999	-9999	-9999
8	17	18.3316	20.9338	25.72	17.11	13.0011	18.6687	0	-9999	-9999	-9999	-9999
8	18	12.4207	19.1744	24.46	13.72	3.99663	18.7563	0	-9999	-9999	-9999	-9999
8	19	2.86239	19.6267	21.7	18.71	2.12901	19.3667	0.8	-9999	-9999	-9999	-9999
8	20	25.8293	20.9365	26.84	16.38	13.3379	18.9917	0	-9999	-9999	-9999	-9999
8	21	25.1852	20.7365	28.31	12.76	13.2509	18.9792	0	-9999	-9999	-9999	-9999
8	22	15.654	19.5185	25.31	15.01	8.65961	18.9271	1	-9999	-9999	-9999	-9999
8	23	25.5992	19.2937	23.65	14.84	11.7504	18.6812	0	-9999	-9999	-9999	-9999
8	24	25.2801	21.1248	28.39	13.2	16.065	18.6646	0	-9999	-9999	-9999	-9999
8	25	24.4031	22.7369	27.98	18.44	15.9078	19.6292	0	-9999	-9999	-9999	-9999
8	26	22.8373	22.579	28.4	16.24	14.7595	19.9125	0	-9999	-9999	-9999	-9999
8	27	22.8993	22.8715	29.55	15.53	14.124	20.1333	0	-9999	-9999	-9999	-9999
8	28	21.7563	23.9242	31.72	16.38	15.2734	20.5167	0	-9999	-9999	-9999	-9999
8	29	23.1588	23.4406	30.66	16.72	14.1113	20.7063	0	-9999	-9999	-9999	-9999
8	30	22.961	22.4679	29.56	16.28	10.2083	20.725	0	-9999	-9999	-9999	-9999
8	31	10.5852	21.726	26.28	19.55	5.53586	20.9021	2.4	-9999	-9999	-9999	-9999
9	1	23.0506	23.361	28.03	19.63	15.3272	20.2521	0.2	-9999	-9999	-9999	-9999
9	2	21.1646	20.6556	26.94	13.83	8.78649	19.7292	0	-9999	-9999	-9999	-9999
9	3	9.72001	20.9846	23.91	19.03	2.99164	20.2771	1.8	-9999	-9999	-9999	-9999
9	4	13.1958	20.2475	25.46	16.85	4.10593	19.95	12.2	-9999	-9999	-9999	-9999
9	5	10.4034	20.5304	24.04	16.96	1.61313	19.8854	0.2	-9999	-9999	-9999	-9999
9	6	6.93545	18.7596	21.6	14.52	4.55031	19.6958	3.6	-9999	-9999	-9999	-9999
9	7	21.478	17.5579	21.62	12.92	8.81354	17.9875	0	-9999	-9999	-9999	-9999
9	8	22.3204	18.435	25.29	10.92	10.9524	17.5354	0	-9999	-9999	-9999	-9999
9	9	12.1481	18.4929	23.32	12.89	8.08501	17.5979	0	-9999	-9999	-9999	-9999
9	10	14.8664	22.1217	28.56	16.23	14.9787	18.4771	0	-9999	-9999	-9999	-9999
9	11	7.49801	20.1858	24.85	15.13	6.809	18.6958	3	-9999	-9999	-9999	-9999
9	12	17.2763	17.0096	20.71	14.13	8.60265	17.6542	0.6	-9999	-9999	-9999	-9999
9	13	17.4562	15.5823	18.66	13.7	7.94681	16.6792	0.2	-9999	-9999	-9999	-9999
9	14	19.9058	17.2048	21.57	14.44	10.1968	16.75	0	-9999	-9999	-9999	-9999
9	15	22.2182	16.3108	22.32	11.97	11.755	16.6313	0	-9999	-9999	-9999	-9999
9	16	20.6664	14.8129	22.47	8.37	10.0766	15.7625	0	-9999	-9999	-9999	-9999
9	17	18.5895	14.414	19.86	7.2	7.19307	15.6708	0	-9999	-9999	-9999	-9999
9	18	6.64143	17.1379	20.19	14.47	5.16176	16.7188	0	-9999	-9999	-9999	-9999
9	19	18.7694	20.7004	27.04	15.45	12.465	17.6	0	-9999	-9999	-9999	-9999
9	20	19.8614	17.989	24.93	10.41	12.4771	17.1708	0	-9999	-9999	-9999	-9999
9	21	19.2356	15.7073	22.64	9.17	7.7091	16.5875	0	-9999	-9999	-9999	-9999
9	22	19.0201	14.9963	21.31	8.75	9.16072	16.1771	0	-9999	-9999	-9999	-9999
9	23	18.9434	14.4427	20.07	9.26	9.05543	15.6917	0	-9999	-9999	-9999	-9999
9	24	14.1249	14.3233	19.5	7.39	7.97818	15.4708	0	-9999	-9999	-9999	-9999
9	25	16.5956	15.1902	21.05	7.8	9.47174	15.3021	0	-9999	-9999	-9999	-9999
9	26	14.4675	14.2431	20.04	8.81	7.11116	15.2979	0	-9999	-9999	-9999	-9999
9	27	18.0073	14.4	21.47	8.09	7.05757	15.2813	0	-9999	-9999	-9999	-9999
9	28	17.0992	13.8677	20.44	7.08	4.88386	15.1125	0	-9999	-9999	-9999	-9999
9	29	16.2144	16.034	22.96	7.84	9.26233	15.225	0	-9999	-9999	-9999	-9999
9	30	17.336	16.8181	20.2	14.48	10.5268	16.0042	0	-9999	-9999	-9999	-9999
10	1	16.0289	15.6971	19.04	13.25	8.34442	15.9458	0.2	-9999	-9999	-9999	-9999
10	2	11.3062	14.8498	18.89	12.9	6.14971	15.8854	0	-9999	-9999	-9999	-9999
10	3	13.3355	11.1683	13.85	7.66	6.22871	15.0104	0	-9999	-9999	-9999	-9999
10	4	17.2916	10.0817	14.26	6.381	7.07065	13.5896	0	-9999	-9999	-9999	-9999
10	5	15.7035	10.9594	17.48	3.535	6.78019	13.275	0	-9999	-9999	-9999	-9999
10	6	16.1959	13.9523	21.8	7.08	5.69681	13.7083	0	-9999	-9999	-9999	-9999
10	7	6.4999	14.4079	19.47	9.22	1.63684	14.4333	1	-9999	-9999	-9999	-9999
10	8	2.35198	13.6852	16.51	12.11	2.03829	14.85	3.6	-9999	-9999	-9999	-9999
10	9	8.72657	14.6246	18.51	11.5	4.29476	14.1271	0	-9999	-9999	-9999	-9999
10	10	13.7467	15.735	22.98	9.38	5.99295	14.4042	0	-9999	-9999	-9999	-9999
10	11	14.8367	15.6856	21.56	10.06	3.66313	14.7083	0	-9999	-9999	-9999	-9999
10	12	4.60443	16.265	18.88	13.95	3.82838	15.4125	0	-9999	-9999	-9999	-9999
10	13	2.75094	16.4085	18.08	15.12	2.15316	15.7271	0	-9999	-9999	-9999	-9999
10	14	13.4561	18.8583	26.52	11.99	6.34186	15.8688	0.2	-9999	-9999	-9999	-9999
10	15	13.0331	20.3354	25.23	16.29	9.61415	16.4063	0	-9999	-9999	-9999	-9999
10	16	7.58121	18.2671	21.67	16.64	7.83892	16.4312	0	-9999	-9999	-9999	-9999
10	17	14.7183	15.6398	20.25	11.24	8.05474	15.8896	0	-9999	-9999	-9999	-9999
10	18	12.7601	12.3778	19.63	5.006	6.5071	14.2896	0	-9999	-9999	-9999	-9999
10	19	9.89019	13.2238	18.2	8.69	3.57269	14.4146	1.6	-9999	-9999	-9999	-9999
10	20	1.64372	14.6662	16.15	13.44	0	15.1833	10.4	-9999	-9999	-9999	-9999
10	21	2.81848	16.334	17.69	14.53	0	15.7833	16.6	-9999	-9999	-9999	-9999
10	22	3.1353	12.8802	17.09	9.88	2.37015	15.4521	0.8	-9999	-9999	-9999	-9999
10	23	2.60423	10.1183	11.67	8.93	2.3389	13.5667	0.2	-9999	-9999	-9999	-9999
10	24	5.08844	12.925	17.1	9.38	1.07378	13.7208	0	-9999	-9999	-9999	-9999
10	25	12.1604	16.4817	21.75	13.04	7.37821	14.175	0	-9999	-9999	-9999	-9999
10	26	12.7034	13.7696	20.88	7.14	5.89916	13.3896	0	-9999	-9999	-9999	-9999
10	27	11.5213	12.5292	18.97	7.03	3.36415	13.1083	0	-9999	-9999	-9999	-9999
10	28	1.68937	9.97292	13.98	7.42	0.822291	12.7854	5.8	-9999	-9999	-9999	-9999
10	29	6.71113	7.69233	9.41	6.001	4.18761	10.6667	0.4	-9999	-9999	-9999	-9999
10	30	3.33602	3.87138	5.893	2.004	0.931579	9.09792	1.2	-9999	-9999	-9999	-9999
10	31	2.34279	10.3468	14.69	4.379	0.423157	10.2396	0.2	-9999	-9999	-9999	-9999
11	1	1.02397	15.2392	16.13	13.75	0.0812127	13.2083	16.6	-9999	-9999	-9999	-9999
11	2	1.20286	13.4756	16.32	11.19	0.0143874	13.6542	180.6	-9999	-9999	-9999	-9999
11	3	7.08738	11.1413	13.89	8.66	1.65568	12.5729	0.2	-9999	-9999	-9999	-9999
11	4	1.96441	10.3438	12.14	9.67	0.0052908	11.9271	54.4	-9999	-9999	-9999	-9999
11	5	1.79504	8.87937	9.99	8.18	0	11.3229	38	-9999	-9999	-9999	-9999
11	6	2.5555	9.6025	10.99	7.52	1.34527	11.1062	1.6	-9999	-9999	-9999	-9999
11	7	7.53615	10.9085	14.2	8.05	3.42889	10.8396	0	-9999	-9999	-9999	-9999
11	8	8.39477	10.4425	14.92	7.28	2.216	10.8417	0	-9999	-9999	-9999	-9999
11	9	4.65483	9.46635	13.44	5.334	0.260013	10.625	0	-9999	-9999	-9999	-9999
11	10	5.09541	12.2917	14.82	10.53	0.428384	11.9208	1	-9999	-9999	-9999	-9999
11	11	2.66762	13.4885	14.98	11.82	0.968651	12.8375	0.6	-9999	-9999	-9999	-9999
11	12	4.53484	9.72396	11.95	8.54	2.42653	11.4812	4.2	-9999	-9999	-9999	-9999
11	13	10.3096	9.48875	12.66	7.98	5.38347	10.0333	0.2	-9999	-9999	-9999	-9999
11	14	9.83251	9.15606	13.41	6.531	5.91733	9.42292	0	-9999	-9999	-9999	-9999
11	15	9.67671	8.78635	14.44	4.69	5.03052	9.07083	0	-9999	-9999	-9999	-9999
11	16	9.55218	10.0447	15.32	4.384	5.17362	8.96042	0	-9999	-9999	-9999	-9999
11	17	9.5738	12.1517	16.02	9.87	6.5504	9.99375	0	-9999	-9999	-9999	-9999
11	18	5.33966	10.261	11.55	8.47	3.85465	10.2333	0.4	-9999	-9999	-9999	-9999
11	19	9.24929	9.92212	14.46	4.997	4.51976	9.37708	0	-9999	-9999	-9999	-9999
11	20	9.22558	9.26083	10.91	7.75	4.15955	9.38333	0.8	-9999	-9999	-9999	-9999
11	21	5.26671	11.4704	13.3	9.73	3.88134	10.2188	1.6	-9999	-9999	-9999	-9999
11	22	6.70867	8.5445	11.65	6.886	4.70399	9.66458	1.2	-9999	-9999	-9999	-9999
11	23	6.63964	5.49992	7.45	3.328	2.96207	8.41667	6.2	-9999	-9999	-9999	-9999
11	24	4.80641	5.59333	7.95	3.871	2.18624	7.95208	0.2	-9999	-9999	-9999	-9999
11	25	8.50272	4.2514	7.51	2.375	3.52152	6.70625	0.2	-9999	-9999	-9999	-9999
11	26	8.65538	3.96183	7.98	-1.035	3.92797	6.01458	0	-9999	-9999	-9999	-9999
11	27	8.1085	1.78352	8.54	-3.579	2.30046	5.11042	0	-9999	-9999	-9999	-9999
11	28	3.298	4.09817	7.52	-0.064	3.20745	5.74583	0	-9999	-9999	-9999	-9999
11	29	3.51103	2.85727	9.17	-1.402	1.10621	5.50833	1.4	-9999	-9999	-9999	-9999
11	30	7.35353	5.24992	9.29	1.442	1.62192	6.0625	0	-9999	-9999	-9999	-9999
12	1	4.64011	5.08169	6.818	3.994	2.40227	6.37083	0	-9999	-9999	-9999	-9999
12	2	7.47774	5.50823	8.08	3.717	3.61118	6.225	0	-9999	-9999	-9999	-9999
12	3	2.20256	3.2464	4.798	1.418	0.786287	6.08125	0.4	-9999	-9999	-9999	-9999
12	4	2.7622	4.12952	6.201	1.116	0	6.41042	1.4	-9999	-9999	-9999	-9999
12	5	6.13188	8.93648	11.25	5.764	2.97493	7.41667	7.4	-9999	-9999	-9999	-9999
12	6	2.65858	7.98867	10.32	4.95	3.44293	7.38958	1	-9999	-9999	-9999	-9999
12	7	7.6381	4.08815	10.16	-1.071	2.64491	5.85417	0	-9999	-9999	-9999	-9999
12	8	7.71723	5.55552	10.75	1.658	2.97003	6.05417	0	-9999	-9999	-9999	-9999
12	9	0.27104	5.12923	6.163	4.184	0.29214	6.68125	28.4	-9999	-9999	-9999	-9999
12	10	6.97741	3.93219	4.815	3.089	2.77498	5.52083	2.6	-9999	-9999	-9999	-9999
12	11	7.67702	2.55858	4.521	0.262	3.48378	4.38542	1.8	-9999	-9999	-9999	-9999
12	12	8.13365	3.06513	6.328	0.318	4.67648	3.92917	0	-9999	-9999	-9999	-9999
12	13	3.94552	2.02842	9.09	-2.788	2.62802	3.76042	1.4	-9999	-9999	-9999	-9999
12	14	1.58064	3.96758	7.93	2.301	0.150238	5.51458	27.8	-9999	-9999	-9999	-9999
12	15	3.46467	4.33073	7.02	1.307	0.87017	5.17083	1.6	-9999	-9999	-9999	-9999
12	16	2.62745	3.50865	4.41	2.364	1.76249	5.24167	0.4	-9999	-9999	-9999	-9999
12	17	7.08293	4.21277	7.12	2.202	2.80266	4.92708	0	-9999	-9999	-9999	-9999
12	18	4.37041	5.68106	6.873	4.55	3.36007	5.20625	9.2	-9999	-9999	-9999	-9999
12	19	7.29107	8.5931	10.11	6.631	3.572	6.45625	0.2	-9999	-9999	-9999	-9999
12	20	6.02247	8.65375	11.07	7.39	4.44505	6.93333	0.6	-9999	-9999	-9999	-9999
12	21	7.55965	10.3342	15.34	6.255	5.90243	7.34583	0	-9999	-9999	-9999	-9999
12	22	7.64365	5.75838	12.06	0.222	3.20521	5.82708	0	-9999	-9999	-9999	-9999
12	23	7.35468	4.94967	12.29	-0.925	2.095	5.3	0	-9999	-9999	-9999	-9999
12	24	7.173	4.32021	10.74	-0.622	1.62708	5.05625	0	-9999	-9999	-9999	-9999
12	25	5.32473	3.03833	7.64	-2.079	1.17065	4.74375	0.2	-9999	-9999	-9999	-9999
12	26	2.49243	2.9885	4.461	0.375	0.856456	5.0125	4.6	-9999	-9999	-9999	-9999
12	27	1.517	4.15648	6.117	2.108	2.79025	5.11042	0	-9999	-9999	-9999	-9999
12	28	0.987919	2.04862	2.963	0.508	1.70271	4.72083	0	-9999	-9999	-9999	-9999
12	29	0.310732	0.548	2.137	-0.28	0.0951552	3.72292	21.2	-9999	-9999	-9999	-9999
12	30	0.258642	5.80077	9.25	2.164	0	4.83958	53.8	-9999	-9999	-9999	-9999
12	31	1.69262	9.32333	10.93	7.1	0.00159675	7.31667	11	-9999	-9999	-9999	-9999
