Month	n_days	Rg_f	Ta_f	Tmax	Tmin	VPD_f	Ts_f	Precip	SWC	LAI	ET	Litterfall
1	1	0.78	-1.31	-0.36	-2.27	-9999	0.72	0	-9999	-9999	-9999	-9999
1	2	0.12	-0.83	-0.08	-1.51	-9999	0.76	0	-9999	-9999	-9999	-9999
1	3	0.39	-1.14	0.19	-2.29	-9999	0.82	0	-9999	-9999	-9999	-9999
1	4	0.29	-2.78	-1.83	-3.58	-9999	0.86	0	-9999	-9999	-9999	-9999
1	5	0.24	-3.17	-2.86	-3.69	-9999	0.87	0	-9999	-9999	-9999	-9999
1	6	0.25	-2.28	-0.33	-3.44	-9999	0.86	0	-9999	-9999	-9999	-9999
1	7	0.18	0.22	3.57	-1.46	-9999	0.83	2.6	-9999	-9999	-9999	-9999
1	8	0.41	1.07	2.46	0.3	-9999	0.8	7.95	-9999	-9999	-9999	-9999
1	9	0.23	-0.25	1.39	-2.3	-9999	0.81	2.82	-9999	-9999	-9999	-9999
1	10	0.28	-1.74	1.86	-4.17	-9999	0.87	3.87	-9999	-9999	-9999	-9999
1	11	0.77	2.23	4.62	0.42	-9999	0.81	0.81	-9999	-9999	-9999	-9999
1	12	0.21	0.26	2.76	-2.74	-9999	0.86	0.2	-9999	-9999	-9999	-9999
1	13	0.3	1.61	2.55	-0.44	-9999	0.85	3.8	-9999	-9999	-9999	-9999
1	14	0.61	-2.55	-0.51	-5.5	-9999	0.93	0	-9999	-9999	-9999	-9999
1	15	1.29	-6.18	-4.61	-8.19	-9999	1	0	-9999	-9999	-9999	-9999
1	16	0.23	-2.5	0.99	-8.01	-9999	0.92	1.67	-9999	-9999	-9999	-9999
1	17	0.22	1.33	1.63	1.07	-9999	0.88	0	-9999	-9999	-9999	-9999
1	18	0.12	0.99	1.61	-0.4	-9999	0.89	1.43	-9999	-9999	-9999	-9999
1	19	0.15	-0.75	-0.01	-2.14	-9999	0.95	0	-9999	-9999	-9999	-9999
1	20	0.32	-2.28	-1.79	-2.72	-9999	1	0	-9999	-9999	-9999	-9999
1	21	0.29	-2.43	-2.24	-2.55	-9999	1.03	0	-9999	-9999	-9999	-9999
1	22	0.69	-2.97	-2.02	-4.74	-9999	1.05	0	-9999	-9999	-9999	-9999
1	23	0.7	-5.45	-4.74	-6.13	-9999	1.09	0	-9999	-9999	-9999	-9999
1	24	0.59	-7.6	-6.18	-8.8	-9999	1.1	0	-9999	-9999	-9999	-9999
1	25	0.7	-7.78	-6.86	-8.83	-9999	1.05	0	-9999	-9999	-9999	-9999
1	26	0.83	-6.8	-6.19	-7.29	-9999	0.99	0	-9999	-9999	-9999	-9999
1	27	0.85	-7.07	-4.75	-12.12	-9999	0.96	0	-9999	-9999	-9999	-9999
1	28	1.32	-16.54	-12.49	-18.81	-9999	0.86	0	-9999	-9999	-9999	-9999
1	29	2.23	-13.52	-10.66	-17.11	-9999	0.72	0	-9999	-9999	-9999	-9999
1	30	0.39	-6.84	-0.32	-11.42	-9999	0.61	0	-9999	-9999	-9999	-9999
1	31	2.41	-1.99	-0.08	-3.59	-9999	0.58	0	-9999	-9999	-9999	-9999
2	1	0.89	-4.41	-3.23	-5.45	-9999	0.69	0	-9999	-9999	-9999	-9999
2	2	0.82	-7.53	-5.04	-10.11	-9999	0.76	0	-9999	-9999	-9999	-9999
2	3	0.99	-6.83	-3.51	-10.24	-9999	0.75	0	-9999	-9999	-9999	-9999
2	4	0.49	-1.86	-1.01	-4.38	-9999	0.7	0	-9999	-9999	-9999	-9999
2	5	0.37	0.48	1.89	-1.09	-9999	0.68	5.82	-9999	-9999	-9999	-9999
2	6	0.9	-0.2	1.62	-1.81	-9999	0.66	1	-9999	-9999	-9999	-9999
2	7	1.41	-1.76	-0.05	-3.65	-9999	0.7	0	-9999	-9999	-9999	-9999
2	8	3.01	-2.49	-0.26	-3.47	-9999	0.75	0	-9999	-9999	-9999	-9999
2	9	0.87	-2.79	-1.55	-4.11	-9999	0.79	0	-9999	-9999	-9999	-9999
2	10	0.6	-3.15	-0.07	-5.49	-9999	0.82	0	-9999	-9999	-9999	-9999
2	11	1.49	-1.01	0.29	-3.85	-9999	0.79	0	-9999	-9999	-9999	-9999
2	12	1.92	-3.86	-2.08	-5.67	-9999	0.85	0	-9999	-9999	-9999	-9999
2	13	1.88	-3.62	-1.98	-5.18	-9999	0.85	0	-9999	-9999	-9999	-9999
2	14	1.96	-7.91	-5.34	-9.96	-9999	0.9	0	-9999	-9999	-9999	-9999
2	15	3.88	-10.95	-9.3	-15.31	-9999	0.87	0	-9999	-9999	-9999	-9999
2	16	3.8	-13.52	-8.72	-17.45	-9999	0.75	0	-9999	-9999	-9999	-9999
2	17	1.68	-9.38	-7.29	-13.83	-9999	0.64	0	-9999	-9999	-9999	-9999
2	18	0.62	-6.01	-4.3	-7.53	-9999	0.56	0	-9999	-9999	-9999	-9999
2	19	0.73	-3.42	-2.42	-4.67	-9999	0.53	0	-9999	-9999	-9999	-9999
2	20	1.6	-5.36	-3.59	-8.7	-9999	0.6	0	-9999	-9999	-9999	-9999
2	21	2.83	-9.52	-7.06	-14.68	-9999	0.67	0	-9999	-9999	-9999	-9999
2	22	5.01	-15.75	-12.71	-18.17	-9999	0.57	0	-9999	-9999	-9999	-9999
2	23	6.04	-14.48	-9.62	-18.82	-9999	0.41	0	-9999	-9999	-9999	-9999
2	24	6.02	-11.9	-7.1	-17.2	-9999	0.3	0	-9999	-9999	-9999	-9999
2	25	5.97	-7.56	-3.33	-11.72	-9999	0.28	0	-9999	-9999	-9999	-9999
2	26	5.39	-10.62	-8.45	-12.51	-9999	0.29	0	-9999	-9999	-9999	-9999
2	27	6.37	-12.28	-8.42	-16.06	-9999	0.24	0	-9999	-9999	-9999	-9999
2	28	6.03	-14.45	-10.81	-18.15	-9999	0.16	0	-9999	-9999	-9999	-9999
3	1	7.22	-16.21	-10.82	-21.5	-9999	-0.02	0	-9999	-9999	-9999	-9999
3	2	6.96	-12.87	-7.84	-16.59	-9999	-0.02	0	-9999	-9999	-9999	-9999
3	3	8.37	-10.86	-5.77	-16.73	-9999	-0.03	0	-9999	-9999	-9999	-9999
3	4	5.99	-9.56	-5.79	-13.26	-9999	0.03	0	-9999	-9999	-9999	-9999
3	5	5.64	-9.57	-4.96	-13.82	-9999	0.05	0	-9999	-9999	-9999	-9999
3	6	6.92	-8.04	-3.34	-12.67	-9999	0.05	0	-9999	-9999	-9999	-9999
3	7	2.66	-8.87	-5.55	-16.18	-9999	0.03	0	-9999	-9999	-9999	-9999
3	8	7.33	-6.15	-3.46	-12.7	-9999	0.14	0	-9999	-9999	-9999	-9999
3	9	9.84	-11.72	-6.37	-16.87	-9999	0.14	0	-9999	-9999	-9999	-9999
3	10	6.24	-10.57	-5.98	-15.34	-9999	0.03	0	-9999	-9999	-9999	-9999
3	11	10.29	-10.4	-5.76	-16.7	-9999	0.02	0	-9999	-9999	-9999	-9999
3	12	5.48	-10.36	-8.1	-13.33	-9999	0.06	0	-9999	-9999	-9999	-9999
3	13	7.39	-12.57	-8.05	-16.69	-9999	0.01	0	-9999	-9999	-9999	-9999
3	14	9.31	-12.78	-7.88	-18.06	-9999	-0.08	0	-9999	-9999	-9999	-9999
3	15	9.99	-11.73	-6.22	-17.45	-9999	-0.09	0	-9999	-9999	-9999	-9999
3	16	10.64	-8.69	-4.13	-12.74	-9999	-0.08	0	-9999	-9999	-9999	-9999
3	17	3.37	-8.03	-4.43	-12.09	-9999	0	0	-9999	-9999	-9999	-9999
3	18	8.08	-8.38	-6.57	-11.32	-9999	0.12	0	-9999	-9999	-9999	-9999
3	19	8.9	-7.73	-2.98	-12.48	-9999	0.12	0	-9999	-9999	-9999	-9999
3	20	8.07	-7.61	-3.71	-11.52	-9999	0.13	0	-9999	-9999	-9999	-9999
3	21	10.27	-5.02	1.12	-10.98	-9999	0.09	0	-9999	-9999	-9999	-9999
3	22	10.87	-3.94	0.26	-10.11	-9999	0.13	0	-9999	-9999	-9999	-9999
3	23	7.4	-1	2.08	-3.89	-9999	0.15	0	-9999	-9999	-9999	-9999
3	24	7.86	2.18	6.69	-2.15	-9999	0.2	0	-9999	-9999	-9999	-9999
3	25	8.45	3.35	7.08	0.16	-9999	0.26	0	-9999	-9999	-9999	-9999
3	26	13.3	1.12	5.17	-3.12	-9999	0.33	0	-9999	-9999	-9999	-9999
3	27	11.05	-0.33	2.69	-2.78	-9999	0.36	0	-9999	-9999	-9999	-9999
3	28	11.9	-1.95	1.39	-6.17	-9999	0.38	0	-9999	-9999	-9999	-9999
3	29	9.55	-0.51	2.55	-3.28	-9999	0.36	0	-9999	-9999	-9999	-9999
3	30	11	0.35	7	-5.92	-9999	0.36	0	-9999	-9999	-9999	-9999
3	31	14.35	3.12	8.66	-2.96	-9999	0.32	0	-9999	-9999	-9999	-9999
4	1	14.51	3.34	8.81	-2.81	-9999	0.32	0	-9999	-9999	-9999	-9999
4	2	8.08	2.8	5.29	-1.81	-9999	0.32	0	-9999	-9999	-9999	-9999
4	3	13.63	6.34	10.41	1.96	-9999	0.28	0	-9999	-9999	-9999	-9999
4	4	12.87	7.07	12.47	1.36	-9999	0.26	0	-9999	-9999	-9999	-9999
4	5	11.07	6.77	13.49	3.06	-9999	0.27	0.8	-9999	-9999	-9999	-9999
4	6	14.12	3.59	6.86	1.05	-9999	0.31	0	-9999	-9999	-9999	-9999
4	7	7.77	3.09	8.22	0.1	-9999	0.32	1.4	-9999	-9999	-9999	-9999
4	8	6.47	3.95	5.37	2.62	-9999	0.3	4.19	-9999	-9999	-9999	-9999
4	9	4.6	2.25	5.19	-1.1	-9999	0.34	1	-9999	-9999	-9999	-9999
4	10	12.05	1.6	4.74	-0.86	-9999	0.33	0	-9999	-9999	-9999	-9999
4	11	4.07	1.57	5.06	-0.55	-9999	0.35	2	-9999	-9999	-9999	-9999
4	12	10.43	3.74	9.92	-2.74	-9999	0.35	1.2	-9999	-9999	-9999	-9999
4	13	13.85	5.74	9.87	2.15	-9999	0.5	0.2	-9999	-9999	-9999	-9999
4	14	16.6	6.09	11.42	-1.04	-9999	0.64	0	-9999	-9999	-9999	-9999
4	15	5.33	4.89	7.45	3.06	-9999	0.82	6.6	-9999	-9999	-9999	-9999
4	16	16.11	7.01	11.44	1.58	-9999	1.74	0	-9999	-9999	-9999	-9999
4	17	14.34	3.97	8.03	-0.53	-9999	1.88	0	-9999	-9999	-9999	-9999
4	18	17.09	1.31	5.73	-3.2	-9999	1.44	0	-9999	-9999	-9999	-9999
4	19	16.59	-1.49	1.28	-4.79	-9999	0.69	0	-9999	-9999	-9999	-9999
4	20	12.5	-2	1.07	-5.47	-9999	0.48	0	-9999	-9999	-9999	-9999
4	21	8.86	-2.33	0.68	-5.71	-9999	0.44	-9999	-9999	-9999	-9999	-9999
4	22	7.56	0.02	5.42	-4.05	-9999	0.81	-9999	-9999	-9999	-9999	-9999
4	23	18.03	1.69	6.2	-3.19	-9999	0.73	0	-9999	-9999	-9999	-9999
4	24	20.06	4.06	9.56	-3.54	-9999	1.55	0	-9999	-9999	-9999	-9999
4	25	20.41	6.75	11.63	-0.38	-9999	2.62	0	-9999	-9999	-9999	-9999
4	26	19.64	8.34	12.48	1.83	-9999	3.56	0	-9999	-9999	-9999	-9999
4	27	18.92	6.89	11.96	1.31	-9999	3.86	0	-9999	-9999	-9999	-9999
4	28	10.87	7.52	10.64	3.06	-9999	4.15	0	-9999	-9999	-9999	-9999
4	29	12.72	6.13	9.44	2.16	-9999	4.01	0	-9999	-9999	-9999	-9999
4	30	16.74	4.13	8.36	-0.32	-9999	3.67	0	-9999	-9999	-9999	-9999
5	1	4.89	0.73	2.15	-0.7	-9999	2.58	0	-9999	-9999	-9999	-9999
5	2	19.18	4.52	8.74	-0.89	-9999	3.44	0	-9999	-9999	-9999	-9999
5	3	9.1	5.69	9.16	3.1	-9999	4.47	3.4	-9999	-9999	-9999	-9999
5	4	6.15	6.06	8.31	3.82	-9999	4.86	0.6	-9999	-9999	-9999	-9999
5	5	6.07	5.68	7.36	3.05	-9999	4.71	2	-9999	-9999	-9999	-9999
5	6	8.37	7.31	10.87	4.78	-9999	5.57	0.6	-9999	-9999	-9999	-9999
5	7	11.93	6.67	11.43	2.57	-9999	5.45	1.4	-9999	-9999	-9999	-9999
5	8	17.51	6.67	11.6	0.88	-9999	5.45	0	-9999	-9999	-9999	-9999
5	9	15.47	7	11.65	2.73	-9999	5.76	0	-9999	-9999	-9999	-9999
5	10	21.08	6.91	11.89	1.1	-9999	5.31	0	-9999	-9999	-9999	-9999
5	11	15.04	7.74	11.31	4.05	-9999	5.62	0	-9999	-9999	-9999	-9999
5	12	22.04	9.48	13.9	2.15	-9999	5.93	0	-9999	-9999	-9999	-9999
5	13	24.07	10.58	14.79	4.96	-9999	6.42	0	-9999	-9999	-9999	-9999
5	14	21.6	8.03	12.96	2.3	-9999	5.83	0	-9999	-9999	-9999	-9999
5	15	6.67	5.12	6.58	3.74	-9999	5.34	4	-9999	-9999	-9999	-9999
5	16	6.16	7.32	9.81	4.75	-9999	5.78	4.8	-9999	-9999	-9999	-9999
5	17	15.21	7.26	9.74	5.34	-9999	6.47	2	-9999	-9999	-9999	-9999
5	18	13.44	6.58	10.46	3.52	-9999	5.97	0	-9999	-9999	-9999	-9999
5	19	16.18	5.57	8.62	2.72	-9999	5.66	0.61	-9999	-9999	-9999	-9999
5	20	23.07	9.3	14.09	2.24	-9999	6.44	0	-9999	-9999	-9999	-9999
5	21	23.58	12.65	17.67	6.71	-9999	8.02	0	-9999	-9999	-9999	-9999
5	22	17.24	14.48	19.93	8.67	-9999	9.16	2.44	-9999	-9999	-9999	-9999
5	23	15.7	14.78	19.75	10.37	-9999	10.79	4.44	-9999	-9999	-9999	-9999
5	24	16.39	17.04	23.81	11.59	-9999	11.99	1.42	-9999	-9999	-9999	-9999
5	25	22.95	12.87	15.77	9.73	-9999	10.65	0.81	-9999	-9999	-9999	-9999
5	26	17.83	12.37	16.22	8.03	-9999	9.88	0	-9999	-9999	-9999	-9999
5	27	23.5	12.96	16.43	7.33	-9999	10.25	6.31	-9999	-9999	-9999	-9999
5	28	26.16	8.79	13.34	5.25	-9999	8.05	-9999	-9999	-9999	-9999	-9999
5	29	11.67	7.65	11.43	5.99	-9999	7.26	-9999	-9999	-9999	-9999	-9999
5	30	15.3	9.28	13.21	6.16	-9999	7.94	0	-9999	-9999	-9999	-9999
5	31	17.92	8.6	12.06	2.77	-9999	7.62	0	-9999	-9999	-9999	-9999
6	1	16.35	9.9	12.38	6.56	-9999	7.89	0	-9999	-9999	-9999	-9999
6	2	17.41	10.49	14.03	5.52	-9999	7.65	0	-9999	-9999	-9999	-9999
6	3	18.48	11.25	14.4	6.76	-9999	7.97	0	-9999	-9999	-9999	-9999
6	4	7.65	9.7	12.87	5.55	-9999	8.05	5.21	-9999	-9999	-9999	-9999
6	5	10.68	11.27	14.94	7.72	-9999	9.87	-9999	-9999	-9999	-9999	-9999
6	6	5.49	9.39	10.66	7.45	-9999	9.29	3.64	-9999	-9999	-9999	-9999
6	7	16.62	9.52	13.09	5.53	-9999	8.65	0	-9999	-9999	-9999	-9999
6	8	26.58	10.29	14.35	4.06	-9999	8.34	0	-9999	-9999	-9999	-9999
6	9	20.02	12.89	18.29	5.31	-9999	9.36	0	-9999	-9999	-9999	-9999
6	10	24.54	14.84	18.73	9.45	-9999	10.59	0	-9999	-9999	-9999	-9999
6	11	21.85	15.78	20.21	8.69	-9999	10.91	0	-9999	-9999	-9999	-9999
6	12	15.41	16.58	19.94	13.78	-9999	12.76	5.88	-9999	-9999	-9999	-9999
6	13	4.41	11.98	15.96	9.71	-9999	11.52	11.16	-9999	-9999	-9999	-9999
6	14	7.05	11.4	14.11	8.81	-9999	10.56	5.47	-9999	-9999	-9999	-9999
6	15	20.09	14.16	19.37	9.75	-9999	12.23	1.21	-9999	-9999	-9999	-9999
6	16	14.78	13.57	17.8	10.56	-9999	12.67	0	-9999	-9999	-9999	-9999
6	17	19.63	16.12	19.45	11.35	-9999	13.28	0	-9999	-9999	-9999	-9999
6	18	20.56	17.25	21.68	12.38	-9999	13.69	2.23	-9999	-9999	-9999	-9999
6	19	27.69	15.45	18.69	11.98	-9999	13.25	0	-9999	-9999	-9999	-9999
6	20	25.16	16.44	20.38	11.38	-9999	12.98	0	-9999	-9999	-9999	-9999
6	21	23.31	17.5	21.87	11.5	-9999	13.58	0	-9999	-9999	-9999	-9999
6	22	23.79	17.14	21.09	12.1	-9999	14.19	0	-9999	-9999	-9999	-9999
6	23	12.11	15.21	18.06	12.63	-9999	13.68	0	-9999	-9999	-9999	-9999
6	24	21.81	17.46	22.74	12.13	-9999	14.52	0	-9999	-9999	-9999	-9999
6	25	9.32	11.12	13.02	8.44	-9999	12.19	1.2	-9999	-9999	-9999	-9999
6	26	22.31	12.36	16.35	8.41	-9999	11.83	0	-9999	-9999	-9999	-9999
6	27	13.82	11.47	16.71	7.3	-9999	11.53	11.16	-9999	-9999	-9999	-9999
6	28	16.93	9.56	12.47	7.84	-9999	10.89	7.31	-9999	-9999	-9999	-9999
6	29	14.3	11	13.79	7.93	-9999	11.44	9.13	-9999	-9999	-9999	-9999
6	30	10.64	13.78	17.35	10.92	-9999	12.51	0.2	-9999	-9999	-9999	-9999
7	1	26.75	15	18.8	10.69	-9999	13.16	0	-9999	-9999	-9999	-9999
7	2	26.67	16.53	20.71	10.23	-9999	13.12	0	-9999	-9999	-9999	-9999
7	3	23.9	19.06	22.52	13.99	-9999	14.12	0	-9999	-9999	-9999	-9999
7	4	24.05	20.78	25.16	14.9	-9999	15.4	0	-9999	-9999	-9999	-9999
7	5	23.93	21.12	25.66	14.77	-9999	15.68	0	-9999	-9999	-9999	-9999
7	6	22.88	22.42	26.15	16.89	-9999	16.23	0	-9999	-9999	-9999	-9999
7	7	18.25	17.52	22.88	13.5	-9999	15.89	7.5	-9999	-9999	-9999	-9999
7	8	20.69	17.62	22.17	11.95	-9999	15.6	0	-9999	-9999	-9999	-9999
7	9	24.24	21.5	25.29	15.17	-9999	16.19	0	-9999	-9999	-9999	-9999
7	10	22.27	22.28	26.86	15.84	-9999	16.94	0	-9999	-9999	-9999	-9999
7	11	22.61	21.47	26.41	15.86	-9999	16.65	0	-9999	-9999	-9999	-9999
7	12	22.62	20.17	25.67	12.42	-9999	16.23	0	-9999	-9999	-9999	-9999
7	13	24.07	21.63	27.08	16.15	-9999	17.24	0	-9999	-9999	-9999	-9999
7	14	24.61	16.58	20.46	11.69	-9999	15.32	0	-9999	-9999	-9999	-9999
7	15	16.83	17.9	22.85	13.49	-9999	15.48	0	-9999	-9999	-9999	-9999
7	16	18.61	19.61	24.89	14.09	-9999	16.66	0	-9999	-9999	-9999	-9999
7	17	16.31	18.72	23.12	15.83	-9999	17.28	4.25	-9999	-9999	-9999	-9999
7	18	12.9	18.19	21.35	15.69	-9999	17.33	7.1	-9999	-9999	-9999	-9999
7	19	11.23	17.7	20.94	14.97	-9999	16.95	0	-9999	-9999	-9999	-9999
7	20	6.8	16	18.73	13.95	-9999	16.32	5.68	-9999	-9999	-9999	-9999
7	21	22.24	16.76	20.9	11.13	-9999	15.84	0	-9999	-9999	-9999	-9999
7	22	4.74	15.42	18.02	13.52	-9999	15.35	18.08	-9999	-9999	-9999	-9999
7	23	15.57	14.94	17.92	11.61	-9999	15.39	0.4	-9999	-9999	-9999	-9999
7	24	6.59	14.51	16.39	12.91	-9999	14.86	22.53	-9999	-9999	-9999	-9999
7	25	11	15.12	18.34	12.86	-9999	15.44	9.75	-9999	-9999	-9999	-9999
7	26	10.33	16.17	18.68	13.56	-9999	15.48	0	-9999	-9999	-9999	-9999
7	27	8.63	15.78	17.74	13.48	-9999	15.75	10.14	-9999	-9999	-9999	-9999
7	28	16.93	16.24	20.31	12.45	-9999	15.53	0	-9999	-9999	-9999	-9999
7	29	18.97	15.57	19.75	11.03	-9999	14.6	0	-9999	-9999	-9999	-9999
7	30	22.55	15.11	19.2	9.75	-9999	13.96	0	-9999	-9999	-9999	-9999
7	31	19.16	17.48	21.55	11.86	-9999	14.34	0	-9999	-9999	-9999	-9999
8	1	5.47	14.67	16.94	12.8	-9999	14.52	7.1	-9999	-9999	-9999	-9999
8	2	8.27	13.75	16.82	10.95	-9999	14.44	6.91	-9999	-9999	-9999	-9999
8	3	20.44	14.34	18.72	9.21	-9999	13.64	0	-9999	-9999	-9999	-9999
8	4	5.74	13.41	16.81	10.84	-9999	13.68	28.83	-9999	-9999	-9999	-9999
8	5	15.73	14.95	18.99	11.89	-9999	14.58	0	-9999	-9999	-9999	-9999
8	6	16.09	15.18	19.27	10.55	-9999	14.42	0	-9999	-9999	-9999	-9999
8	7	6.73	15.21	18.97	11.88	-9999	14.7	14.6	-9999	-9999	-9999	-9999
8	8	5.69	16.67	20.44	13.58	-9999	14.92	2.24	-9999	-9999	-9999	-9999
8	9	14.42	20.04	24.06	15.95	-9999	16.68	2.64	-9999	-9999	-9999	-9999
8	10	4.86	14.75	19.93	12.38	-9999	15.15	2.01	-9999	-9999	-9999	-9999
8	11	3.7	13.12	14.47	12.44	-9999	14.02	11.74	-9999	-9999	-9999	-9999
8	12	10.57	14.4	17.27	12.97	-9999	14.72	5.88	-9999	-9999	-9999	-9999
8	13	10.27	15.06	18.37	13.32	-9999	15.02	1.41	-9999	-9999	-9999	-9999
8	14	9.67	14.41	18.18	12.35	-9999	14.84	0.6	-9999	-9999	-9999	-9999
8	15	13.87	13.84	17.43	9.98	-9999	14.12	0	-9999	-9999	-9999	-9999
8	16	7.75	12.12	15.18	9.05	-9999	13.27	4.46	-9999	-9999	-9999	-9999
8	17	11.89	11.8	16.76	9.08	-9999	12.55	0	-9999	-9999	-9999	-9999
8	18	17.97	14.19	18.56	8.67	-9999	12.78	0	-9999	-9999	-9999	-9999
8	19	17.7	16.76	21.01	11.01	-9999	13.89	0	-9999	-9999	-9999	-9999
8	20	16.09	16.64	20.87	11.84	-9999	14.46	0	-9999	-9999	-9999	-9999
8	21	6.38	13.16	15.68	11.37	-9999	13.64	8.32	-9999	-9999	-9999	-9999
8	22	16.74	13.27	18.25	8.94	-9999	13.07	0	-9999	-9999	-9999	-9999
8	23	7.36	13.91	17.42	10.64	-9999	13.69	0	-9999	-9999	-9999	-9999
8	24	11.96	16.17	19.68	12.63	-9999	14.71	0	-9999	-9999	-9999	-9999
8	25	14.91	17.96	23	13.12	-9999	15.28	0	-9999	-9999	-9999	-9999
8	26	4.93	16.45	18.94	12.6	-9999	15.16	13.84	-9999	-9999	-9999	-9999
8	27	14.59	13.1	16.47	10.09	-9999	13.59	-9999	-9999	-9999	-9999	-9999
8	28	8.41	11	13.57	7.83	-9999	12.73	3.86	-9999	-9999	-9999	-9999
8	29	6.76	12.65	15.93	8.68	-9999	12.85	1.61	-9999	-9999	-9999	-9999
8	30	10.14	13.13	16.13	9.58	-9999	13.01	0	-9999	-9999	-9999	-9999
8	31	16.95	11.48	15.53	7.78	-9999	11.49	0	-9999	-9999	-9999	-9999
9	1	16.2	12.88	17.81	6.23	-9999	11.3	0	-9999	-9999	-9999	-9999
9	2	16.03	14.48	19.16	9.28	-9999	11.99	0	-9999	-9999	-9999	-9999
9	3	8.35	12.65	16.48	8.37	-9999	12.37	0	-9999	-9999	-9999	-9999
9	4	12.31	11.36	14.54	7.58	-9999	11.68	0	-9999	-9999	-9999	-9999
9	5	12.54	11.92	15.38	7.47	-9999	11.89	0	-9999	-9999	-9999	-9999
9	6	9.03	12.14	17.94	6.21	-9999	11.83	0	-9999	-9999	-9999	-9999
9	7	12.86	16.16	20.97	11.85	-9999	13.38	4.46	-9999	-9999	-9999	-9999
9	8	6.98	14.82	17	13.47	-9999	13.92	0.61	-9999	-9999	-9999	-9999
9	9	13.26	12.87	15.88	9.21	-9999	12.43	0	-9999	-9999	-9999	-9999
9	10	11.62	9.07	12.91	5.67	-9999	10.55	0	-9999	-9999	-9999	-9999
9	11	12.65	8.32	12.42	4.61	-9999	9.45	0	-9999	-9999	-9999	-9999
9	12	3.88	8.72	12.03	6.16	-9999	10.14	4.86	-9999	-9999	-9999	-9999
9	13	13.09	7.11	9.93	4.72	-9999	9.11	0	-9999	-9999	-9999	-9999
9	14	1.17	11.53	13.26	7.34	-9999	10.64	13.57	-9999	-9999	-9999	-9999
9	15	5.48	6.84	11.72	2.01	-9999	10.14	1.83	-9999	-9999	-9999	-9999
9	16	10.48	4.35	8.56	0.52	-9999	7.45	0.82	-9999	-9999	-9999	-9999
9	17	10.84	3.83	7.87	0.21	-9999	6.63	2.97	-9999	-9999	-9999	-9999
9	18	2.23	7.03	9.88	2.2	-9999	7.52	1.41	-9999	-9999	-9999	-9999
9	19	9.01	10.51	14.78	6.13	-9999	9.25	0	-9999	-9999	-9999	-9999
9	20	1.98	11.26	13.55	8.11	-9999	10.28	0	-9999	-9999	-9999	-9999
9	21	9.04	11.24	13.62	6.93	-9999	10.72	0	-9999	-9999	-9999	-9999
9	22	10.21	8.53	13.13	2.96	-9999	9.43	0	-9999	-9999	-9999	-9999
9	23	6.16	11.46	15.43	8.68	-9999	10.52	0	-9999	-9999	-9999	-9999
9	24	4.53	12.03	15.47	8.27	-9999	10.91	0	-9999	-9999	-9999	-9999
9	25	4.91	12.47	14.76	9.65	-9999	11.68	0	-9999	-9999	-9999	-9999
9	26	8.16	11.59	16.48	7.09	-9999	10.94	0	-9999	-9999	-9999	-9999
9	27	7.93	14.01	18.32	10.5	-9999	11.92	0	-9999	-9999	-9999	-9999
9	28	4.09	12.71	14.25	11.37	-9999	12.14	17.22	-9999	-9999	-9999	-9999
9	29	4.59	9.96	12.54	6.42	-9999	11.4	5.48	-9999	-9999	-9999	-9999
9	30	6.23	7.19	11.35	4.08	-9999	9.29	0	-9999	-9999	-9999	-9999
10	1	4.28	7.75	11.57	3.21	-9999	8.94	0	-9999	-9999	-9999	-9999
10	2	1.26	10.81	12.88	9.4	-9999	10.52	0.6	-9999	-9999	-9999	-9999
10	3	4.57	10.26	12.35	8.97	-9999	10.47	0	-9999	-9999	-9999	-9999
10	4	6.78	9.09	11.83	6.91	-9999	9.66	0	-9999	-9999	-9999	-9999
10	5	8.03	10.38	15.79	6.03	-9999	9.44	0	-9999	-9999	-9999	-9999
10	6	6.44	9.99	12.82	7.33	-9999	9.94	0	-9999	-9999	-9999	-9999
10	7	2	8.9	10.25	7.31	-9999	9.85	0	-9999	-9999	-9999	-9999
10	8	5.85	10.87	14.78	8.69	-9999	10.32	0	-9999	-9999	-9999	-9999
10	9	6.48	11	14.12	9.02	-9999	10.3	0	-9999	-9999	-9999	-9999
10	10	6.68	10.32	13.01	7.58	-9999	10.07	0	-9999	-9999	-9999	-9999
10	11	4.89	11.42	15.68	6.98	-9999	10.09	0	-9999	-9999	-9999	-9999
10	12	2.98	8.91	11.69	6.11	-9999	9.75	0	-9999	-9999	-9999	-9999
10	13	3.56	6.38	9.03	4.3	-9999	8.55	0	-9999	-9999	-9999	-9999
10	14	1.81	5.94	8.95	3.78	-9999	8.13	4.06	-9999	-9999	-9999	-9999
10	15	2.9	5.09	5.93	4.45	-9999	7.2	0	-9999	-9999	-9999	-9999
10	16	2.17	3.71	4.41	1.74	-9999	6.77	0	-9999	-9999	-9999	-9999
10	17	4.29	2.23	4.36	0.67	-9999	6.16	0	-9999	-9999	-9999	-9999
10	18	5.25	3.89	8.32	0.79	-9999	5.87	0	-9999	-9999	-9999	-9999
10	19	1.9	1.14	3.18	-0.7	-9999	5.05	0.2	-9999	-9999	-9999	-9999
10	20	4.46	5.96	8.55	3.38	-9999	6.35	0	-9999	-9999	-9999	-9999
10	21	0.85	6.7	8.59	2.67	-9999	7.62	4.03	-9999	-9999	-9999	-9999
10	22	0.68	3.95	7.07	0.2	-9999	6.77	18.04	-9999	-9999	-9999	-9999
10	23	1.41	-0.95	0.01	-2.49	-9999	4.66	0.2	-9999	-9999	-9999	-9999
10	24	2.23	-2.85	-1.58	-3.9	-9999	3.84	0	-9999	-9999	-9999	-9999
10	25	3.41	-2.03	0.62	-4.62	-9999	3.11	0	-9999	-9999	-9999	-9999
10	26	0.91	-1.82	0.29	-3.18	-9999	3.54	0	-9999	-9999	-9999	-9999
10	27	1.81	-3.89	-3.03	-4.72	-9999	3.61	0	-9999	-9999	-9999	-9999
10	28	0.61	-0.22	4.08	-4.8	-9999	3.42	3.67	-9999	-9999	-9999	-9999
10	29	3.94	4.81	7.53	2.8	-9999	4	0	-9999	-9999	-9999	-9999
10	30	0.65	6.91	8.14	5.09	-9999	5.96	0	-9999	-9999	-9999	-9999
10	31	0.45	6.96	7.95	5.59	-9999	6.83	0	-9999	-9999	-9999	-9999
11	1	2.94	5.57	7.98	1.74	-9999	6.61	0	-9999	-9999	-9999	-9999
11	2	0.58	4.58	6.71	1.69	-9999	5.63	1.81	-9999	-9999	-9999	-9999
11	3	1.33	6.84	7.51	6.12	-9999	6.87	0	-9999	-9999	-9999	-9999
11	4	0.22	6.61	8.73	4.92	-9999	7.08	8.49	-9999	-9999	-9999	-9999
11	5	0.44	8.75	9.48	6.58	-9999	8.18	4.07	-9999	-9999	-9999	-9999
11	6	0.5	6.78	7.94	5.21	-9999	7.79	3.82	-9999	-9999	-9999	-9999
11	7	0.31	6.96	8.74	5.25	-9999	7.6	1.8	-9999	-9999	-9999	-9999
11	8	0.92	6.66	7.5	4.7	-9999	7.59	3.03	-9999	-9999	-9999	-9999
11	9	0.4	7.31	7.99	5.73	-9999	7.3	0	-9999	-9999	-9999	-9999
11	10	0.38	6.95	7.86	5.18	-9999	7.36	0.2	-9999	-9999	-9999	-9999
11	11	1.31	5.27	6.6	2.72	-9999	6.9	2.63	-9999	-9999	-9999	-9999
11	12	0.26	6	9.27	2.63	-9999	6.67	0.4	-9999	-9999	-9999	-9999
11	13	1.27	6.74	9.31	5.13	-9999	7.18	3.62	-9999	-9999	-9999	-9999
11	14	0.5	4.55	6.95	2.89	-9999	6.44	3.4	-9999	-9999	-9999	-9999
11	15	0.45	3.96	7.31	-1.27	-9999	6.4	11.94	-9999	-9999	-9999	-9999
11	16	0.84	-1.64	-0.91	-2.54	-9999	4.11	0	-9999	-9999	-9999	-9999
11	17	0.7	-1.81	-1.33	-2.69	-9999	3.54	0	-9999	-9999	-9999	-9999
11	18	0.9	-2.39	-1.39	-3.46	-9999	3.03	0	-9999	-9999	-9999	-9999
11	19	0.69	-2.12	-1.04	-2.83	-9999	2.78	0	-9999	-9999	-9999	-9999
11	20	0.77	-2.22	-1.58	-2.75	-9999	2.66	0	-9999	-9999	-9999	-9999
11	21	0.44	-2.27	-1.62	-3.73	-9999	2.7	0	-9999	-9999	-9999	-9999
11	22	0.41	-1.35	0.81	-3.74	-9999	2.52	0	-9999	-9999	-9999	-9999
11	23	0.25	1.34	1.99	0.64	-9999	3.14	0	-9999	-9999	-9999	-9999
11	24	0.13	3.01	4.02	2.02	-9999	4.17	0.4	-9999	-9999	-9999	-9999
11	25	0.15	0.36	3.43	-1.3	-9999	3.88	0.2	-9999	-9999	-9999	-9999
11	26	0.21	-1.29	-0.53	-1.71	-9999	3.08	0	-9999	-9999	-9999	-9999
11	27	0.57	-1.14	-0.62	-1.45	-9999	3.04	0	-9999	-9999	-9999	-9999
11	28	0.22	-0.55	1.01	-1.37	-9999	2.96	0.2	-9999	-9999	-9999	-9999
11	29	0.34	-0.29	0.96	-2.28	-9999	2.77	1.26	-9999	-9999	-9999	-9999
11	30	0.51	-1.93	-0.99	-3.04	-9999	2.8	0	-9999	-9999	-9999	-9999
12	1	0.65	-3.37	-1.84	-4.72	-9999	2.79	0	-9999	-9999	-9999	-9999
12	2	0.37	-0.27	0.98	-1.52	-9999	2.72	0	-9999	-9999	-9999	-9999
12	3	0.39	-1.55	0.1	-5.22	-9999	2.69	0	-9999	-9999	-9999	-9999
12	4	0.67	-5.63	-4.24	-6.83	-9999	2.14	0	-9999	-9999	-9999	-9999
12	5	0.08	-3.21	-2.02	-4.53	-9999	1.78	0	-9999	-9999	-9999	-9999
12	6	0.14	-1.14	-0.73	-1.97	-9999	1.96	0	-9999	-9999	-9999	-9999
12	7	0.14	-2.63	-1.49	-3.19	-9999	2.21	0	-9999	-9999	-9999	-9999
12	8	0.23	-5.45	-2.32	-7.76	-9999	2.04	0	-9999	-9999	-9999	-9999
12	9	0.26	-6.89	-4.71	-8.5	-9999	1.55	0	-9999	-9999	-9999	-9999
12	10	0.33	-5.34	-2.8	-7.95	-9999	1.37	0	-9999	-9999	-9999	-9999
12	11	0.25	-1.32	0.87	-2.72	-9999	1.46	0	-9999	-9999	-9999	-9999
12	12	0.49	1.85	3.09	0.5	-9999	1.7	0	-9999	-9999	-9999	-9999
12	13	0.43	-0.34	2.07	-4.79	-9999	1.89	0	-9999	-9999	-9999	-9999
12	14	0.74	-4.11	-0.11	-6.08	-9999	1.55	0	-9999	-9999	-9999	-9999
12	15	0.22	-1.31	-0.26	-2.32	-9999	1.53	0	-9999	-9999	-9999	-9999
12	16	0.32	-6.9	-2.35	-11.15	-9999	1.67	0	-9999	-9999	-9999	-9999
12	17	0.36	-13.2	-11.32	-15.92	-9999	1.12	0	-9999	-9999	-9999	-9999
12	18	0.76	-12.34	-9.74	-16.16	-9999	0.6	0	-9999	-9999	-9999	-9999
12	19	0.41	-7.18	-5.45	-9.62	-9999	0.47	0	-9999	-9999	-9999	-9999
12	20	0.4	-9.34	-6.11	-11.58	-9999	0.42	0	-9999	-9999	-9999	-9999
12	21	0.65	-11.5	-8.79	-13.48	-9999	0.11	0	-9999	-9999	-9999	-9999
12	22	0.92	-10.81	-8.99	-13.1	-9999	-0.08	0	-9999	-9999	-9999	-9999
12	23	0.17	-6.64	-1.96	-9.63	-9999	0.18	0	-9999	-9999	-9999	-9999
12	24	0.11	-3.5	-0.2	-8.39	-9999	0.6	0	-9999	-9999	-9999	-9999
12	25	0.26	-6.93	-4.08	-8.1	-9999	0.67	0	-9999	-9999	-9999	-9999
12	26	0.42	-9.38	-6.94	-12.97	-9999	0.6	0	-9999	-9999	-9999	-9999
12	27	0.25	-9.43	-7.82	-10.96	-9999	0.49	0	-9999	-9999	-9999	-9999
12	28	0.27	-9.54	-8.33	-10.8	-9999	0.53	0	-9999	-9999	-9999	-9999
12	29	0.18	-9.93	-6.92	-11.47	-9999	0.51	0	-9999	-9999	-9999	-9999
12	30	0.15	-4.25	-2.44	-6.69	-9999	0.58	0	-9999	-9999	-9999	-9999
12	31	0.18	-4.81	-0.24	-7.63	-9999	0.66	0.2	-9999	-9999	-9999	-9999
