 Month	n_days	Rg_f	Ta_f	Tmax	Tmin	VPD_f	Ts_f	Precip	SWC	LAI	ET	Littfall
  1	1	0.98000000000	-4.24000000000	-2.73000000000	-5.69000000000	0.29000000000	-1.66000000000	-9999.00000000000	38.80000000000	
  -9999.00000000000	-9999.00000000000	-9999.00000000000
  1	2	2.52000000000	-5.12000000000	-3.44000000000	-5.62000000000	0.69000000000	-1.60000000000	-9999.00000000000	38.66000000000	
  -9999.00000000000	-9999.00000000000	-9999.00000000000
  1	3	5.64000000000	-5.18000000000	-2.14000000000	-6.85000000000	1.41000000000	-1.96000000000	-9999.00000000000	38.71000000000	
  -9999.00000000000	-9999.00000000000	-9999.00000000000
  1	4	6.67000000000	-5.64000000000	-1.37000000000	-8.18000000000	1.50000000000	-2.43000000000	-9999.00000000000	38.68000000000	
  -9999.00000000000	-9999.00000000000	-9999.00000000000
  1	5	2.73000000000	-5.92000000000	-4.11000000000	-7.99000000000	1.17000000000	-2.36000000000	-9999.00000000000	38.44000000000	
  -9999.00000000000	-9999.00000000000	-9999.00000000000
  1	6	6.66000000000	-3.50000000000	2.11000000000	-6.44000000000	1.32000000000	-2.19000000000	-9999.00000000000	38.14000000000	
  -9999.00000000000	-9999.00000000000	-9999.00000000000
  1	7	6.95000000000	-3.64000000000	-0.18000000000	-6.00000000000	1.07000000000	-1.74000000000	-9999.00000000000	37.89000000000	
  -9999.00000000000	-9999.00000000000	-9999.00000000000
  1	8	3.32000000000	-5.96000000000	-4.07000000000	-7.95000000000	0.53000000000	-1.95000000000	-9999.00000000000	37.77000000000	
  -9999.00000000000	-9999.00000000000	-9999.00000000000
  1	9	7.78000000000	-4.96000000000	0.72000000000	-8.85000000000	1.51000000000	-2.80000000000	-9999.00000000000	18.86000000000	
  -9999.00000000000	-9999.00000000000	-9999.00000000000
  1	10	7.18000000000	-4.46000000000	-0.20000000000	-7.00000000000	2.60000000000	-2.61000000000	-9999.00000000000	0.00000000000	
  -9999.00000000000	-9999.00000000000	-9999.00000000000
  1	11	7.25000000000	-3.54000000000	-0.20000000000	-7.00000000000	2.92000000000	-2.61000000000	-9999.00000000000	8.99000000000	
  -9999.00000000000	-9999.00000000000	-9999.00000000000
  1	12	7.00000000000	-0.92000000000	3.88000000000	-3.04000000000	4.33000000000	-2.48000000000	-9999.00000000000	35.52000000000	
  -9999.00000000000	-9999.00000000000	-9999.00000000000
  1	13	7.51000000000	-0.93000000000	4.55000000000	-3.69000000000	4.34000000000	-2.65000000000	-9999.00000000000	34.82000000000	
  -9999.00000000000	-9999.00000000000	-9999.00000000000
  1	14	7.43000000000	-0.90000000000	5.43000000000	-3.44000000000	4.77000000000	-2.64000000000	-9999.00000000000	34.10000000000	
  -9999.00000000000	-9999.00000000000	-9999.00000000000
  1	15	7.67000000000	-4.67000000000	0.99000000000	-8.03000000000	2.54000000000	-3.33000000000	-9999.00000000000	33.53000000000	
  -9999.00000000000	-9999.00000000000	-9999.00000000000
  1	16	7.65000000000	-8.48000000000	-4.31000000000	-10.73000000000	1.07000000000	-4.31000000000	-9999.00000000000	32.77000000000	
  -9999.00000000000	-9999.00000000000	-9999.00000000000
  1	17	2.88000000000	-8.02000000000	-6.37000000000	-10.51000000000	0.55000000000	-3.71000000000	-9999.00000000000	32.00000000000	
  -9999.00000000000	-9999.00000000000	-9999.00000000000
  1	18	4.85000000000	-4.39000000000	-1.58000000000	-6.56000000000	0.61000000000	-2.08000000000	-9999.00000000000	32.10000000000	
  -9999.00000000000	-9999.00000000000	-9999.00000000000
  1	19	8.04000000000	-2.30000000000	3.26000000000	-5.54000000000	2.43000000000	-2.28000000000	-9999.00000000000	32.39000000000	
  -9999.00000000000	-9999.00000000000	-9999.00000000000
  1	20	8.00000000000	0.48000000000	8.23000000000	-3.08000000000	4.09000000000	-1.95000000000	-9999.00000000000	32.45000000000	
  -9999.00000000000	-9999.00000000000	-9999.00000000000
  1	21	8.18000000000	-0.57000000000	5.19000000000	-4.97000000000	2.73000000000	-1.67000000000	-9999.00000000000	32.55000000000	
  -9999.00000000000	-9999.00000000000	-9999.00000000000
  1	22	7.69000000000	-5.01000000000	-2.77000000000	-7.06000000000	1.88000000000	-2.68000000000	-9999.00000000000	32.66000000000	
  -9999.00000000000	-9999.00000000000	-9999.00000000000
  1	23	8.65000000000	-5.64000000000	-0.70000000000	-9.48000000000	2.93000000000	-3.65000000000	-9999.00000000000	32.51000000000	
  -9999.00000000000	-9999.00000000000	-9999.00000000000
  1	24	8.77000000000	-4.71000000000	1.06000000000	-8.21000000000	3.53000000000	-3.81000000000	-9999.00000000000	31.96000000000	
  -9999.00000000000	-9999.00000000000	-9999.00000000000
  1	25	6.74000000000	-6.18000000000	-1.70000000000	-8.45000000000	2.91000000000	-4.25000000000	-9999.00000000000	31.40000000000	
  -9999.00000000000	-9999.00000000000	-9999.00000000000
  1	26	5.89000000000	-10.03000000000	-6.39000000000	-12.09000000000	1.34000000000	-4.76000000000	-9999.00000000000	31.00000000000	
  -9999.00000000000	-9999.00000000000	-9999.00000000000
  1	27	2.32000000000	-7.26000000000	-4.72000000000	-10.31000000000	0.43000000000	-3.40000000000	-9999.00000000000	30.67000000000	
  -9999.00000000000	-9999.00000000000	-9999.00000000000
  1	28	3.18000000000	-2.61000000000	-0.08000000000	-5.77000000000	0.48000000000	-1.73000000000	-9999.00000000000	30.66000000000	
  -9999.00000000000	-9999.00000000000	-9999.00000000000
  1	29	5.10000000000	-0.62000000000	2.16000000000	-2.33000000000	0.62000000000	-0.87000000000	-9999.00000000000	30.88000000000	
  -9999.00000000000	-9999.00000000000	-9999.00000000000
  1	30	8.63000000000	1.53000000000	7.02000000000	-1.77000000000	1.29000000000	-0.77000000000	-9999.00000000000	31.19000000000	
  -9999.00000000000	-9999.00000000000	-9999.00000000000
  1	31	9.10000000000	5.60000000000	11.94000000000	0.83000000000	6.21000000000	-0.66000000000	-9999.00000000000	31.45000000000	
  -9999.00000000000	-9999.00000000000	-9999.00000000000
  2	1	9.83000000000	6.45000000000	12.28000000000	2.86000000000	7.80000000000	-0.21000000000	-9999.00000000000	31.69000000000	
  -9999.00000000000	-9999.00000000000	-9999.00000000000
  2	2	10.00000000000	4.14000000000	9.75000000000	0.60000000000	5.86000000000	-0.42000000000	-9999.00000000000	31.94000000000	
  -9999.00000000000	-9999.00000000000	-9999.00000000000
  2	3	9.80000000000	1.12000000000	6.06000000000	-1.98000000000	3.91000000000	-1.03000000000	-9999.00000000000	32.11000000000	
  -9999.00000000000	-9999.00000000000	-9999.00000000000
  2	4	10.34000000000	-0.54000000000	4.32000000000	-3.18000000000	3.69000000000	-1.71000000000	-9999.00000000000	32.08000000000	
  -9999.00000000000	-9999.00000000000	-9999.00000000000
  2	5	10.82000000000	-4.21000000000	0.38000000000	-6.83000000000	3.18000000000	-2.51000000000	-9999.00000000000	31.90000000000	
  -9999.00000000000	-9999.00000000000	-9999.00000000000
  2	6	11.24000000000	-5.05000000000	-2.49000000000	-7.61000000000	2.12000000000	-2.90000000000	-9999.00000000000	31.57000000000	
  -9999.00000000000	-9999.00000000000	-9999.00000000000
  2	7	9.37000000000	-1.74000000000	3.92000000000	-5.29000000000	2.10000000000	-2.07000000000	-9999.00000000000	31.29000000000	
  -9999.00000000000	-9999.00000000000	-9999.00000000000
  2	8	7.09000000000	-2.36000000000	3.23000000000	-6.31000000000	1.77000000000	-1.73000000000	-9999.00000000000	31.30000000000	
  -9999.00000000000	-9999.00000000000	-9999.00000000000
  2	9	10.39000000000	-5.10000000000	0.82000000000	-8.63000000000	2.00000000000	-2.77000000000	-9999.00000000000	31.33000000000	
  -9999.00000000000	-9999.00000000000	-9999.00000000000
  2	10	11.65000000000	-7.37000000000	-2.77000000000	-10.14000000000	1.87000000000	-3.96000000000	-9999.00000000000	31.18000000000	
  -9999.00000000000	-9999.00000000000	-9999.00000000000
  2	11	11.74000000000	-7.60000000000	-3.23000000000	-9.59000000000	1.93000000000	-4.07000000000	-9999.00000000000	30.75000000000	
  -9999.00000000000	-9999.00000000000	-9999.00000000000
  2	12	11.79000000000	-6.29000000000	-1.29000000000	-9.89000000000	2.69000000000	-4.41000000000	-9999.00000000000	30.21000000000	
  -9999.00000000000	-9999.00000000000	-9999.00000000000
  2	13	12.02000000000	-3.74000000000	1.60000000000	-7.80000000000	3.64000000000	-3.70000000000	-9999.00000000000	29.73000000000	
  -9999.00000000000	-9999.00000000000	-9999.00000000000
  2	14	12.08000000000	-1.63000000000	3.40000000000	-5.21000000000	3.70000000000	-2.88000000000	-9999.00000000000	29.47000000000	
  -9999.00000000000	-9999.00000000000	-9999.00000000000
  2	15	3.54000000000	-4.37000000000	-2.98000000000	-5.62000000000	0.99000000000	-2.28000000000	-9999.00000000000	29.37000000000	
  -9999.00000000000	-9999.00000000000	-9999.00000000000
  2	16	1.10000000000	-2.39000000000	-1.27000000000	-3.72000000000	0.14000000000	-1.29000000000	-9999.00000000000	29.40000000000	
  -9999.00000000000	-9999.00000000000	-9999.00000000000
  2	17	7.96000000000	-2.41000000000	-0.10000000000	-4.07000000000	0.35000000000	-0.98000000000	-9999.00000000000	29.61000000000	
  -9999.00000000000	-9999.00000000000	-9999.00000000000
  2	18	0.97000000000	-3.46000000000	-2.43000000000	-4.98000000000	0.20000000000	-1.55000000000	-9999.00000000000	29.96000000000	
  -9999.00000000000	-9999.00000000000	-9999.00000000000
  2	19	6.97000000000	-3.13000000000	-1.82000000000	-4.95000000000	0.35000000000	-1.17000000000	-9999.00000000000	30.24000000000	
  -9999.00000000000	-9999.00000000000	-9999.00000000000
  2	20	3.26000000000	-2.37000000000	-1.21000000000	-3.37000000000	0.32000000000	-0.74000000000	-9999.00000000000	30.52000000000	
  -9999.00000000000	-9999.00000000000	-9999.00000000000
  2	21	3.06000000000	-3.00000000000	-0.71000000000	-4.78000000000	0.44000000000	-0.89000000000	-9999.00000000000	30.81000000000	
  -9999.00000000000	-9999.00000000000	-9999.00000000000
  2	22	5.95000000000	-2.89000000000	-0.37000000000	-4.69000000000	0.50000000000	-0.92000000000	-9999.00000000000	31.09000000000	
  -9999.00000000000	-9999.00000000000	-9999.00000000000
  2	23	7.82000000000	-3.63000000000	-0.16000000000	-4.97000000000	0.60000000000	-0.91000000000	-9999.00000000000	31.35000000000	
  -9999.00000000000	-9999.00000000000	-9999.00000000000
  2	24	5.86000000000	-3.51000000000	-2.26000000000	-5.31000000000	0.89000000000	-1.20000000000	-9999.00000000000	31.60000000000	
  -9999.00000000000	-9999.00000000000	-9999.00000000000
  2	25	4.29000000000	-3.46000000000	-2.01000000000	-5.19000000000	0.54000000000	-0.90000000000	-9999.00000000000	31.82000000000	
  -9999.00000000000	-9999.00000000000	-9999.00000000000
  2	26	8.51000000000	-4.39000000000	-0.55000000000	-6.50000000000	0.57000000000	-1.00000000000	-9999.00000000000	32.01000000000	
  -9999.00000000000	-9999.00000000000	-9999.00000000000
  2	27	15.20000000000	-6.47000000000	-1.81000000000	-9.53000000000	1.08000000000	-1.92000000000	-9999.00000000000	32.22000000000	
  -9999.00000000000	-9999.00000000000	-9999.00000000000
  2	28	11.77000000000	-8.09000000000	-3.92000000000	-10.98000000000	1.08000000000	-2.73000000000	-9999.00000000000	32.31000000000	
  -9999.00000000000	-9999.00000000000	-9999.00000000000
  3	1	11.73000000000	-9.20000000000	-5.08000000000	-12.35000000000	0.83000000000	-2.93000000000	-9999.00000000000	32.25000000000	
  -9999.00000000000	-9999.00000000000	-9999.00000000000
  3	2	10.38000000000	-9.40000000000	-5.06000000000	-12.44000000000	1.06000000000	-3.07000000000	-9999.00000000000	32.12000000000	
  -9999.00000000000	-9999.00000000000	-9999.00000000000
  3	3	12.44000000000	-6.63000000000	-3.88000000000	-10.50000000000	1.01000000000	-2.75000000000	-9999.00000000000	31.98000000000	
  -9999.00000000000	-9999.00000000000	-9999.00000000000
  3	4	0.96000000000	-2.28000000000	-0.18000000000	-4.10000000000	0.14000000000	-1.31000000000	-9999.00000000000	31.91000000000	
  -9999.00000000000	-9999.00000000000	-9999.00000000000
  3	5	4.61000000000	-4.45000000000	0.00000000000	-9.91000000000	0.34000000000	-0.71000000000	-9999.00000000000	32.01000000000	
  -9999.00000000000	-9999.00000000000	-9999.00000000000
  3	6	16.97000000000	-9.24000000000	-6.50000000000	-11.39000000000	1.12000000000	-2.14000000000	-9999.00000000000	32.21000000000	
  -9999.00000000000	-9999.00000000000	-9999.00000000000
  3	7	16.22000000000	-8.99000000000	-5.11000000000	-11.46000000000	1.42000000000	-2.53000000000	-9999.00000000000	32.29000000000	
  -9999.00000000000	-9999.00000000000	-9999.00000000000
  3	8	14.26000000000	-8.17000000000	-3.77000000000	-11.76000000000	1.53000000000	-2.81000000000	-9999.00000000000	32.24000000000	
  -9999.00000000000	-9999.00000000000	-9999.00000000000
  3	9	15.64000000000	-3.33000000000	4.14000000000	-8.64000000000	1.23000000000	-1.74000000000	-9999.00000000000	32.18000000000	
  -9999.00000000000	-9999.00000000000	-9999.00000000000
  3	10	10.17000000000	-2.46000000000	2.59000000000	-5.07000000000	1.46000000000	-1.07000000000	-9999.00000000000	32.27000000000	
  -9999.00000000000	-9999.00000000000	-9999.00000000000
  3	11	14.96000000000	-4.21000000000	0.29000000000	-6.69000000000	2.18000000000	-1.60000000000	-9999.00000000000	32.46000000000	
  -9999.00000000000	-9999.00000000000	-9999.00000000000
  3	12	13.65000000000	-11.66000000000	-5.65000000000	-14.93000000000	1.12000000000	-2.64000000000	-9999.00000000000	32.59000000000	
  -9999.00000000000	-9999.00000000000	-9999.00000000000
  3	13	17.92000000000	-5.55000000000	0.69000000000	-14.25000000000	2.72000000000	-2.90000000000	-9999.00000000000	32.48000000000	
  -9999.00000000000	-9999.00000000000	-9999.00000000000
  3	14	18.08000000000	-2.36000000000	2.58000000000	-7.06000000000	2.71000000000	-1.89000000000	-9999.00000000000	32.30000000000	
  -9999.00000000000	-9999.00000000000	-9999.00000000000
  3	15	18.42000000000	-2.02000000000	4.10000000000	-5.42000000000	2.14000000000	-1.56000000000	-9999.00000000000	32.46000000000	
  -9999.00000000000	-9999.00000000000	-9999.00000000000
  3	16	7.34000000000	-3.82000000000	-0.34000000000	-5.13000000000	0.47000000000	-1.13000000000	-9999.00000000000	32.86000000000	
  -9999.00000000000	-9999.00000000000	-9999.00000000000
  3	17	17.78000000000	-2.35000000000	3.51000000000	-6.49000000000	1.05000000000	-1.07000000000	-9999.00000000000	33.35000000000	
  -9999.00000000000	-9999.00000000000	-9999.00000000000
  3	18	8.62000000000	-3.95000000000	0.87000000000	-5.57000000000	0.51000000000	-0.97000000000	-9999.00000000000	33.81000000000	
  -9999.00000000000	-9999.00000000000	-9999.00000000000
  3	19	17.79000000000	-1.43000000000	5.04000000000	-6.63000000000	1.41000000000	-1.00000000000	-9999.00000000000	34.31000000000	
  -9999.00000000000	-9999.00000000000	-9999.00000000000
  3	20	19.16000000000	0.07000000000	6.63000000000	-3.63000000000	2.11000000000	-0.86000000000	-9999.00000000000	35.38000000000	
  -9999.00000000000	-9999.00000000000	-9999.00000000000
  3	21	11.18000000000	-1.43000000000	3.57000000000	-4.12000000000	0.50000000000	-0.56000000000	-9999.00000000000	37.65000000000	
  -9999.00000000000	-9999.00000000000	-9999.00000000000
  3	22	13.74000000000	1.33000000000	6.72000000000	-2.05000000000	0.96000000000	-0.12000000000	-9999.00000000000	38.97000000000	
  -9999.00000000000	-9999.00000000000	-9999.00000000000
  3	23	12.42000000000	2.34000000000	5.57000000000	-0.31000000000	2.63000000000	0.17000000000	-9999.00000000000	40.18000000000	
  -9999.00000000000	-9999.00000000000	-9999.00000000000
  3	24	2.25000000000	-0.94000000000	0.02000000000	-1.38000000000	0.02000000000	0.19000000000	-9999.00000000000	41.18000000000	
  -9999.00000000000	-9999.00000000000	-9999.00000000000
  3	25	13.39000000000	1.55000000000	6.29000000000	-1.66000000000	0.64000000000	0.19000000000	-9999.00000000000	42.06000000000	
  -9999.00000000000	-9999.00000000000	-9999.00000000000
  3	26	16.62000000000	5.53000000000	12.05000000000	0.83000000000	2.44000000000	0.24000000000	-9999.00000000000	43.09000000000	
  -9999.00000000000	-9999.00000000000	-9999.00000000000
  3	27	5.96000000000	2.65000000000	4.65000000000	0.87000000000	0.22000000000	0.31000000000	-9999.00000000000	44.00000000000	
  -9999.00000000000	-9999.00000000000	-9999.00000000000
  3	28	1.22000000000	1.30000000000	2.33000000000	-1.48000000000	0.00000000000	0.40000000000	-9999.00000000000	44.95000000000	
  -9999.00000000000	-9999.00000000000	-9999.00000000000
  3	29	17.93000000000	-0.67000000000	2.44000000000	-4.10000000000	0.32000000000	0.25000000000	-9999.00000000000	46.35000000000	
  -9999.00000000000	-9999.00000000000	-9999.00000000000
  3	30	13.10000000000	1.40000000000	5.00000000000	-1.23000000000	1.64000000000	0.21000000000	-9999.00000000000	47.18000000000	
  -9999.00000000000	-9999.00000000000	-9999.00000000000
  3	31	19.37000000000	4.36000000000	10.76000000000	0.16000000000	1.46000000000	0.31000000000	-9999.00000000000	47.84000000000	
  -9999.00000000000	-9999.00000000000	-9999.00000000000
  4	1	16.45000000000	3.81000000000	9.27000000000	0.80000000000	1.14000000000	0.69000000000	-9999.00000000000	48.47000000000	
  -9999.00000000000	-9999.00000000000	-9999.00000000000
  4	2	18.71000000000	4.86000000000	10.54000000000	1.28000000000	2.49000000000	0.95000000000	-9999.00000000000	48.91000000000	
  -9999.00000000000	-9999.00000000000	-9999.00000000000
  4	3	12.53000000000	1.91000000000	5.64000000000	-1.23000000000	1.76000000000	0.61000000000	-9999.00000000000	49.33000000000	
  -9999.00000000000	-9999.00000000000	-9999.00000000000
  4	4	23.36000000000	1.25000000000	5.43000000000	-2.62000000000	3.21000000000	0.24000000000	-9999.00000000000	49.69000000000	
  -9999.00000000000	-9999.00000000000	-9999.00000000000
  4	5	3.98000000000	-1.53000000000	-0.34000000000	-2.45000000000	0.31000000000	0.25000000000	-9999.00000000000	49.96000000000	
  -9999.00000000000	-9999.00000000000	-9999.00000000000
  4	6	13.51000000000	-2.71000000000	1.05000000000	-4.80000000000	0.72000000000	0.21000000000	-9999.00000000000	50.03000000000	
  -9999.00000000000	-9999.00000000000	-9999.00000000000
  4	7	23.98000000000	-0.85000000000	4.57000000000	-5.97000000000	1.88000000000	0.03000000000	-9999.00000000000	50.31000000000	
  -9999.00000000000	-9999.00000000000	-9999.00000000000
  4	8	24.25000000000	1.66000000000	7.35000000000	-2.63000000000	2.50000000000	0.03000000000	-9999.00000000000	50.89000000000	
  -9999.00000000000	-9999.00000000000	-9999.00000000000
  4	9	18.93000000000	1.26000000000	5.06000000000	-1.83000000000	1.12000000000	0.20000000000	-9999.00000000000	51.40000000000	
  -9999.00000000000	-9999.00000000000	-9999.00000000000
  4	10	3.11000000000	0.95000000000	1.70000000000	-0.28000000000	0.01000000000	0.24000000000	-9999.00000000000	52.03000000000	
  -9999.00000000000	-9999.00000000000	-9999.00000000000
  4	11	10.74000000000	-3.99000000000	-0.71000000000	-5.55000000000	0.47000000000	0.24000000000	-9999.00000000000	52.72000000000	
  -9999.00000000000	-9999.00000000000	-9999.00000000000
  4	12	14.50000000000	-2.50000000000	2.21000000000	-6.16000000000	1.51000000000	-0.04000000000	-9999.00000000000	52.48000000000	
  -9999.00000000000	-9999.00000000000	-9999.00000000000
  4	13	20.02000000000	0.86000000000	5.65000000000	-3.48000000000	2.52000000000	-0.22000000000	-9999.00000000000	52.17000000000	
  -9999.00000000000	-9999.00000000000	-9999.00000000000
  4	14	23.93000000000	5.64000000000	11.38000000000	0.31000000000	3.54000000000	0.18000000000	-9999.00000000000	51.68000000000	
  -9999.00000000000	-9999.00000000000	-9999.00000000000
  4	15	11.67000000000	3.88000000000	6.61000000000	1.95000000000	0.86000000000	0.40000000000	-9999.00000000000	51.08000000000	
  -9999.00000000000	-9999.00000000000	-9999.00000000000
  4	16	10.02000000000	3.50000000000	7.02000000000	1.86000000000	0.46000000000	0.76000000000	-9999.00000000000	50.28000000000	
  -9999.00000000000	-9999.00000000000	-9999.00000000000
  4	17	21.07000000000	4.53000000000	9.31000000000	1.25000000000	1.75000000000	1.07000000000	-9999.00000000000	49.22000000000	
  -9999.00000000000	-9999.00000000000	-9999.00000000000
  4	18	9.25000000000	3.42000000000	6.16000000000	0.96000000000	1.06000000000	1.09000000000	-9999.00000000000	49.16000000000	
  -9999.00000000000	-9999.00000000000	-9999.00000000000
  4	19	13.57000000000	4.34000000000	8.35000000000	0.32000000000	2.45000000000	1.38000000000	-9999.00000000000	48.78000000000	
  -9999.00000000000	-9999.00000000000	-9999.00000000000
  4	20	15.93000000000	4.60000000000	8.13000000000	0.82000000000	0.80000000000	1.34000000000	-9999.00000000000	49.18000000000	
  -9999.00000000000	-9999.00000000000	-9999.00000000000
  4	21	19.66000000000	5.97000000000	10.12000000000	3.45000000000	1.89000000000	2.41000000000	-9999.00000000000	48.27000000000	
  -9999.00000000000	-9999.00000000000	-9999.00000000000
  4	22	21.75000000000	7.74000000000	12.48000000000	3.77000000000	3.59000000000	2.86000000000	-9999.00000000000	47.59000000000	
  -9999.00000000000	-9999.00000000000	-9999.00000000000
  4	23	22.34000000000	7.68000000000	12.18000000000	4.55000000000	3.74000000000	3.43000000000	-9999.00000000000	46.93000000000	
  -9999.00000000000	-9999.00000000000	-9999.00000000000
  4	24	19.04000000000	7.96000000000	10.42000000000	5.32000000000	3.27000000000	3.95000000000	-9999.00000000000	46.31000000000	
  -9999.00000000000	-9999.00000000000	-9999.00000000000
  4	25	15.31000000000	7.63000000000	11.09000000000	5.79000000000	2.74000000000	4.04000000000	-9999.00000000000	45.84000000000	
  -9999.00000000000	-9999.00000000000	-9999.00000000000
  4	26	10.30000000000	6.19000000000	8.95000000000	4.50000000000	0.92000000000	3.24000000000	-9999.00000000000	45.54000000000	
  -9999.00000000000	-9999.00000000000	-9999.00000000000
  4	27	9.49000000000	6.19000000000	8.59000000000	4.33000000000	1.41000000000	3.24000000000	-9999.00000000000	45.56000000000	
  -9999.00000000000	-9999.00000000000	-9999.00000000000
  4	28	8.84000000000	5.49000000000	7.67000000000	3.37000000000	1.09000000000	3.26000000000	-9999.00000000000	45.37000000000	
  -9999.00000000000	-9999.00000000000	-9999.00000000000
  4	29	12.11000000000	3.32000000000	7.63000000000	-3.07000000000	1.86000000000	2.50000000000	-9999.00000000000	45.17000000000	
  -9999.00000000000	-9999.00000000000	-9999.00000000000
  4	30	22.55000000000	-0.20000000000	3.56000000000	-5.32000000000	1.23000000000	0.35000000000	-9999.00000000000	45.13000000000	
  -9999.00000000000	-9999.00000000000	-9999.00000000000
  5	1	21.65000000000	3.28000000000	8.67000000000	-0.09000000000	1.94000000000	1.85000000000	-9999.00000000000	45.12000000000	
  -9999.00000000000	-9999.00000000000	-9999.00000000000
  5	2	14.48000000000	4.38000000000	9.52000000000	1.98000000000	1.56000000000	2.91000000000	-9999.00000000000	44.92000000000	
  -9999.00000000000	-9999.00000000000	-9999.00000000000
  5	3	27.85000000000	7.25000000000	12.69000000000	2.63000000000	3.04000000000	4.24000000000	-9999.00000000000	44.58000000000	
  -9999.00000000000	-9999.00000000000	-9999.00000000000
  5	4	15.91000000000	6.98000000000	11.13000000000	3.72000000000	2.70000000000	4.82000000000	-9999.00000000000	44.16000000000	
  -9999.00000000000	-9999.00000000000	-9999.00000000000
  5	5	4.04000000000	2.56000000000	3.70000000000	1.44000000000	0.32000000000	2.68000000000	-9999.00000000000	43.99000000000	
  -9999.00000000000	-9999.00000000000	-9999.00000000000
  5	6	13.83000000000	4.22000000000	7.16000000000	2.72000000000	1.23000000000	2.44000000000	-9999.00000000000	43.99000000000	
  -9999.00000000000	-9999.00000000000	-9999.00000000000
  5	7	26.68000000000	6.59000000000	11.64000000000	2.44000000000	3.30000000000	3.43000000000	-9999.00000000000	43.80000000000	
  -9999.00000000000	-9999.00000000000	-9999.00000000000
  5	8	16.23000000000	5.02000000000	9.16000000000	2.91000000000	1.34000000000	3.88000000000	-9999.00000000000	43.52000000000	
  -9999.00000000000	-9999.00000000000	-9999.00000000000
  5	9	7.53000000000	3.06000000000	4.76000000000	1.24000000000	0.32000000000	2.74000000000	-9999.00000000000	50.07000000000	
  -9999.00000000000	-9999.00000000000	-9999.00000000000
  5	10	17.57000000000	6.21000000000	10.55000000000	3.04000000000	2.75000000000	3.42000000000	-9999.00000000000	50.28000000000	
  -9999.00000000000	-9999.00000000000	-9999.00000000000
  5	11	19.42000000000	6.81000000000	12.36000000000	2.25000000000	3.08000000000	3.73000000000	-9999.00000000000	48.29000000000	
  -9999.00000000000	-9999.00000000000	-9999.00000000000
  5	12	20.77000000000	7.57000000000	12.20000000000	4.86000000000	3.09000000000	4.99000000000	-9999.00000000000	47.17000000000	
  -9999.00000000000	-9999.00000000000	-9999.00000000000
  5	13	23.01000000000	7.69000000000	11.31000000000	5.32000000000	3.45000000000	5.15000000000	-9999.00000000000	46.31000000000	
  -9999.00000000000	-9999.00000000000	-9999.00000000000
  5	14	18.07000000000	7.13000000000	11.09000000000	4.03000000000	3.16000000000	4.92000000000	-9999.00000000000	45.72000000000	
  -9999.00000000000	-9999.00000000000	-9999.00000000000
  5	15	25.63000000000	7.74000000000	11.70000000000	4.50000000000	3.34000000000	4.95000000000	-9999.00000000000	45.13000000000	
  -9999.00000000000	-9999.00000000000	-9999.00000000000
  5	16	25.30000000000	9.83000000000	14.80000000000	5.70000000000	3.01000000000	7.09000000000	-9999.00000000000	44.35000000000	
  -9999.00000000000	-9999.00000000000	-9999.00000000000
  5	17	20.89000000000	12.46000000000	17.76000000000	7.73000000000	5.86000000000	7.68000000000	-9999.00000000000	43.75000000000	
  -9999.00000000000	-9999.00000000000	-9999.00000000000
  5	18	13.99000000000	11.19000000000	14.71000000000	7.86000000000	1.91000000000	8.85000000000	-9999.00000000000	43.28000000000	
  -9999.00000000000	-9999.00000000000	-9999.00000000000
  5	19	18.80000000000	10.14000000000	14.33000000000	7.84000000000	1.63000000000	8.73000000000	-9999.00000000000	42.95000000000	
  -9999.00000000000	-9999.00000000000	-9999.00000000000
  5	20	6.31000000000	7.03000000000	8.56000000000	4.99000000000	0.45000000000	6.94000000000	-9999.00000000000	43.01000000000	
  -9999.00000000000	-9999.00000000000	-9999.00000000000
  5	21	6.79000000000	7.81000000000	9.86000000000	6.46000000000	0.57000000000	7.25000000000	-9999.00000000000	43.17000000000	
  -9999.00000000000	-9999.00000000000	-9999.00000000000
  5	22	18.52000000000	9.83000000000	13.55000000000	7.44000000000	2.29000000000	8.13000000000	-9999.00000000000	43.04000000000	
  -9999.00000000000	-9999.00000000000	-9999.00000000000
  5	23	20.75000000000	9.76000000000	12.59000000000	6.19000000000	2.79000000000	8.42000000000	-9999.00000000000	42.65000000000	
  -9999.00000000000	-9999.00000000000	-9999.00000000000
  5	24	6.70000000000	4.41000000000	6.71000000000	2.15000000000	0.89000000000	5.27000000000	-9999.00000000000	49.79000000000	
  -9999.00000000000	-9999.00000000000	-9999.00000000000
  5	25	23.78000000000	6.62000000000	10.57000000000	3.23000000000	2.98000000000	4.99000000000	-9999.00000000000	47.24000000000	
  -9999.00000000000	-9999.00000000000	-9999.00000000000
  5	26	22.53000000000	10.53000000000	16.21000000000	5.77000000000	4.99000000000	6.84000000000	-9999.00000000000	45.60000000000	
  -9999.00000000000	-9999.00000000000	-9999.00000000000
  5	27	17.53000000000	13.30000000000	17.93000000000	9.65000000000	6.06000000000	8.91000000000	-9999.00000000000	44.50000000000	
  -9999.00000000000	-9999.00000000000	-9999.00000000000
  5	28	21.93000000000	13.67000000000	17.83000000000	9.87000000000	6.97000000000	9.40000000000	-9999.00000000000	43.51000000000	
  -9999.00000000000	-9999.00000000000	-9999.00000000000
  5	29	6.25000000000	6.87000000000	9.89000000000	3.94000000000	1.77000000000	7.04000000000	-9999.00000000000	43.10000000000	
  -9999.00000000000	-9999.00000000000	-9999.00000000000
  5	30	19.60000000000	1.98000000000	4.83000000000	-1.47000000000	2.34000000000	3.36000000000	-9999.00000000000	43.73000000000	
  -9999.00000000000	-9999.00000000000	-9999.00000000000
  5	31	17.18000000000	1.47000000000	6.00000000000	-2.18000000000	3.64000000000	1.64000000000	-9999.00000000000	43.65000000000	
  -9999.00000000000	-9999.00000000000	-9999.00000000000
  6	1	14.93000000000	2.58000000000	7.62000000000	-0.46000000000	3.73000000000	2.17000000000	-9999.00000000000	43.45000000000	
  -9999.00000000000	-9999.00000000000	-9999.00000000000
  6	2	29.36000000000	2.31000000000	6.69000000000	-1.27000000000	3.62000000000	2.84000000000	-9999.00000000000	42.92000000000	
  -9999.00000000000	-9999.00000000000	-9999.00000000000
  6	3	20.62000000000	3.23000000000	6.41000000000	0.66000000000	3.34000000000	3.27000000000	-9999.00000000000	42.44000000000	
  -9999.00000000000	-9999.00000000000	-9999.00000000000
  6	4	22.07000000000	6.35000000000	11.68000000000	2.90000000000	4.85000000000	4.44000000000	-9999.00000000000	42.00000000000	
  -9999.00000000000	-9999.00000000000	-9999.00000000000
  6	5	16.50000000000	6.35000000000	9.98000000000	2.61000000000	4.72000000000	4.69000000000	-9999.00000000000	41.55000000000	
  -9999.00000000000	-9999.00000000000	-9999.00000000000
  6	6	15.86000000000	5.28000000000	9.55000000000	2.09000000000	3.55000000000	4.33000000000	-9999.00000000000	41.16000000000	
  -9999.00000000000	-9999.00000000000	-9999.00000000000
  6	7	24.02000000000	5.71000000000	10.19000000000	1.26000000000	5.15000000000	4.07000000000	-9999.00000000000	40.64000000000	
  -9999.00000000000	-9999.00000000000	-9999.00000000000
  6	8	27.73000000000	7.08000000000	13.21000000000	3.48000000000	4.46000000000	5.53000000000	-9999.00000000000	39.73000000000	
  -9999.00000000000	-9999.00000000000	-9999.00000000000
  6	9	12.32000000000	6.91000000000	12.89000000000	3.74000000000	2.68000000000	6.07000000000	-9999.00000000000	39.18000000000	
  -9999.00000000000	-9999.00000000000	-9999.00000000000
  6	10	27.18000000000	10.31000000000	16.27000000000	4.89000000000	5.81000000000	7.01000000000	-9999.00000000000	38.56000000000	
  -9999.00000000000	-9999.00000000000	-9999.00000000000
  6	11	30.58000000000	10.46000000000	16.74000000000	6.79000000000	5.74000000000	8.10000000000	-9999.00000000000	37.23000000000	
  -9999.00000000000	-9999.00000000000	-9999.00000000000
  6	12	23.75000000000	10.48000000000	16.52000000000	6.35000000000	3.94000000000	8.78000000000	-9999.00000000000	36.16000000000	
  -9999.00000000000	-9999.00000000000	-9999.00000000000
  6	13	23.21000000000	13.27000000000	19.99000000000	7.90000000000	5.15000000000	9.85000000000	-9999.00000000000	35.11000000000	
  -9999.00000000000	-9999.00000000000	-9999.00000000000
  6	14	28.27000000000	14.81000000000	20.47000000000	10.20000000000	6.74000000000	10.89000000000	-9999.00000000000	33.64000000000	
  -9999.00000000000	-9999.00000000000	-9999.00000000000
  6	15	29.45000000000	15.87000000000	20.83000000000	11.76000000000	7.43000000000	11.78000000000	-9999.00000000000	32.13000000000	
  -9999.00000000000	-9999.00000000000	-9999.00000000000
  6	16	22.71000000000	14.68000000000	20.60000000000	10.81000000000	5.36000000000	12.03000000000	-9999.00000000000	30.59000000000	
  -9999.00000000000	-9999.00000000000	-9999.00000000000
  6	17	20.20000000000	13.94000000000	17.84000000000	10.29000000000	3.35000000000	11.43000000000	-9999.00000000000	29.73000000000	
  -9999.00000000000	-9999.00000000000	-9999.00000000000
  6	18	26.27000000000	14.72000000000	19.56000000000	11.68000000000	4.93000000000	12.36000000000	-9999.00000000000	28.84000000000	
  -9999.00000000000	-9999.00000000000	-9999.00000000000
  6	19	28.91000000000	15.49000000000	20.03000000000	12.34000000000	5.96000000000	12.58000000000	-9999.00000000000	27.43000000000	
  -9999.00000000000	-9999.00000000000	-9999.00000000000
  6	20	27.45000000000	17.16000000000	21.76000000000	12.87000000000	8.41000000000	13.10000000000	-9999.00000000000	26.20000000000	
  -9999.00000000000	-9999.00000000000	-9999.00000000000
  6	21	22.86000000000	17.42000000000	22.06000000000	14.41000000000	8.71000000000	13.40000000000	-9999.00000000000	25.39000000000	
  -9999.00000000000	-9999.00000000000	-9999.00000000000
  6	22	28.17000000000	15.90000000000	20.04000000000	12.95000000000	6.73000000000	13.42000000000	-9999.00000000000	24.79000000000	
  -9999.00000000000	-9999.00000000000	-9999.00000000000
  6	23	27.13000000000	16.01000000000	20.29000000000	12.79000000000	6.67000000000	13.68000000000	-9999.00000000000	24.11000000000	
  -9999.00000000000	-9999.00000000000	-9999.00000000000
  6	24	25.76000000000	16.03000000000	20.82000000000	12.33000000000	4.94000000000	13.79000000000	-9999.00000000000	35.85000000000	
  -9999.00000000000	-9999.00000000000	-9999.00000000000
  6	25	20.69000000000	14.84000000000	19.21000000000	11.25000000000	3.19000000000	13.40000000000	-9999.00000000000	31.58000000000	
  -9999.00000000000	-9999.00000000000	-9999.00000000000
  6	26	28.30000000000	16.69000000000	20.91000000000	12.91000000000	5.74000000000	13.89000000000	-9999.00000000000	29.33000000000	
  -9999.00000000000	-9999.00000000000	-9999.00000000000
  6	27	29.06000000000	17.43000000000	22.29000000000	13.95000000000	7.34000000000	14.00000000000	-9999.00000000000	27.05000000000	
  -9999.00000000000	-9999.00000000000	-9999.00000000000
  6	28	21.99000000000	15.35000000000	19.04000000000	9.33000000000	3.71000000000	13.28000000000	-9999.00000000000	25.74000000000	
  -9999.00000000000	-9999.00000000000	-9999.00000000000
  6	29	6.24000000000	11.26000000000	15.57000000000	8.95000000000	1.01000000000	10.97000000000	-9999.00000000000	37.90000000000	
  -9999.00000000000	-9999.00000000000	-9999.00000000000
  6	30	27.33000000000	14.31000000000	18.86000000000	9.80000000000	7.53000000000	10.91000000000	-9999.00000000000	41.51000000000	
  -9999.00000000000	-9999.00000000000	-9999.00000000000
  7	1	28.78000000000	15.43000000000	19.58000000000	11.57000000000	9.78000000000	11.40000000000	-9999.00000000000	37.80000000000	
  -9999.00000000000	-9999.00000000000	-9999.00000000000
  7	2	26.15000000000	13.76000000000	18.08000000000	9.99000000000	5.27000000000	12.12000000000	-9999.00000000000	35.06000000000	
  -9999.00000000000	-9999.00000000000	-9999.00000000000
  7	3	21.96000000000	13.30000000000	18.95000000000	9.90000000000	3.25000000000	12.70000000000	-9999.00000000000	38.68000000000	
  -9999.00000000000	-9999.00000000000	-9999.00000000000
  7	4	27.04000000000	13.78000000000	18.88000000000	10.32000000000	2.69000000000	12.56000000000	-9999.00000000000	45.21000000000	
  -9999.00000000000	-9999.00000000000	-9999.00000000000
  7	5	16.64000000000	13.92000000000	18.96000000000	10.59000000000	3.22000000000	12.89000000000	-9999.00000000000	41.69000000000	
  -9999.00000000000	-9999.00000000000	-9999.00000000000
  7	6	18.84000000000	13.37000000000	18.21000000000	10.89000000000	2.87000000000	12.84000000000	-9999.00000000000	39.57000000000	
  -9999.00000000000	-9999.00000000000	-9999.00000000000
  7	7	16.05000000000	11.03000000000	15.01000000000	8.96000000000	1.06000000000	11.37000000000	-9999.00000000000	43.30000000000	
  -9999.00000000000	-9999.00000000000	-9999.00000000000
  7	8	14.38000000000	12.57000000000	16.36000000000	10.81000000000	1.87000000000	11.55000000000	-9999.00000000000	45.28000000000	
  -9999.00000000000	-9999.00000000000	-9999.00000000000
  7	9	20.89000000000	13.78000000000	18.31000000000	10.28000000000	3.00000000000	12.21000000000	-9999.00000000000	46.06000000000	
  -9999.00000000000	-9999.00000000000	-9999.00000000000
  7	10	27.02000000000	16.52000000000	20.50000000000	13.04000000000	8.30000000000	12.82000000000	-9999.00000000000	42.45000000000	
  -9999.00000000000	-9999.00000000000	-9999.00000000000
  7	11	21.04000000000	17.04000000000	22.35000000000	13.97000000000	6.04000000000	14.29000000000	-9999.00000000000	40.10000000000	
  -9999.00000000000	-9999.00000000000	-9999.00000000000
  7	12	20.93000000000	16.44000000000	20.80000000000	12.96000000000	6.39000000000	13.61000000000	-9999.00000000000	38.32000000000	
  -9999.00000000000	-9999.00000000000	-9999.00000000000
  7	13	21.45000000000	15.85000000000	20.30000000000	12.71000000000	5.37000000000	13.25000000000	-9999.00000000000	36.71000000000	
  -9999.00000000000	-9999.00000000000	-9999.00000000000
  7	14	27.05000000000	16.80000000000	23.08000000000	12.83000000000	7.66000000000	13.61000000000	-9999.00000000000	34.83000000000	
  -9999.00000000000	-9999.00000000000	-9999.00000000000
  7	15	25.47000000000	16.77000000000	21.71000000000	13.30000000000	7.08000000000	13.77000000000	-9999.00000000000	32.70000000000	
  -9999.00000000000	-9999.00000000000	-9999.00000000000
  7	16	24.52000000000	15.88000000000	21.45000000000	12.42000000000	5.47000000000	13.90000000000	-9999.00000000000	31.03000000000	
  -9999.00000000000	-9999.00000000000	-9999.00000000000
  7	17	25.79000000000	14.84000000000	21.26000000000	10.91000000000	5.17000000000	13.33000000000	-9999.00000000000	29.45000000000	
  -9999.00000000000	-9999.00000000000	-9999.00000000000
  7	18	28.92000000000	15.76000000000	22.10000000000	11.29000000000	6.63000000000	13.25000000000	-9999.00000000000	27.74000000000	
  -9999.00000000000	-9999.00000000000	-9999.00000000000
  7	19	28.72000000000	18.05000000000	23.28000000000	13.13000000000	9.94000000000	13.94000000000	-9999.00000000000	26.14000000000	
  -9999.00000000000	-9999.00000000000	-9999.00000000000
  7	20	28.27000000000	19.71000000000	24.39000000000	15.47000000000	12.81000000000	14.47000000000	-9999.00000000000	24.71000000000	
  -9999.00000000000	-9999.00000000000	-9999.00000000000
  7	21	28.48000000000	20.14000000000	24.55000000000	16.77000000000	13.45000000000	15.08000000000	-9999.00000000000	23.64000000000	
  -9999.00000000000	-9999.00000000000	-9999.00000000000
  7	22	22.11000000000	18.06000000000	23.45000000000	12.24000000000	8.71000000000	14.72000000000	-9999.00000000000	25.35000000000	
  -9999.00000000000	-9999.00000000000	-9999.00000000000
  7	23	14.96000000000	16.36000000000	20.89000000000	13.78000000000	3.67000000000	13.62000000000	-9999.00000000000	35.36000000000	
  -9999.00000000000	-9999.00000000000	-9999.00000000000
  7	24	26.03000000000	18.00000000000	22.68000000000	14.32000000000	8.50000000000	14.09000000000	-9999.00000000000	30.13000000000	
  -9999.00000000000	-9999.00000000000	-9999.00000000000
  7	25	25.69000000000	17.14000000000	22.81000000000	12.96000000000	4.91000000000	14.85000000000	-9999.00000000000	37.55000000000	
  -9999.00000000000	-9999.00000000000	-9999.00000000000
  7	26	26.08000000000	16.79000000000	22.80000000000	12.42000000000	5.38000000000	14.42000000000	-9999.00000000000	41.23000000000	
  -9999.00000000000	-9999.00000000000	-9999.00000000000
  7	27	28.62000000000	17.62000000000	22.68000000000	12.35000000000	8.10000000000	14.79000000000	-9999.00000000000	34.83000000000	
  -9999.00000000000	-9999.00000000000	-9999.00000000000
  7	28	25.66000000000	15.16000000000	20.23000000000	10.46000000000	3.98000000000	13.68000000000	-9999.00000000000	47.26000000000	
  -9999.00000000000	-9999.00000000000	-9999.00000000000
  7	29	12.17000000000	12.61000000000	14.88000000000	9.77000000000	1.47000000000	12.56000000000	-9999.00000000000	40.42000000000	
  -9999.00000000000	-9999.00000000000	-9999.00000000000
  7	30	22.31000000000	16.29000000000	20.33000000000	12.25000000000	6.11000000000	13.19000000000	-9999.00000000000	37.66000000000	
  -9999.00000000000	-9999.00000000000	-9999.00000000000
  7	31	25.30000000000	15.99000000000	20.15000000000	11.85000000000	4.76000000000	14.00000000000	-9999.00000000000	34.99000000000	
  -9999.00000000000	-9999.00000000000	-9999.00000000000
  8	1	11.60000000000	13.12000000000	15.88000000000	10.98000000000	0.83000000000	12.98000000000	-9999.00000000000	33.69000000000	
  -9999.00000000000	-9999.00000000000	-9999.00000000000
  8	2	21.69000000000	12.45000000000	17.05000000000	9.27000000000	2.99000000000	11.94000000000	-9999.00000000000	33.62000000000	
  -9999.00000000000	-9999.00000000000	-9999.00000000000
  8	3	8.90000000000	8.06000000000	9.90000000000	4.47000000000	0.86000000000	9.09000000000	-9999.00000000000	53.17000000000	
  -9999.00000000000	-9999.00000000000	-9999.00000000000
  8	4	15.15000000000	8.44000000000	11.73000000000	6.72000000000	3.66000000000	7.98000000000	-9999.00000000000	48.26000000000	
  -9999.00000000000	-9999.00000000000	-9999.00000000000
  8	5	15.62000000000	10.25000000000	13.74000000000	7.02000000000	4.69000000000	8.64000000000	-9999.00000000000	44.48000000000	
  -9999.00000000000	-9999.00000000000	-9999.00000000000
  8	6	16.81000000000	10.82000000000	15.68000000000	7.88000000000	4.44000000000	9.23000000000	-9999.00000000000	42.03000000000	
  -9999.00000000000	-9999.00000000000	-9999.00000000000
  8	7	15.19000000000	10.91000000000	14.26000000000	8.76000000000	4.50000000000	9.26000000000	-9999.00000000000	40.45000000000	
  -9999.00000000000	-9999.00000000000	-9999.00000000000
  8	8	17.14000000000	11.66000000000	15.98000000000	9.10000000000	5.97000000000	9.35000000000	-9999.00000000000	39.23000000000	
  -9999.00000000000	-9999.00000000000	-9999.00000000000
  8	9	23.04000000000	10.82000000000	15.84000000000	7.50000000000	4.56000000000	9.52000000000	-9999.00000000000	37.55000000000	
  -9999.00000000000	-9999.00000000000	-9999.00000000000
  8	10	15.31000000000	9.75000000000	14.75000000000	6.76000000000	2.70000000000	9.40000000000	-9999.00000000000	36.34000000000	
  -9999.00000000000	-9999.00000000000	-9999.00000000000
  8	11	16.75000000000	8.08000000000	12.41000000000	5.19000000000	2.62000000000	8.12000000000	-9999.00000000000	37.61000000000	
  -9999.00000000000	-9999.00000000000	-9999.00000000000
  8	12	7.15000000000	4.85000000000	8.20000000000	3.41000000000	0.06000000000	6.35000000000	-9999.00000000000	51.89000000000	
  -9999.00000000000	-9999.00000000000	-9999.00000000000
  8	13	22.02000000000	6.36000000000	10.79000000000	3.50000000000	1.46000000000	6.16000000000	-9999.00000000000	49.02000000000	
  -9999.00000000000	-9999.00000000000	-9999.00000000000
  8	14	10.33000000000	5.61000000000	8.66000000000	3.87000000000	0.17000000000	6.72000000000	-9999.00000000000	53.13000000000	
  -9999.00000000000	-9999.00000000000	-9999.00000000000
  8	15	24.78000000000	8.42000000000	13.15000000000	4.40000000000	1.31000000000	7.98000000000	-9999.00000000000	49.85000000000	
  -9999.00000000000	-9999.00000000000	-9999.00000000000
  8	16	7.12000000000	8.37000000000	10.66000000000	6.31000000000	0.21000000000	8.49000000000	-9999.00000000000	51.09000000000	
  -9999.00000000000	-9999.00000000000	-9999.00000000000
  8	17	13.22000000000	11.67000000000	14.42000000000	9.41000000000	0.86000000000	10.76000000000	-9999.00000000000	50.09000000000	
  -9999.00000000000	-9999.00000000000	-9999.00000000000
  8	18	16.87000000000	12.04000000000	15.71000000000	9.91000000000	1.69000000000	11.13000000000	-9999.00000000000	52.55000000000	
  -9999.00000000000	-9999.00000000000	-9999.00000000000
  8	19	13.82000000000	12.41000000000	15.62000000000	10.21000000000	2.31000000000	10.88000000000	-9999.00000000000	49.13000000000	
  -9999.00000000000	-9999.00000000000	-9999.00000000000
  8	20	18.42000000000	12.18000000000	16.95000000000	9.10000000000	2.10000000000	10.72000000000	-9999.00000000000	47.25000000000	
  -9999.00000000000	-9999.00000000000	-9999.00000000000
  8	21	18.86000000000	11.33000000000	15.66000000000	7.47000000000	4.16000000000	9.21000000000	-9999.00000000000	45.87000000000	
  -9999.00000000000	-9999.00000000000	-9999.00000000000
  8	22	18.50000000000	11.70000000000	17.10000000000	8.46000000000	3.15000000000	10.46000000000	-9999.00000000000	44.65000000000	
  -9999.00000000000	-9999.00000000000	-9999.00000000000
  8	23	21.36000000000	12.05000000000	15.18000000000	9.40000000000	4.28000000000	10.27000000000	-9999.00000000000	43.29000000000	
  -9999.00000000000	-9999.00000000000	-9999.00000000000
  8	24	13.95000000000	11.08000000000	14.89000000000	6.98000000000	1.31000000000	11.25000000000	-9999.00000000000	42.27000000000	
  -9999.00000000000	-9999.00000000000	-9999.00000000000
  8	25	23.76000000000	9.44000000000	13.79000000000	5.58000000000	3.19000000000	8.92000000000	-9999.00000000000	41.75000000000	
  -9999.00000000000	-9999.00000000000	-9999.00000000000
  8	26	20.68000000000	9.32000000000	14.19000000000	6.29000000000	2.22000000000	8.79000000000	-9999.00000000000	44.29000000000	
  -9999.00000000000	-9999.00000000000	-9999.00000000000
  8	27	14.74000000000	8.67000000000	12.66000000000	5.12000000000	1.84000000000	8.42000000000	-9999.00000000000	42.44000000000	
  -9999.00000000000	-9999.00000000000	-9999.00000000000
  8	28	9.77000000000	8.28000000000	10.55000000000	5.47000000000	1.94000000000	7.96000000000	-9999.00000000000	41.79000000000	
  -9999.00000000000	-9999.00000000000	-9999.00000000000
  8	29	12.82000000000	5.93000000000	9.27000000000	3.20000000000	2.25000000000	6.23000000000	-9999.00000000000	44.68000000000	
  -9999.00000000000	-9999.00000000000	-9999.00000000000
  8	30	19.89000000000	6.05000000000	10.72000000000	3.24000000000	3.60000000000	5.61000000000	-9999.00000000000	44.03000000000	
  -9999.00000000000	-9999.00000000000	-9999.00000000000
  8	31	24.19000000000	8.36000000000	12.63000000000	3.92000000000	5.25000000000	5.99000000000	-9999.00000000000	42.05000000000	
  -9999.00000000000	-9999.00000000000	-9999.00000000000
  9	1	23.12000000000	11.30000000000	16.79000000000	6.94000000000	6.27000000000	7.37000000000	-9999.00000000000	40.48000000000	
  -9999.00000000000	-9999.00000000000	-9999.00000000000
  9	2	22.06000000000	13.00000000000	17.97000000000	8.85000000000	5.47000000000	9.50000000000	-9999.00000000000	39.03000000000	
  -9999.00000000000	-9999.00000000000	-9999.00000000000
  9	3	17.26000000000	14.59000000000	19.41000000000	10.87000000000	5.02000000000	11.26000000000	-9999.00000000000	37.84000000000	
  -9999.00000000000	-9999.00000000000	-9999.00000000000
  9	4	22.18000000000	18.75000000000	24.69000000000	13.21000000000	9.33000000000	12.71000000000	-9999.00000000000	36.60000000000	
  -9999.00000000000	-9999.00000000000	-9999.00000000000
  9	5	22.45000000000	19.11000000000	23.79000000000	15.41000000000	12.69000000000	12.64000000000	-9999.00000000000	35.06000000000	
  -9999.00000000000	-9999.00000000000	-9999.00000000000
  9	6	21.78000000000	17.33000000000	21.47000000000	14.56000000000	8.64000000000	12.89000000000	-9999.00000000000	33.55000000000	
  -9999.00000000000	-9999.00000000000	-9999.00000000000
  9	7	16.18000000000	15.34000000000	19.28000000000	11.86000000000	2.33000000000	14.08000000000	-9999.00000000000	35.63000000000	
  -9999.00000000000	-9999.00000000000	-9999.00000000000
  9	8	16.99000000000	13.85000000000	17.46000000000	10.57000000000	5.61000000000	11.32000000000	-9999.00000000000	42.96000000000	
  -9999.00000000000	-9999.00000000000	-9999.00000000000
  9	9	22.02000000000	12.79000000000	17.60000000000	9.13000000000	5.31000000000	9.93000000000	-9999.00000000000	40.10000000000	
  -9999.00000000000	-9999.00000000000	-9999.00000000000
  9	10	21.32000000000	13.07000000000	18.39000000000	9.00000000000	3.86000000000	10.55000000000	-9999.00000000000	38.16000000000	
  -9999.00000000000	-9999.00000000000	-9999.00000000000
  9	11	20.34000000000	13.27000000000	19.48000000000	9.74000000000	4.91000000000	10.58000000000	-9999.00000000000	36.56000000000	
  -9999.00000000000	-9999.00000000000	-9999.00000000000
  9	12	20.85000000000	12.21000000000	18.02000000000	8.61000000000	5.62000000000	9.42000000000	-9999.00000000000	35.10000000000	
  -9999.00000000000	-9999.00000000000	-9999.00000000000
  9	13	20.65000000000	11.03000000000	16.42000000000	8.08000000000	4.03000000000	9.21000000000	-9999.00000000000	33.79000000000	
  -9999.00000000000	-9999.00000000000	-9999.00000000000
  9	14	7.04000000000	9.57000000000	12.86000000000	8.06000000000	1.65000000000	9.36000000000	-9999.00000000000	33.09000000000	
  -9999.00000000000	-9999.00000000000	-9999.00000000000
  9	15	2.84000000000	9.82000000000	11.13000000000	8.40000000000	0.31000000000	9.64000000000	-9999.00000000000	45.04000000000	
  -9999.00000000000	-9999.00000000000	-9999.00000000000
  9	16	13.03000000000	11.09000000000	15.52000000000	8.85000000000	0.77000000000	10.24000000000	-9999.00000000000	48.72000000000	
  -9999.00000000000	-9999.00000000000	-9999.00000000000
  9	17	8.53000000000	9.53000000000	11.67000000000	6.97000000000	1.52000000000	9.21000000000	-9999.00000000000	46.63000000000	
  -9999.00000000000	-9999.00000000000	-9999.00000000000
  9	18	13.60000000000	10.47000000000	15.09000000000	6.84000000000	1.89000000000	9.00000000000	-9999.00000000000	44.99000000000	
  -9999.00000000000	-9999.00000000000	-9999.00000000000
  9	19	14.55000000000	11.07000000000	16.85000000000	7.80000000000	3.88000000000	9.06000000000	-9999.00000000000	43.43000000000	
  -9999.00000000000	-9999.00000000000	-9999.00000000000
  9	20	19.11000000000	10.92000000000	14.99000000000	8.08000000000	4.26000000000	8.72000000000	-9999.00000000000	41.91000000000	
  -9999.00000000000	-9999.00000000000	-9999.00000000000
  9	21	15.88000000000	11.40000000000	16.71000000000	9.04000000000	2.08000000000	10.19000000000	-9999.00000000000	40.74000000000	
  -9999.00000000000	-9999.00000000000	-9999.00000000000
  9	22	17.36000000000	12.11000000000	17.65000000000	8.95000000000	2.10000000000	10.59000000000	-9999.00000000000	39.77000000000	
  -9999.00000000000	-9999.00000000000	-9999.00000000000
  9	23	8.97000000000	11.30000000000	15.53000000000	9.01000000000	1.23000000000	10.91000000000	-9999.00000000000	39.01000000000	
  -9999.00000000000	-9999.00000000000	-9999.00000000000
  9	24	13.99000000000	9.87000000000	14.50000000000	7.65000000000	1.47000000000	9.77000000000	-9999.00000000000	38.29000000000	
  -9999.00000000000	-9999.00000000000	-9999.00000000000
  9	25	10.31000000000	9.35000000000	13.39000000000	6.62000000000	1.46000000000	8.92000000000	-9999.00000000000	37.63000000000	
  -9999.00000000000	-9999.00000000000	-9999.00000000000
  9	26	14.23000000000	11.45000000000	16.36000000000	7.54000000000	4.00000000000	9.34000000000	-9999.00000000000	36.93000000000	
  -9999.00000000000	-9999.00000000000	-9999.00000000000
  9	27	13.39000000000	10.87000000000	15.23000000000	8.09000000000	4.33000000000	8.68000000000	-9999.00000000000	36.07000000000	
  -9999.00000000000	-9999.00000000000	-9999.00000000000
  9	28	15.03000000000	10.31000000000	14.61000000000	7.54000000000	2.28000000000	9.17000000000	-9999.00000000000	35.31000000000	
  -9999.00000000000	-9999.00000000000	-9999.00000000000
  9	29	15.60000000000	10.22000000000	14.59000000000	8.28000000000	1.67000000000	9.71000000000	-9999.00000000000	34.60000000000	
  -9999.00000000000	-9999.00000000000	-9999.00000000000
  9	30	9.62000000000	9.93000000000	14.04000000000	8.20000000000	1.11000000000	9.76000000000	-9999.00000000000	34.06000000000	
  -9999.00000000000	-9999.00000000000	-9999.00000000000
 10	1	6.21000000000	9.82000000000	12.48000000000	8.06000000000	0.47000000000	10.03000000000	-9999.00000000000	33.71000000000	
  -9999.00000000000	-9999.00000000000	-9999.00000000000
 10	2	3.02000000000	10.05000000000	10.68000000000	9.00000000000	0.00000000000	10.41000000000	-9999.00000000000	33.93000000000	
  -9999.00000000000	-9999.00000000000	-9999.00000000000
 10	3	0.98000000000	9.63000000000	10.60000000000	8.94000000000	0.00000000000	9.86000000000	-9999.00000000000	36.57000000000	
  -9999.00000000000	-9999.00000000000	-9999.00000000000
 10	4	5.72000000000	5.01000000000	10.41000000000	1.35000000000	0.02000000000	7.37000000000	-9999.00000000000	48.41000000000	
  -9999.00000000000	-9999.00000000000	-9999.00000000000
 10	5	10.88000000000	5.03000000000	8.88000000000	1.74000000000	0.97000000000	4.66000000000	-9999.00000000000	49.89000000000	
  -9999.00000000000	-9999.00000000000	-9999.00000000000
 10	6	9.66000000000	5.62000000000	10.70000000000	2.62000000000	1.65000000000	4.39000000000	-9999.00000000000	46.62000000000	
  -9999.00000000000	-9999.00000000000	-9999.00000000000
 10	7	7.21000000000	5.88000000000	10.15000000000	3.93000000000	1.27000000000	5.68000000000	-9999.00000000000	44.73000000000	
  -9999.00000000000	-9999.00000000000	-9999.00000000000
 10	8	15.68000000000	7.35000000000	12.79000000000	3.01000000000	3.75000000000	4.66000000000	-9999.00000000000	43.36000000000	
  -9999.00000000000	-9999.00000000000	-9999.00000000000
 10	9	15.34000000000	11.20000000000	17.65000000000	6.69000000000	5.73000000000	6.29000000000	-9999.00000000000	41.97000000000	
  -9999.00000000000	-9999.00000000000	-9999.00000000000
 10	10	14.87000000000	11.66000000000	17.40000000000	8.76000000000	6.93000000000	6.80000000000	-9999.00000000000	40.71000000000	
  -9999.00000000000	-9999.00000000000	-9999.00000000000
 10	11	14.82000000000	9.75000000000	13.48000000000	5.99000000000	5.44000000000	6.45000000000	-9999.00000000000	39.64000000000	
  -9999.00000000000	-9999.00000000000	-9999.00000000000
 10	12	13.01000000000	10.16000000000	15.30000000000	5.76000000000	3.72000000000	6.99000000000	-9999.00000000000	38.73000000000	
  -9999.00000000000	-9999.00000000000	-9999.00000000000
 10	13	13.14000000000	10.68000000000	14.87000000000	6.90000000000	4.28000000000	7.90000000000	-9999.00000000000	37.85000000000	
  -9999.00000000000	-9999.00000000000	-9999.00000000000
 10	14	1.18000000000	5.69000000000	6.40000000000	4.60000000000	0.19000000000	6.60000000000	-9999.00000000000	-9999.00000000000	
  -9999.00000000000	-9999.00000000000	-9999.00000000000
 10	15	12.66000000000	4.69000000000	9.30000000000	1.10000000000	1.01000000000	5.45000000000	-9999.00000000000	-9999.00000000000	
  -9999.00000000000	-9999.00000000000	-9999.00000000000
 10	16	13.90000000000	6.26000000000	13.10000000000	3.10000000000	2.99000000000	5.36000000000	-9999.00000000000	-9999.00000000000	
  -9999.00000000000	-9999.00000000000	-9999.00000000000
 10	17	9.80000000000	4.06000000000	8.00000000000	1.80000000000	0.65000000000	5.21000000000	-9999.00000000000	-9999.00000000000	
  -9999.00000000000	-9999.00000000000	-9999.00000000000
 10	18	10.33000000000	3.51000000000	7.70000000000	1.10000000000	0.65000000000	4.73000000000	-9999.00000000000	-9999.00000000000	
  -9999.00000000000	-9999.00000000000	-9999.00000000000
 10	19	3.70000000000	3.63000000000	5.70000000000	1.80000000000	0.09000000000	4.91000000000	-9999.00000000000	-9999.00000000000	
  -9999.00000000000	-9999.00000000000	-9999.00000000000
 10	20	4.01000000000	4.14000000000	6.70000000000	2.30000000000	0.00000000000	5.42000000000	-9999.00000000000	-9999.00000000000	
  -9999.00000000000	-9999.00000000000	-9999.00000000000
 10	21	3.24000000000	5.17000000000	6.70000000000	3.90000000000	0.00000000000	6.07000000000	-9999.00000000000	-9999.00000000000	
  -9999.00000000000	-9999.00000000000	-9999.00000000000
 10	22	8.91000000000	6.18000000000	9.80000000000	4.10000000000	0.40000000000	6.65000000000	-9999.00000000000	-9999.00000000000	
  -9999.00000000000	-9999.00000000000	-9999.00000000000
 10	23	1.64000000000	6.28000000000	8.00000000000	4.90000000000	0.00000000000	6.85000000000	-9999.00000000000	-9999.00000000000	
  -9999.00000000000	-9999.00000000000	-9999.00000000000
 10	24	1.01000000000	8.33000000000	9.00000000000	6.63000000000	0.01000000000	8.31000000000	-9999.00000000000	-9999.00000000000	
  -9999.00000000000	-9999.00000000000	-9999.00000000000
 10	25	10.83000000000	7.61000000000	11.58000000000	5.29000000000	0.53000000000	6.93000000000	-9999.00000000000	-9999.00000000000	
  -9999.00000000000	-9999.00000000000	-9999.00000000000
 10	26	10.64000000000	8.85000000000	13.96000000000	5.07000000000	1.30000000000	7.45000000000	-9999.00000000000	-9999.00000000000	
  -9999.00000000000	-9999.00000000000	-9999.00000000000
 10	27	11.25000000000	13.35000000000	17.65000000000	9.71000000000	5.04000000000	8.21000000000	-9999.00000000000	-9999.00000000000	
  -9999.00000000000	-9999.00000000000	-9999.00000000000
 10	28	9.06000000000	12.61000000000	16.42000000000	9.53000000000	5.89000000000	8.54000000000	-9999.00000000000	-9999.00000000000	
  -9999.00000000000	-9999.00000000000	-9999.00000000000
 10	29	8.49000000000	10.53000000000	15.06000000000	7.61000000000	5.08000000000	7.64000000000	-9999.00000000000	-9999.00000000000	
  -9999.00000000000	-9999.00000000000	-9999.00000000000
 10	30	10.95000000000	8.00000000000	13.62000000000	3.36000000000	6.36000000000	5.62000000000	-9999.00000000000	-9999.00000000000	
  -9999.00000000000	-9999.00000000000	-9999.00000000000
 10	31	7.48000000000	3.87000000000	8.84000000000	0.82000000000	0.99000000000	4.84000000000	-9999.00000000000	-9999.00000000000	
  -9999.00000000000	-9999.00000000000	-9999.00000000000
 11	1	8.68000000000	3.34000000000	11.30000000000	-3.49000000000	2.50000000000	3.84000000000	-9999.00000000000	-9999.00000000000	
  -9999.00000000000	-9999.00000000000	-9999.00000000000
 11	2	11.09000000000	-5.62000000000	-3.67000000000	-7.37000000000	2.40000000000	-1.00000000000	-9999.00000000000	-9999.00000000000	
  -9999.00000000000	-9999.00000000000	-9999.00000000000
 11	3	9.48000000000	-5.05000000000	-0.83000000000	-7.80000000000	2.17000000000	-1.66000000000	-9999.00000000000	-9999.00000000000	
  -9999.00000000000	-9999.00000000000	-9999.00000000000
 11	4	10.32000000000	-1.37000000000	4.75000000000	-7.21000000000	3.20000000000	-1.26000000000	-9999.00000000000	-9999.00000000000	
  -9999.00000000000	-9999.00000000000	-9999.00000000000
 11	5	9.28000000000	3.26000000000	8.66000000000	-1.07000000000	4.30000000000	0.75000000000	-9999.00000000000	-9999.00000000000	
  -9999.00000000000	-9999.00000000000	-9999.00000000000
 11	6	6.28000000000	6.51000000000	11.98000000000	3.17000000000	6.72000000000	2.36000000000	-9999.00000000000	-9999.00000000000	
  -9999.00000000000	-9999.00000000000	-9999.00000000000
 11	7	9.60000000000	9.73000000000	16.51000000000	6.51000000000	10.43000000000	3.37000000000	-9999.00000000000	-9999.00000000000	
  -9999.00000000000	-9999.00000000000	-9999.00000000000
 11	8	9.28000000000	5.77000000000	9.44000000000	2.31000000000	4.27000000000	3.24000000000	-9999.00000000000	-9999.00000000000	
  -9999.00000000000	-9999.00000000000	-9999.00000000000
 11	9	5.75000000000	5.56000000000	10.18000000000	2.36000000000	3.50000000000	3.28000000000	-9999.00000000000	-9999.00000000000	
  -9999.00000000000	-9999.00000000000	-9999.00000000000
 11	10	9.77000000000	2.26000000000	5.25000000000	-1.16000000000	4.23000000000	1.59000000000	-9999.00000000000	-9999.00000000000	
  -9999.00000000000	-9999.00000000000	-9999.00000000000
 11	11	2.87000000000	-0.38000000000	2.94000000000	-1.96000000000	1.10000000000	1.00000000000	-9999.00000000000	-9999.00000000000	
  -9999.00000000000	-9999.00000000000	-9999.00000000000
 11	12	8.83000000000	2.78000000000	7.65000000000	-2.10000000000	3.23000000000	1.90000000000	-9999.00000000000	-9999.00000000000	
  -9999.00000000000	-9999.00000000000	-9999.00000000000
 11	13	7.94000000000	1.80000000000	7.38000000000	-2.70000000000	3.34000000000	0.73000000000	-9999.00000000000	-9999.00000000000	
  -9999.00000000000	-9999.00000000000	-9999.00000000000
 11	14	7.28000000000	7.42000000000	13.01000000000	3.75000000000	3.82000000000	3.94000000000	-9999.00000000000	-9999.00000000000	
  -9999.00000000000	-9999.00000000000	-9999.00000000000
 11	15	4.44000000000	3.41000000000	7.48000000000	1.00000000000	0.85000000000	3.52000000000	-9999.00000000000	-9999.00000000000	
  -9999.00000000000	-9999.00000000000	-9999.00000000000
 11	16	1.44000000000	3.17000000000	3.64000000000	2.26000000000	0.20000000000	3.91000000000	-9999.00000000000	-9999.00000000000	
  -9999.00000000000	-9999.00000000000	-9999.00000000000
 11	17	1.77000000000	3.67000000000	4.75000000000	2.88000000000	0.18000000000	4.26000000000	-9999.00000000000	-9999.00000000000	
  -9999.00000000000	-9999.00000000000	-9999.00000000000
 11	18	1.43000000000	3.80000000000	4.43000000000	3.15000000000	0.14000000000	4.43000000000	-9999.00000000000	-9999.00000000000	
  -9999.00000000000	-9999.00000000000	-9999.00000000000
 11	19	5.83000000000	3.17000000000	5.53000000000	1.72000000000	0.31000000000	4.11000000000	-9999.00000000000	-9999.00000000000	
  -9999.00000000000	-9999.00000000000	-9999.00000000000
 11	20	4.45000000000	1.17000000000	5.37000000000	-0.56000000000	0.18000000000	2.27000000000	-9999.00000000000	-9999.00000000000	
  -9999.00000000000	-9999.00000000000	-9999.00000000000
 11	21	2.01000000000	-0.57000000000	0.05000000000	-1.25000000000	0.21000000000	1.38000000000	-9999.00000000000	-9999.00000000000	
  -9999.00000000000	-9999.00000000000	-9999.00000000000
 11	22	5.29000000000	-1.12000000000	1.26000000000	-2.94000000000	1.19000000000	-0.05000000000	-9999.00000000000	-9999.00000000000	
  -9999.00000000000	-9999.00000000000	-9999.00000000000
 11	23	5.61000000000	1.67000000000	6.09000000000	-2.17000000000	4.20000000000	-0.69000000000	-9999.00000000000	-9999.00000000000	
  -9999.00000000000	-9999.00000000000	-9999.00000000000
 11	24	1.68000000000	2.17000000000	3.72000000000	0.85000000000	0.92000000000	1.64000000000	-9999.00000000000	-9999.00000000000	
  -9999.00000000000	-9999.00000000000	-9999.00000000000
 11	25	0.93000000000	4.14000000000	4.81000000000	3.38000000000	0.11000000000	4.10000000000	-9999.00000000000	-9999.00000000000	
  -9999.00000000000	-9999.00000000000	-9999.00000000000
 11	26	7.00000000000	6.45000000000	12.97000000000	3.08000000000	1.10000000000	3.90000000000	-9999.00000000000	-9999.00000000000	
  -9999.00000000000	-9999.00000000000	-9999.00000000000
 11	27	7.21000000000	8.42000000000	13.50000000000	5.62000000000	5.64000000000	3.50000000000	-9999.00000000000	-9999.00000000000	
  -9999.00000000000	-9999.00000000000	-9999.00000000000
 11	28	5.38000000000	7.53000000000	11.53000000000	4.86000000000	6.35000000000	3.21000000000	-9999.00000000000	-9999.00000000000	
  -9999.00000000000	-9999.00000000000	-9999.00000000000
 11	29	6.99000000000	6.19000000000	11.75000000000	2.68000000000	5.32000000000	2.59000000000	-9999.00000000000	-9999.00000000000	
  -9999.00000000000	-9999.00000000000	-9999.00000000000
 11	30	6.66000000000	4.21000000000	9.01000000000	1.57000000000	3.63000000000	2.15000000000	-9999.00000000000	-9999.00000000000	
  -9999.00000000000	-9999.00000000000	-9999.00000000000
 12	1	6.94000000000	4.39000000000	10.85000000000	1.37000000000	4.22000000000	1.29000000000	-9999.00000000000	-9999.00000000000	
  -9999.00000000000	-9999.00000000000	-9999.00000000000
 12	2	6.92000000000	2.82000000000	9.01000000000	-1.46000000000	4.34000000000	0.75000000000	-9999.00000000000	-9999.00000000000	
  -9999.00000000000	-9999.00000000000	-9999.00000000000
 12	3	1.52000000000	0.00000000000	1.08000000000	-1.65000000000	0.57000000000	0.76000000000	-9999.00000000000	-9999.00000000000	
  -9999.00000000000	-9999.00000000000	-9999.00000000000
 12	4	1.01000000000	0.80000000000	2.70000000000	-0.03000000000	0.09000000000	1.81000000000	-9999.00000000000	-9999.00000000000	
  -9999.00000000000	-9999.00000000000	-9999.00000000000
 12	5	1.23000000000	3.99000000000	9.08000000000	1.67000000000	0.77000000000	1.54000000000	-9999.00000000000	-9999.00000000000	
  -9999.00000000000	-9999.00000000000	-9999.00000000000
 12	6	1.20000000000	3.18000000000	4.23000000000	1.83000000000	0.11000000000	1.54000000000	-9999.00000000000	-9999.00000000000	
  -9999.00000000000	-9999.00000000000	-9999.00000000000
 12	7	1.20000000000	2.76000000000	3.16000000000	2.45000000000	0.10000000000	1.54000000000	-9999.00000000000	-9999.00000000000	
  -9999.00000000000	-9999.00000000000	-9999.00000000000
 12	8	3.37000000000	1.80000000000	2.46000000000	-0.03000000000	0.10000000000	1.40000000000	-9999.00000000000	-9999.00000000000	
  -9999.00000000000	-9999.00000000000	-9999.00000000000
 12	9	2.18000000000	-1.29000000000	0.03000000000	-4.25000000000	0.14000000000	1.26000000000	-9999.00000000000	-9999.00000000000	
  -9999.00000000000	-9999.00000000000	-9999.00000000000
 12	10	1.17000000000	-3.43000000000	-0.26000000000	-5.72000000000	0.46000000000	1.52000000000	-9999.00000000000	-9999.00000000000	
  -9999.00000000000	-9999.00000000000	-9999.00000000000
 12	11	1.11000000000	-3.85000000000	0.39000000000	-6.41000000000	0.51000000000	1.58000000000	-9999.00000000000	-9999.00000000000	
  -9999.00000000000	-9999.00000000000	-9999.00000000000
 12	12	3.22000000000	-0.25000000000	3.50000000000	-4.42000000000	0.89000000000	1.36000000000	-9999.00000000000	-9999.00000000000	
  -9999.00000000000	-9999.00000000000	-9999.00000000000
 12	13	1.28000000000	2.94000000000	8.42000000000	-0.85000000000	1.85000000000	1.35000000000	-9999.00000000000	-9999.00000000000	
  -9999.00000000000	-9999.00000000000	-9999.00000000000
 12	14	1.09000000000	5.39000000000	10.26000000000	1.75000000000	4.69000000000	1.68000000000	-9999.00000000000	-9999.00000000000	
  -9999.00000000000	-9999.00000000000	-9999.00000000000
 12	15	3.37000000000	5.14000000000	9.46000000000	2.51000000000	5.63000000000	1.40000000000	-9999.00000000000	-9999.00000000000	
  -9999.00000000000	-9999.00000000000	-9999.00000000000
 12	16	2.18000000000	2.39000000000	4.88000000000	0.47000000000	2.24000000000	1.26000000000	-9999.00000000000	-9999.00000000000	
  -9999.00000000000	-9999.00000000000	-9999.00000000000
 12	17	1.17000000000	0.84000000000	1.94000000000	-0.42000000000	0.23000000000	1.52000000000	-9999.00000000000	-9999.00000000000	
  -9999.00000000000	-9999.00000000000	-9999.00000000000
 12	18	1.11000000000	-2.37000000000	-0.11000000000	-4.68000000000	0.64000000000	1.58000000000	-9999.00000000000	-9999.00000000000	
  -9999.00000000000	-9999.00000000000	-9999.00000000000
 12	19	3.22000000000	-4.16000000000	-1.85000000000	-6.02000000000	1.81000000000	1.36000000000	-9999.00000000000	-9999.00000000000	
  -9999.00000000000	-9999.00000000000	-9999.00000000000
 12	20	1.28000000000	-1.42000000000	2.49000000000	-4.63000000000	3.65000000000	1.35000000000	-9999.00000000000	-9999.00000000000	
  -9999.00000000000	-9999.00000000000	-9999.00000000000
 12	21	1.09000000000	-0.93000000000	3.19000000000	-3.19000000000	3.24000000000	1.68000000000	-9999.00000000000	-9999.00000000000	
  -9999.00000000000	-9999.00000000000	-9999.00000000000
 12	22	3.37000000000	0.87000000000	3.56000000000	-3.15000000000	5.48000000000	1.40000000000	-9999.00000000000	-9999.00000000000	
  -9999.00000000000	-9999.00000000000	-9999.00000000000
 12	23	2.18000000000	4.71000000000	8.54000000000	2.64000000000	6.68000000000	1.26000000000	-9999.00000000000	-9999.00000000000	
  -9999.00000000000	-9999.00000000000	-9999.00000000000
 12	24	1.17000000000	5.32000000000	9.46000000000	2.54000000000	5.87000000000	1.52000000000	-9999.00000000000	-9999.00000000000	
  -9999.00000000000	-9999.00000000000	-9999.00000000000
 12	25	1.11000000000	5.34000000000	10.73000000000	3.06000000000	5.89000000000	1.58000000000	-9999.00000000000	-9999.00000000000	
  -9999.00000000000	-9999.00000000000	-9999.00000000000
 12	26	3.22000000000	3.87000000000	8.88000000000	0.72000000000	5.99000000000	1.36000000000	-9999.00000000000	-9999.00000000000	
  -9999.00000000000	-9999.00000000000	-9999.00000000000
 12	27	1.28000000000	3.03000000000	8.87000000000	-0.01000000000	5.44000000000	1.35000000000	-9999.00000000000	-9999.00000000000	
  -9999.00000000000	-9999.00000000000	-9999.00000000000
 12	28	1.09000000000	2.56000000000	8.40000000000	-0.14000000000	5.23000000000	1.68000000000	-9999.00000000000	-9999.00000000000	
  -9999.00000000000	-9999.00000000000	-9999.00000000000
 12	29	3.37000000000	1.93000000000	7.08000000000	-1.20000000000	3.71000000000	1.40000000000	-9999.00000000000	-9999.00000000000	
  -9999.00000000000	-9999.00000000000	-9999.00000000000
 12	30	2.18000000000	-0.30000000000	4.99000000000	-2.71000000000	2.42000000000	1.26000000000	-9999.00000000000	-9999.00000000000	
  -9999.00000000000	-9999.00000000000	-9999.00000000000
 12	31	1.17000000000	1.33000000000	8.56000000000	-2.74000000000	2.61000000000	1.52000000000	-9999.00000000000	-9999.00000000000	
  -9999.00000000000	-9999.00000000000	-9999.00000000000
