 Month	n_days	Rg_f	Ta_f	Tmax	Tmin	VPD_f	Ts_f	Precip	SWC	LAI	ET	Littfall
  1	1	7.73000000000	-3.26000000000	1.26000000000	-5.73000000000	-9999.00000000000	-1.42000000000	-9999.00000000000	26.50000000000	
  -9999.00000000000	-9999.00000000000	-9999.00000000000
  1	2	7.77000000000	-6.06000000000	-1.56000000000	-12.18000000000	-9999.00000000000	-1.79000000000	-9999.00000000000	26.36000000000	
  -9999.00000000000	-9999.00000000000	-9999.00000000000
  1	3	8.08000000000	-11.72000000000	-8.49000000000	-14.38000000000	-9999.00000000000	-3.33000000000	-9999.00000000000	25.58000000000	
  -9999.00000000000	-9999.00000000000	-9999.00000000000
  1	4	5.23000000000	-12.34000000000	-8.82000000000	-14.44000000000	-9999.00000000000	-3.81000000000	-9999.00000000000	24.98000000000	
  -9999.00000000000	-9999.00000000000	-9999.00000000000
  1	5	7.95000000000	-12.41000000000	-8.99000000000	-14.51000000000	-9999.00000000000	-4.31000000000	-9999.00000000000	24.43000000000	
  -9999.00000000000	-9999.00000000000	-9999.00000000000
  1	6	1.10000000000	-6.06000000000	-1.70000000000	-11.99000000000	-9999.00000000000	-3.08000000000	-9999.00000000000	23.56000000000	
  -9999.00000000000	-9999.00000000000	-9999.00000000000
  1	7	0.78000000000	0.28000000000	1.22000000000	-1.65000000000	-9999.00000000000	-0.92000000000	-9999.00000000000	23.50000000000	
  -9999.00000000000	-9999.00000000000	-9999.00000000000
  1	8	0.60000000000	1.18000000000	1.48000000000	0.90000000000	-9999.00000000000	-0.10000000000	-9999.00000000000	23.50000000000	
  -9999.00000000000	-9999.00000000000	-9999.00000000000
  1	9	0.99000000000	1.13000000000	1.31000000000	0.89000000000	-9999.00000000000	0.03000000000	-9999.00000000000	25.18000000000	
  -9999.00000000000	-9999.00000000000	-9999.00000000000
  1	10	1.19000000000	0.78000000000	1.36000000000	0.17000000000	-9999.00000000000	0.05000000000	-9999.00000000000	25.95000000000	
  -9999.00000000000	-9999.00000000000	-9999.00000000000
  1	11	2.51000000000	0.29000000000	1.35000000000	-2.00000000000	-9999.00000000000	0.00000000000	-9999.00000000000	25.50000000000	
  -9999.00000000000	-9999.00000000000	-9999.00000000000
  1	12	7.18000000000	-2.21000000000	0.30000000000	-3.95000000000	-9999.00000000000	-0.42000000000	-9999.00000000000	25.31000000000	
  -9999.00000000000	-9999.00000000000	-9999.00000000000
  1	13	8.42000000000	1.08000000000	4.66000000000	-3.83000000000	-9999.00000000000	-0.25000000000	-9999.00000000000	25.00000000000	
  -9999.00000000000	-9999.00000000000	-9999.00000000000
  1	14	7.97000000000	3.87000000000	8.58000000000	1.58000000000	-9999.00000000000	0.07000000000	-9999.00000000000	25.00000000000	
  -9999.00000000000	-9999.00000000000	-9999.00000000000
  1	15	7.95000000000	1.27000000000	4.32000000000	-1.51000000000	-9999.00000000000	0.07000000000	-9999.00000000000	25.42000000000	
  -9999.00000000000	-9999.00000000000	-9999.00000000000
  1	16	8.53000000000	2.66000000000	9.16000000000	-0.99000000000	-9999.00000000000	0.05000000000	-9999.00000000000	25.50000000000	
  -9999.00000000000	-9999.00000000000	-9999.00000000000
  1	17	8.67000000000	0.74000000000	4.78000000000	-2.08000000000	-9999.00000000000	0.06000000000	-9999.00000000000	25.14000000000	
  -9999.00000000000	-9999.00000000000	-9999.00000000000
  1	18	8.75000000000	-0.05000000000	3.76000000000	-3.15000000000	-9999.00000000000	-0.01000000000	-9999.00000000000	25.01000000000	
  -9999.00000000000	-9999.00000000000	-9999.00000000000
  1	19	2.79000000000	-3.33000000000	-0.09000000000	-7.95000000000	-9999.00000000000	-0.40000000000	-9999.00000000000	25.50000000000	
  -9999.00000000000	-9999.00000000000	-9999.00000000000
  1	20	4.78000000000	-9.21000000000	-7.01000000000	-11.77000000000	-9999.00000000000	-1.90000000000	-9999.00000000000	25.19000000000	
  -9999.00000000000	-9999.00000000000	-9999.00000000000
  1	21	4.92000000000	-10.35000000000	-7.01000000000	-12.76000000000	-9999.00000000000	-3.21000000000	-9999.00000000000	24.53000000000	
  -9999.00000000000	-9999.00000000000	-9999.00000000000
  1	22	9.47000000000	-9.24000000000	-5.20000000000	-13.19000000000	-9999.00000000000	-3.56000000000	-9999.00000000000	23.74000000000	
  -9999.00000000000	-9999.00000000000	-9999.00000000000
  1	23	9.76000000000	-6.01000000000	-0.86000000000	-9.62000000000	-9999.00000000000	-3.43000000000	-9999.00000000000	23.05000000000	
  -9999.00000000000	-9999.00000000000	-9999.00000000000
  1	24	10.12000000000	-5.86000000000	-2.23000000000	-8.74000000000	-9999.00000000000	-2.83000000000	-9999.00000000000	22.42000000000	
  -9999.00000000000	-9999.00000000000	-9999.00000000000
  1	25	6.57000000000	-6.77000000000	-3.05000000000	-9.53000000000	-9999.00000000000	-2.62000000000	-9999.00000000000	22.00000000000	
  -9999.00000000000	-9999.00000000000	-9999.00000000000
  1	26	8.75000000000	-6.43000000000	-2.61000000000	-9.17000000000	-9999.00000000000	-2.70000000000	-9999.00000000000	21.68000000000	
  -9999.00000000000	-9999.00000000000	-9999.00000000000
  1	27	9.94000000000	-7.18000000000	-3.38000000000	-9.97000000000	-9999.00000000000	-3.13000000000	-9999.00000000000	21.09000000000	
  -9999.00000000000	-9999.00000000000	-9999.00000000000
  1	28	10.24000000000	-6.59000000000	-3.24000000000	-9.01000000000	-9999.00000000000	-3.05000000000	-9999.00000000000	20.93000000000	
  -9999.00000000000	-9999.00000000000	-9999.00000000000
  1	29	4.86000000000	-7.33000000000	-4.42000000000	-10.52000000000	-9999.00000000000	-3.16000000000	-9999.00000000000	20.50000000000	
  -9999.00000000000	-9999.00000000000	-9999.00000000000
  1	30	9.40000000000	-5.17000000000	-0.30000000000	-9.11000000000	-9999.00000000000	-2.74000000000	-9999.00000000000	20.13000000000	
  -9999.00000000000	-9999.00000000000	-9999.00000000000
  1	31	11.06000000000	-4.37000000000	0.36000000000	-7.17000000000	-9999.00000000000	-2.48000000000	-9999.00000000000	19.66000000000	
  -9999.00000000000	-9999.00000000000	-9999.00000000000
  2	1	11.54000000000	-3.50000000000	1.10000000000	-7.12000000000	-9999.00000000000	-2.50000000000	-9999.00000000000	19.50000000000	
  -9999.00000000000	-9999.00000000000	-9999.00000000000
  2	2	11.51000000000	-1.50000000000	1.79000000000	-3.86000000000	-9999.00000000000	-2.19000000000	-9999.00000000000	19.50000000000	
  -9999.00000000000	-9999.00000000000	-9999.00000000000
  2	3	8.84000000000	0.79000000000	4.77000000000	-3.07000000000	-9999.00000000000	-1.87000000000	-9999.00000000000	19.03000000000	
  -9999.00000000000	-9999.00000000000	-9999.00000000000
  2	4	9.54000000000	0.15000000000	5.07000000000	-3.56000000000	-9999.00000000000	-1.42000000000	-9999.00000000000	19.00000000000	
  -9999.00000000000	-9999.00000000000	-9999.00000000000
  2	5	10.86000000000	3.69000000000	9.17000000000	-0.06000000000	-9999.00000000000	-0.74000000000	-9999.00000000000	19.00000000000	
  -9999.00000000000	-9999.00000000000	-9999.00000000000
  2	6	11.04000000000	5.00000000000	9.02000000000	2.20000000000	-9999.00000000000	-0.32000000000	-9999.00000000000	19.00000000000	
  -9999.00000000000	-9999.00000000000	-9999.00000000000
  2	7	11.34000000000	6.05000000000	12.60000000000	2.40000000000	-9999.00000000000	-0.15000000000	-9999.00000000000	19.00000000000	
  -9999.00000000000	-9999.00000000000	-9999.00000000000
  2	8	11.49000000000	4.40000000000	10.08000000000	0.97000000000	-9999.00000000000	-0.10000000000	-9999.00000000000	19.00000000000	
  -9999.00000000000	-9999.00000000000	-9999.00000000000
  2	9	11.71000000000	2.81000000000	8.30000000000	-0.36000000000	-9999.00000000000	-0.29000000000	-9999.00000000000	19.00000000000	
  -9999.00000000000	-9999.00000000000	-9999.00000000000
  2	10	12.00000000000	2.43000000000	8.45000000000	-1.26000000000	-9999.00000000000	-0.47000000000	-9999.00000000000	19.00000000000	
  -9999.00000000000	-9999.00000000000	-9999.00000000000
  2	11	12.34000000000	2.05000000000	7.29000000000	-1.51000000000	-9999.00000000000	-0.53000000000	-9999.00000000000	19.00000000000	
  -9999.00000000000	-9999.00000000000	-9999.00000000000
  2	12	10.92000000000	1.19000000000	6.06000000000	-1.99000000000	-9999.00000000000	-0.22000000000	-9999.00000000000	19.08000000000	
  -9999.00000000000	-9999.00000000000	-9999.00000000000
  2	13	2.31000000000	-1.64000000000	-0.94000000000	-2.31000000000	-9999.00000000000	-0.21000000000	-9999.00000000000	19.50000000000	
  -9999.00000000000	-9999.00000000000	-9999.00000000000
  2	14	8.76000000000	-1.70000000000	1.62000000000	-3.63000000000	-9999.00000000000	-0.50000000000	-9999.00000000000	19.50000000000	
  -9999.00000000000	-9999.00000000000	-9999.00000000000
  2	15	6.22000000000	-1.89000000000	0.71000000000	-3.11000000000	-9999.00000000000	-0.53000000000	-9999.00000000000	19.50000000000	
  -9999.00000000000	-9999.00000000000	-9999.00000000000
  2	16	1.90000000000	-1.79000000000	0.04000000000	-2.63000000000	-9999.00000000000	-0.49000000000	-9999.00000000000	19.50000000000	
  -9999.00000000000	-9999.00000000000	-9999.00000000000
  2	17	1.77000000000	-2.12000000000	-0.46000000000	-3.25000000000	-9999.00000000000	-0.52000000000	-9999.00000000000	19.50000000000	
  -9999.00000000000	-9999.00000000000	-9999.00000000000
  2	18	9.40000000000	-2.28000000000	1.36000000000	-4.41000000000	-9999.00000000000	-0.54000000000	-9999.00000000000	19.50000000000	
  -9999.00000000000	-9999.00000000000	-9999.00000000000
  2	19	12.33000000000	-3.31000000000	0.90000000000	-6.32000000000	-9999.00000000000	-0.93000000000	-9999.00000000000	19.50000000000	
  -9999.00000000000	-9999.00000000000	-9999.00000000000
  2	20	5.69000000000	-3.50000000000	-1.51000000000	-5.26000000000	-9999.00000000000	-1.16000000000	-9999.00000000000	19.50000000000	
  -9999.00000000000	-9999.00000000000	-9999.00000000000
  2	21	6.11000000000	-3.86000000000	-0.44000000000	-6.19000000000	-9999.00000000000	-1.14000000000	-9999.00000000000	19.50000000000	
  -9999.00000000000	-9999.00000000000	-9999.00000000000
  2	22	6.42000000000	-5.65000000000	0.28000000000	-10.00000000000	-9999.00000000000	-1.24000000000	-9999.00000000000	19.50000000000	
  -9999.00000000000	-9999.00000000000	-9999.00000000000
  2	23	14.27000000000	-10.25000000000	-8.22000000000	-12.54000000000	-9999.00000000000	-2.25000000000	-9999.00000000000	19.50000000000	
  -9999.00000000000	-9999.00000000000	-9999.00000000000
  2	24	15.17000000000	-5.49000000000	-0.44000000000	-10.88000000000	-9999.00000000000	-2.42000000000	-9999.00000000000	19.17000000000	
  -9999.00000000000	-9999.00000000000	-9999.00000000000
  2	25	15.67000000000	-3.21000000000	0.57000000000	-6.18000000000	-9999.00000000000	-1.70000000000	-9999.00000000000	19.00000000000	
  -9999.00000000000	-9999.00000000000	-9999.00000000000
  2	26	15.41000000000	-3.32000000000	2.21000000000	-7.99000000000	-9999.00000000000	-1.96000000000	-9999.00000000000	19.00000000000	
  -9999.00000000000	-9999.00000000000	-9999.00000000000
  2	27	5.90000000000	-3.38000000000	-0.70000000000	-5.97000000000	-9999.00000000000	-1.47000000000	-9999.00000000000	18.86000000000	
  -9999.00000000000	-9999.00000000000	-9999.00000000000
  2	28	11.02000000000	-2.03000000000	1.02000000000	-4.19000000000	-9999.00000000000	-1.17000000000	-9999.00000000000	18.50000000000	
  -9999.00000000000	-9999.00000000000	-9999.00000000000
  3	1	15.89000000000	0.30000000000	4.81000000000	-3.30000000000	-9999.00000000000	-1.01000000000	-9999.00000000000	18.42000000000	
  -9999.00000000000	-9999.00000000000	-9999.00000000000
  3	2	15.89000000000	-1.83000000000	2.22000000000	-7.19000000000	-9999.00000000000	-1.41000000000	-9999.00000000000	18.00000000000	
  -9999.00000000000	-9999.00000000000	-9999.00000000000
  3	3	5.94000000000	-4.37000000000	-0.81000000000	-7.53000000000	-9999.00000000000	-1.68000000000	-9999.00000000000	18.00000000000	
  -9999.00000000000	-9999.00000000000	-9999.00000000000
  3	4	12.91000000000	-1.91000000000	3.42000000000	-5.27000000000	-9999.00000000000	-1.24000000000	-9999.00000000000	18.00000000000	
  -9999.00000000000	-9999.00000000000	-9999.00000000000
  3	5	16.96000000000	-0.33000000000	5.82000000000	-5.02000000000	-9999.00000000000	-0.89000000000	-9999.00000000000	18.00000000000	
  -9999.00000000000	-9999.00000000000	-9999.00000000000
  3	6	17.41000000000	0.35000000000	5.30000000000	-3.89000000000	-9999.00000000000	-0.59000000000	-9999.00000000000	18.00000000000	
  -9999.00000000000	-9999.00000000000	-9999.00000000000
  3	7	15.45000000000	-4.64000000000	-0.52000000000	-8.37000000000	-9999.00000000000	-1.29000000000	-9999.00000000000	18.00000000000	
  -9999.00000000000	-9999.00000000000	-9999.00000000000
  3	8	14.08000000000	-4.67000000000	-0.23000000000	-7.20000000000	-9999.00000000000	-1.85000000000	-9999.00000000000	18.00000000000	
  -9999.00000000000	-9999.00000000000	-9999.00000000000
  3	9	17.41000000000	-1.80000000000	3.95000000000	-6.74000000000	-9999.00000000000	-1.44000000000	-9999.00000000000	17.80000000000	
  -9999.00000000000	-9999.00000000000	-9999.00000000000
  3	10	16.96000000000	-0.33000000000	5.07000000000	-4.42000000000	-9999.00000000000	-0.81000000000	-9999.00000000000	17.50000000000	
  -9999.00000000000	-9999.00000000000	-9999.00000000000
  3	11	18.22000000000	-0.08000000000	5.96000000000	-4.17000000000	-9999.00000000000	-0.64000000000	-9999.00000000000	17.96000000000	
  -9999.00000000000	-9999.00000000000	-9999.00000000000
  3	12	5.97000000000	-1.17000000000	1.02000000000	-2.68000000000	-9999.00000000000	-0.38000000000	-9999.00000000000	18.00000000000	
  -9999.00000000000	-9999.00000000000	-9999.00000000000
  3	13	4.81000000000	-1.50000000000	0.58000000000	-3.31000000000	-9999.00000000000	-0.52000000000	-9999.00000000000	18.00000000000	
  -9999.00000000000	-9999.00000000000	-9999.00000000000
  3	14	5.98000000000	0.55000000000	2.87000000000	-1.26000000000	-9999.00000000000	-0.21000000000	-9999.00000000000	18.34000000000	
  -9999.00000000000	-9999.00000000000	-9999.00000000000
  3	15	5.78000000000	1.46000000000	4.41000000000	-0.16000000000	-9999.00000000000	-0.01000000000	-9999.00000000000	18.50000000000	
  -9999.00000000000	-9999.00000000000	-9999.00000000000
  3	16	3.87000000000	1.34000000000	2.70000000000	0.44000000000	-9999.00000000000	0.02000000000	-9999.00000000000	18.50000000000	
  -9999.00000000000	-9999.00000000000	-9999.00000000000
  3	17	1.02000000000	0.07000000000	0.77000000000	-1.80000000000	-9999.00000000000	0.02000000000	-9999.00000000000	18.50000000000	
  -9999.00000000000	-9999.00000000000	-9999.00000000000
  3	18	15.15000000000	0.10000000000	2.14000000000	-1.90000000000	-9999.00000000000	0.03000000000	-9999.00000000000	19.02000000000	
  -9999.00000000000	-9999.00000000000	-9999.00000000000
  3	19	10.83000000000	0.21000000000	3.74000000000	-4.07000000000	-9999.00000000000	0.03000000000	-9999.00000000000	19.54000000000	
  -9999.00000000000	-9999.00000000000	-9999.00000000000
  3	20	20.68000000000	-2.98000000000	1.38000000000	-6.78000000000	-9999.00000000000	-0.43000000000	-9999.00000000000	20.00000000000	
  -9999.00000000000	-9999.00000000000	-9999.00000000000
  3	21	20.77000000000	-1.36000000000	5.00000000000	-7.58000000000	-9999.00000000000	-1.15000000000	-9999.00000000000	20.00000000000	
  -9999.00000000000	-9999.00000000000	-9999.00000000000
  3	22	20.27000000000	0.54000000000	6.74000000000	-5.27000000000	-9999.00000000000	-0.68000000000	-9999.00000000000	20.00000000000	
  -9999.00000000000	-9999.00000000000	-9999.00000000000
  3	23	19.98000000000	3.29000000000	9.83000000000	-2.13000000000	-9999.00000000000	-0.18000000000	-9999.00000000000	20.00000000000	
  -9999.00000000000	-9999.00000000000	-9999.00000000000
  3	24	21.25000000000	4.24000000000	11.74000000000	-1.10000000000	-9999.00000000000	0.02000000000	-9999.00000000000	20.00000000000	
  -9999.00000000000	-9999.00000000000	-9999.00000000000
  3	25	21.35000000000	3.45000000000	9.03000000000	-0.60000000000	-9999.00000000000	0.08000000000	-9999.00000000000	20.00000000000	
  -9999.00000000000	-9999.00000000000	-9999.00000000000
  3	26	17.89000000000	2.84000000000	7.85000000000	-1.22000000000	-9999.00000000000	0.11000000000	-9999.00000000000	20.00000000000	
  -9999.00000000000	-9999.00000000000	-9999.00000000000
  3	27	5.07000000000	1.62000000000	3.75000000000	0.53000000000	-9999.00000000000	0.12000000000	-9999.00000000000	20.00000000000	
  -9999.00000000000	-9999.00000000000	-9999.00000000000
  3	28	8.44000000000	1.19000000000	5.84000000000	-1.28000000000	-9999.00000000000	0.11000000000	-9999.00000000000	20.29000000000	
  -9999.00000000000	-9999.00000000000	-9999.00000000000
  3	29	20.07000000000	2.18000000000	7.13000000000	-1.17000000000	-9999.00000000000	0.11000000000	-9999.00000000000	20.50000000000	
  -9999.00000000000	-9999.00000000000	-9999.00000000000
  3	30	12.27000000000	2.20000000000	6.55000000000	-0.36000000000	-9999.00000000000	0.17000000000	-9999.00000000000	20.50000000000	
  -9999.00000000000	-9999.00000000000	-9999.00000000000
  3	31	20.48000000000	3.35000000000	8.47000000000	-1.30000000000	-9999.00000000000	0.27000000000	-9999.00000000000	20.50000000000	
  -9999.00000000000	-9999.00000000000	-9999.00000000000
  4	1	19.43000000000	5.79000000000	11.01000000000	1.71000000000	-9999.00000000000	0.61000000000	-9999.00000000000	20.50000000000	
  -9999.00000000000	-9999.00000000000	-9999.00000000000
  4	2	22.75000000000	6.17000000000	12.38000000000	2.11000000000	-9999.00000000000	1.07000000000	-9999.00000000000	20.50000000000	
  -9999.00000000000	-9999.00000000000	-9999.00000000000
  4	3	22.42000000000	7.34000000000	14.75000000000	2.24000000000	-9999.00000000000	1.77000000000	-9999.00000000000	21.48000000000	
  -9999.00000000000	-9999.00000000000	-9999.00000000000
  4	4	11.53000000000	4.59000000000	11.99000000000	0.15000000000	-9999.00000000000	1.48000000000	-9999.00000000000	21.63000000000	
  -9999.00000000000	-9999.00000000000	-9999.00000000000
  4	5	23.93000000000	3.49000000000	7.54000000000	0.07000000000	-9999.00000000000	1.20000000000	-9999.00000000000	22.00000000000	
  -9999.00000000000	-9999.00000000000	-9999.00000000000
  4	6	18.57000000000	7.32000000000	12.80000000000	1.52000000000	-9999.00000000000	2.27000000000	-9999.00000000000	22.00000000000	
  -9999.00000000000	-9999.00000000000	-9999.00000000000
  4	7	23.86000000000	11.07000000000	17.61000000000	5.33000000000	-9999.00000000000	3.92000000000	-9999.00000000000	22.53000000000	
  -9999.00000000000	-9999.00000000000	-9999.00000000000
  4	8	22.65000000000	9.91000000000	15.24000000000	5.88000000000	-9999.00000000000	4.06000000000	-9999.00000000000	23.23000000000	
  -9999.00000000000	-9999.00000000000	-9999.00000000000
  4	9	24.02000000000	10.07000000000	17.20000000000	4.32000000000	-9999.00000000000	4.37000000000	-9999.00000000000	23.66000000000	
  -9999.00000000000	-9999.00000000000	-9999.00000000000
  4	10	24.12000000000	8.70000000000	14.94000000000	4.06000000000	-9999.00000000000	4.13000000000	-9999.00000000000	24.11000000000	
  -9999.00000000000	-9999.00000000000	-9999.00000000000
  4	11	23.77000000000	8.44000000000	15.29000000000	3.12000000000	-9999.00000000000	4.07000000000	-9999.00000000000	24.61000000000	
  -9999.00000000000	-9999.00000000000	-9999.00000000000
  4	12	15.16000000000	5.40000000000	14.44000000000	-2.23000000000	-9999.00000000000	3.77000000000	-9999.00000000000	24.50000000000	
  -9999.00000000000	-9999.00000000000	-9999.00000000000
  4	13	24.21000000000	-0.29000000000	4.99000000000	-4.45000000000	-9999.00000000000	1.26000000000	-9999.00000000000	24.50000000000	
  -9999.00000000000	-9999.00000000000	-9999.00000000000
  4	14	15.97000000000	0.75000000000	5.33000000000	-3.62000000000	-9999.00000000000	0.65000000000	-9999.00000000000	24.50000000000	
  -9999.00000000000	-9999.00000000000	-9999.00000000000
  4	15	12.41000000000	0.32000000000	5.38000000000	-3.36000000000	-9999.00000000000	0.46000000000	-9999.00000000000	24.50000000000	
  -9999.00000000000	-9999.00000000000	-9999.00000000000
  4	16	22.87000000000	0.66000000000	6.83000000000	-3.68000000000	-9999.00000000000	1.30000000000	-9999.00000000000	24.34000000000	
  -9999.00000000000	-9999.00000000000	-9999.00000000000
  4	17	22.40000000000	2.02000000000	8.65000000000	-2.87000000000	-9999.00000000000	1.56000000000	-9999.00000000000	24.00000000000	
  -9999.00000000000	-9999.00000000000	-9999.00000000000
  4	18	26.89000000000	3.29000000000	10.03000000000	-2.28000000000	-9999.00000000000	2.61000000000	-9999.00000000000	24.00000000000	
  -9999.00000000000	-9999.00000000000	-9999.00000000000
  4	19	26.07000000000	5.00000000000	11.90000000000	-0.19000000000	-9999.00000000000	4.14000000000	-9999.00000000000	24.00000000000	
  -9999.00000000000	-9999.00000000000	-9999.00000000000
  4	20	27.39000000000	6.07000000000	12.51000000000	0.39000000000	-9999.00000000000	4.90000000000	-9999.00000000000	23.53000000000	
  -9999.00000000000	-9999.00000000000	-9999.00000000000
  4	21	26.53000000000	6.64000000000	14.39000000000	1.32000000000	-9999.00000000000	5.27000000000	-9999.00000000000	23.57000000000	
  -9999.00000000000	-9999.00000000000	-9999.00000000000
  4	22	26.72000000000	6.06000000000	12.90000000000	0.92000000000	-9999.00000000000	5.41000000000	-9999.00000000000	23.72000000000	
  -9999.00000000000	-9999.00000000000	-9999.00000000000
  4	23	17.11000000000	5.45000000000	10.06000000000	2.25000000000	-9999.00000000000	5.08000000000	-9999.00000000000	23.50000000000	
  -9999.00000000000	-9999.00000000000	-9999.00000000000
  4	24	17.01000000000	6.47000000000	15.30000000000	1.68000000000	-9999.00000000000	5.67000000000	-9999.00000000000	23.33000000000	
  -9999.00000000000	-9999.00000000000	-9999.00000000000
  4	25	15.60000000000	6.45000000000	13.53000000000	2.38000000000	-9999.00000000000	5.61000000000	-9999.00000000000	23.00000000000	
  -9999.00000000000	-9999.00000000000	-9999.00000000000
  4	26	17.04000000000	5.75000000000	12.01000000000	1.32000000000	-9999.00000000000	5.18000000000	-9999.00000000000	22.88000000000	
  -9999.00000000000	-9999.00000000000	-9999.00000000000
  4	27	8.36000000000	2.34000000000	5.60000000000	0.57000000000	-9999.00000000000	3.11000000000	-9999.00000000000	23.25000000000	
  -9999.00000000000	-9999.00000000000	-9999.00000000000
  4	28	8.77000000000	2.65000000000	5.12000000000	0.07000000000	-9999.00000000000	3.05000000000	-9999.00000000000	24.00000000000	
  -9999.00000000000	-9999.00000000000	-9999.00000000000
  4	29	8.66000000000	2.43000000000	6.90000000000	0.53000000000	-9999.00000000000	3.20000000000	-9999.00000000000	24.73000000000	
  -9999.00000000000	-9999.00000000000	-9999.00000000000
  4	30	10.33000000000	2.46000000000	6.12000000000	-0.25000000000	-9999.00000000000	2.74000000000	-9999.00000000000	26.03000000000	
  -9999.00000000000	-9999.00000000000	-9999.00000000000
  5	1	12.76000000000	3.91000000000	8.56000000000	-0.07000000000	-9999.00000000000	3.82000000000	-9999.00000000000	25.56000000000	
  -9999.00000000000	-9999.00000000000	-9999.00000000000
  5	2	10.63000000000	5.22000000000	9.41000000000	2.95000000000	-9999.00000000000	4.73000000000	-9999.00000000000	25.30000000000	
  -9999.00000000000	-9999.00000000000	-9999.00000000000
  5	3	14.03000000000	5.07000000000	8.84000000000	1.14000000000	-9999.00000000000	4.91000000000	-9999.00000000000	25.00000000000	
  -9999.00000000000	-9999.00000000000	-9999.00000000000
  5	4	27.98000000000	3.34000000000	10.21000000000	-1.70000000000	-9999.00000000000	4.63000000000	-9999.00000000000	24.55000000000	
  -9999.00000000000	-9999.00000000000	-9999.00000000000
  5	5	29.90000000000	3.69000000000	10.68000000000	-2.78000000000	-9999.00000000000	4.84000000000	-9999.00000000000	24.18000000000	
  -9999.00000000000	-9999.00000000000	-9999.00000000000
  5	6	26.17000000000	5.79000000000	12.16000000000	1.88000000000	-9999.00000000000	5.79000000000	-9999.00000000000	23.59000000000	
  -9999.00000000000	-9999.00000000000	-9999.00000000000
  5	7	28.69000000000	8.18000000000	16.19000000000	1.18000000000	-9999.00000000000	7.28000000000	-9999.00000000000	23.00000000000	
  -9999.00000000000	-9999.00000000000	-9999.00000000000
  5	8	29.84000000000	11.09000000000	19.23000000000	4.40000000000	-9999.00000000000	8.49000000000	-9999.00000000000	22.72000000000	
  -9999.00000000000	-9999.00000000000	-9999.00000000000
  5	9	24.76000000000	7.26000000000	14.01000000000	2.35000000000	-9999.00000000000	7.06000000000	-9999.00000000000	22.50000000000	
  -9999.00000000000	-9999.00000000000	-9999.00000000000
  5	10	26.36000000000	8.59000000000	16.33000000000	2.35000000000	-9999.00000000000	8.03000000000	-9999.00000000000	22.24000000000	
  -9999.00000000000	-9999.00000000000	-9999.00000000000
  5	11	16.77000000000	10.81000000000	16.58000000000	5.29000000000	-9999.00000000000	8.29000000000	-9999.00000000000	22.00000000000	
  -9999.00000000000	-9999.00000000000	-9999.00000000000
  5	12	16.75000000000	10.02000000000	14.46000000000	7.05000000000	-9999.00000000000	8.68000000000	-9999.00000000000	21.55000000000	
  -9999.00000000000	-9999.00000000000	-9999.00000000000
  5	13	29.95000000000	10.83000000000	17.39000000000	5.26000000000	-9999.00000000000	9.75000000000	-9999.00000000000	21.00000000000	
  -9999.00000000000	-9999.00000000000	-9999.00000000000
  5	14	12.94000000000	8.75000000000	12.77000000000	5.35000000000	-9999.00000000000	8.48000000000	-9999.00000000000	21.00000000000	
  -9999.00000000000	-9999.00000000000	-9999.00000000000
  5	15	6.36000000000	1.14000000000	6.44000000000	-0.41000000000	-9999.00000000000	3.94000000000	-9999.00000000000	26.96000000000	
  -9999.00000000000	-9999.00000000000	-9999.00000000000
  5	16	31.62000000000	3.64000000000	8.40000000000	-0.28000000000	-9999.00000000000	5.32000000000	-9999.00000000000	25.32000000000	
  -9999.00000000000	-9999.00000000000	-9999.00000000000
  5	17	17.36000000000	6.67000000000	12.26000000000	1.09000000000	-9999.00000000000	7.25000000000	-9999.00000000000	24.45000000000	
  -9999.00000000000	-9999.00000000000	-9999.00000000000
  5	18	21.68000000000	8.57000000000	13.92000000000	4.36000000000	-9999.00000000000	7.96000000000	-9999.00000000000	23.88000000000	
  -9999.00000000000	-9999.00000000000	-9999.00000000000
  5	19	30.81000000000	10.00000000000	16.98000000000	4.29000000000	-9999.00000000000	9.55000000000	-9999.00000000000	23.33000000000	
  -9999.00000000000	-9999.00000000000	-9999.00000000000
  5	20	24.38000000000	10.10000000000	16.91000000000	5.46000000000	-9999.00000000000	10.25000000000	-9999.00000000000	22.65000000000	
  -9999.00000000000	-9999.00000000000	-9999.00000000000
  5	21	14.58000000000	8.80000000000	15.91000000000	6.12000000000	-9999.00000000000	9.22000000000	-9999.00000000000	22.00000000000	
  -9999.00000000000	-9999.00000000000	-9999.00000000000
  5	22	18.96000000000	9.69000000000	16.72000000000	5.70000000000	-9999.00000000000	9.71000000000	-9999.00000000000	21.75000000000	
  -9999.00000000000	-9999.00000000000	-9999.00000000000
  5	23	24.82000000000	12.08000000000	18.11000000000	6.06000000000	-9999.00000000000	10.46000000000	-9999.00000000000	21.39000000000	
  -9999.00000000000	-9999.00000000000	-9999.00000000000
  5	24	19.93000000000	12.79000000000	19.02000000000	8.09000000000	-9999.00000000000	11.26000000000	-9999.00000000000	21.00000000000	
  -9999.00000000000	-9999.00000000000	-9999.00000000000
  5	25	29.80000000000	13.17000000000	19.28000000000	7.73000000000	-9999.00000000000	11.84000000000	-9999.00000000000	20.67000000000	
  -9999.00000000000	-9999.00000000000	-9999.00000000000
  5	26	25.10000000000	13.38000000000	18.59000000000	9.71000000000	-9999.00000000000	12.22000000000	-9999.00000000000	20.00000000000	
  -9999.00000000000	-9999.00000000000	-9999.00000000000
  5	27	5.47000000000	7.01000000000	13.05000000000	0.15000000000	-9999.00000000000	8.85000000000	-9999.00000000000	23.85000000000	
  -9999.00000000000	-9999.00000000000	-9999.00000000000
  5	28	24.30000000000	4.62000000000	10.00000000000	0.19000000000	-9999.00000000000	6.98000000000	-9999.00000000000	29.39000000000	
  -9999.00000000000	-9999.00000000000	-9999.00000000000
  5	29	30.50000000000	8.88000000000	16.13000000000	1.50000000000	-9999.00000000000	9.19000000000	-9999.00000000000	26.96000000000	
  -9999.00000000000	-9999.00000000000	-9999.00000000000
  5	30	30.84000000000	11.81000000000	18.09000000000	6.22000000000	-9999.00000000000	11.39000000000	-9999.00000000000	25.82000000000	
  -9999.00000000000	-9999.00000000000	-9999.00000000000
  5	31	29.10000000000	11.48000000000	17.31000000000	7.04000000000	-9999.00000000000	12.04000000000	-9999.00000000000	24.75000000000	
  -9999.00000000000	-9999.00000000000	-9999.00000000000
  6	1	19.39000000000	10.10000000000	15.92000000000	6.71000000000	-9999.00000000000	10.75000000000	-9999.00000000000	24.32000000000	
  -9999.00000000000	-9999.00000000000	-9999.00000000000
  6	2	19.97000000000	10.82000000000	16.32000000000	6.26000000000	-9999.00000000000	11.18000000000	-9999.00000000000	24.55000000000	
  -9999.00000000000	-9999.00000000000	-9999.00000000000
  6	3	12.41000000000	11.43000000000	14.42000000000	8.32000000000	-9999.00000000000	10.98000000000	-9999.00000000000	24.82000000000	
  -9999.00000000000	-9999.00000000000	-9999.00000000000
  6	4	18.22000000000	11.26000000000	15.72000000000	7.61000000000	-9999.00000000000	11.10000000000	-9999.00000000000	24.93000000000	
  -9999.00000000000	-9999.00000000000	-9999.00000000000
  6	5	20.07000000000	9.88000000000	16.48000000000	6.03000000000	-9999.00000000000	10.60000000000	-9999.00000000000	28.07000000000	
  -9999.00000000000	-9999.00000000000	-9999.00000000000
  6	6	10.66000000000	7.07000000000	10.65000000000	3.96000000000	-9999.00000000000	9.34000000000	-9999.00000000000	26.27000000000	
  -9999.00000000000	-9999.00000000000	-9999.00000000000
  6	7	10.00000000000	7.41000000000	11.51000000000	4.08000000000	-9999.00000000000	8.76000000000	-9999.00000000000	25.68000000000	
  -9999.00000000000	-9999.00000000000	-9999.00000000000
  6	8	13.28000000000	8.32000000000	12.30000000000	6.36000000000	-9999.00000000000	9.43000000000	-9999.00000000000	27.36000000000	
  -9999.00000000000	-9999.00000000000	-9999.00000000000
  6	9	9.59000000000	7.76000000000	11.50000000000	5.76000000000	-9999.00000000000	9.32000000000	-9999.00000000000	26.88000000000	
  -9999.00000000000	-9999.00000000000	-9999.00000000000
  6	10	13.93000000000	8.05000000000	10.96000000000	5.66000000000	-9999.00000000000	9.19000000000	-9999.00000000000	26.24000000000	
  -9999.00000000000	-9999.00000000000	-9999.00000000000
  6	11	11.69000000000	7.80000000000	10.92000000000	5.61000000000	-9999.00000000000	9.25000000000	-9999.00000000000	25.81000000000	
  -9999.00000000000	-9999.00000000000	-9999.00000000000
  6	12	22.30000000000	9.17000000000	14.41000000000	5.57000000000	-9999.00000000000	10.00000000000	-9999.00000000000	25.36000000000	
  -9999.00000000000	-9999.00000000000	-9999.00000000000
  6	13	7.25000000000	8.21000000000	11.60000000000	4.83000000000	-9999.00000000000	9.48000000000	-9999.00000000000	24.76000000000	
  -9999.00000000000	-9999.00000000000	-9999.00000000000
  6	14	17.33000000000	10.15000000000	15.56000000000	4.74000000000	-9999.00000000000	9.80000000000	-9999.00000000000	24.34000000000	
  -9999.00000000000	-9999.00000000000	-9999.00000000000
  6	15	20.48000000000	11.79000000000	18.10000000000	6.55000000000	-9999.00000000000	11.58000000000	-9999.00000000000	23.79000000000	
  -9999.00000000000	-9999.00000000000	-9999.00000000000
  6	16	14.79000000000	11.74000000000	16.87000000000	9.07000000000	-9999.00000000000	12.07000000000	-9999.00000000000	23.50000000000	
  -9999.00000000000	-9999.00000000000	-9999.00000000000
  6	17	10.19000000000	11.76000000000	14.66000000000	9.51000000000	-9999.00000000000	11.92000000000	-9999.00000000000	23.50000000000	
  -9999.00000000000	-9999.00000000000	-9999.00000000000
  6	18	2.87000000000	9.45000000000	10.39000000000	6.75000000000	-9999.00000000000	10.50000000000	-9999.00000000000	23.64000000000	
  -9999.00000000000	-9999.00000000000	-9999.00000000000
  6	19	30.23000000000	7.64000000000	15.25000000000	2.55000000000	-9999.00000000000	9.99000000000	-9999.00000000000	24.73000000000	
  -9999.00000000000	-9999.00000000000	-9999.00000000000
  6	20	28.36000000000	9.85000000000	16.51000000000	3.45000000000	-9999.00000000000	10.99000000000	-9999.00000000000	24.20000000000	
  -9999.00000000000	-9999.00000000000	-9999.00000000000
  6	21	29.91000000000	13.30000000000	19.14000000000	8.04000000000	-9999.00000000000	13.39000000000	-9999.00000000000	23.73000000000	
  -9999.00000000000	-9999.00000000000	-9999.00000000000
  6	22	17.21000000000	12.52000000000	18.43000000000	9.14000000000	-9999.00000000000	13.03000000000	-9999.00000000000	23.31000000000	
  -9999.00000000000	-9999.00000000000	-9999.00000000000
  6	23	5.56000000000	10.06000000000	12.98000000000	6.74000000000	-9999.00000000000	10.55000000000	-9999.00000000000	27.67000000000	
  -9999.00000000000	-9999.00000000000	-9999.00000000000
  6	24	17.66000000000	9.44000000000	16.28000000000	5.78000000000	-9999.00000000000	10.35000000000	-9999.00000000000	30.50000000000	
  -9999.00000000000	-9999.00000000000	-9999.00000000000
  6	25	20.98000000000	9.26000000000	14.84000000000	3.09000000000	-9999.00000000000	10.05000000000	-9999.00000000000	28.14000000000	
  -9999.00000000000	-9999.00000000000	-9999.00000000000
  6	26	29.70000000000	14.65000000000	21.82000000000	8.28000000000	-9999.00000000000	12.95000000000	-9999.00000000000	26.80000000000	
  -9999.00000000000	-9999.00000000000	-9999.00000000000
  6	27	32.02000000000	16.16000000000	24.23000000000	9.81000000000	-9999.00000000000	14.73000000000	-9999.00000000000	25.80000000000	
  -9999.00000000000	-9999.00000000000	-9999.00000000000
  6	28	32.50000000000	17.79000000000	24.77000000000	11.99000000000	-9999.00000000000	15.45000000000	-9999.00000000000	24.77000000000	
  -9999.00000000000	-9999.00000000000	-9999.00000000000
  6	29	30.62000000000	17.17000000000	24.33000000000	11.28000000000	-9999.00000000000	15.40000000000	-9999.00000000000	24.21000000000	
  -9999.00000000000	-9999.00000000000	-9999.00000000000
  6	30	21.28000000000	12.37000000000	18.36000000000	7.00000000000	-9999.00000000000	13.21000000000	-9999.00000000000	23.26000000000	
  -9999.00000000000	-9999.00000000000	-9999.00000000000
  7	1	24.83000000000	8.60000000000	15.73000000000	2.61000000000	-9999.00000000000	11.32000000000	-9999.00000000000	22.82000000000	
  -9999.00000000000	-9999.00000000000	-9999.00000000000
  7	2	17.88000000000	6.63000000000	11.47000000000	3.21000000000	-9999.00000000000	9.41000000000	-9999.00000000000	22.50000000000	
  -9999.00000000000	-9999.00000000000	-9999.00000000000
  7	3	28.42000000000	9.26000000000	15.57000000000	1.87000000000	-9999.00000000000	10.88000000000	-9999.00000000000	22.02000000000	
  -9999.00000000000	-9999.00000000000	-9999.00000000000
  7	4	30.15000000000	13.01000000000	20.31000000000	6.21000000000	-9999.00000000000	13.04000000000	-9999.00000000000	21.42000000000	
  -9999.00000000000	-9999.00000000000	-9999.00000000000
  7	5	23.88000000000	12.84000000000	18.45000000000	7.72000000000	-9999.00000000000	13.18000000000	-9999.00000000000	22.47000000000	
  -9999.00000000000	-9999.00000000000	-9999.00000000000
  7	6	29.20000000000	14.55000000000	21.08000000000	9.35000000000	-9999.00000000000	13.94000000000	-9999.00000000000	22.18000000000	
  -9999.00000000000	-9999.00000000000	-9999.00000000000
  7	7	14.15000000000	13.45000000000	16.28000000000	11.09000000000	-9999.00000000000	13.50000000000	-9999.00000000000	21.50000000000	
  -9999.00000000000	-9999.00000000000	-9999.00000000000
  7	8	25.66000000000	14.09000000000	19.53000000000	9.51000000000	-9999.00000000000	14.18000000000	-9999.00000000000	21.50000000000	
  -9999.00000000000	-9999.00000000000	-9999.00000000000
  7	9	29.52000000000	15.60000000000	21.02000000000	10.84000000000	-9999.00000000000	15.14000000000	-9999.00000000000	21.04000000000	
  -9999.00000000000	-9999.00000000000	-9999.00000000000
  7	10	28.01000000000	15.76000000000	21.81000000000	11.11000000000	-9999.00000000000	15.49000000000	-9999.00000000000	20.35000000000	
  -9999.00000000000	-9999.00000000000	-9999.00000000000
  7	11	31.39000000000	15.51000000000	21.31000000000	9.49000000000	-9999.00000000000	15.65000000000	-9999.00000000000	20.17000000000	
  -9999.00000000000	-9999.00000000000	-9999.00000000000
  7	12	27.43000000000	16.70000000000	22.32000000000	12.29000000000	-9999.00000000000	15.95000000000	-9999.00000000000	19.66000000000	
  -9999.00000000000	-9999.00000000000	-9999.00000000000
  7	13	14.07000000000	14.78000000000	20.65000000000	10.94000000000	-9999.00000000000	14.90000000000	-9999.00000000000	19.54000000000	
  -9999.00000000000	-9999.00000000000	-9999.00000000000
  7	14	11.76000000000	12.74000000000	14.84000000000	10.76000000000	-9999.00000000000	13.45000000000	-9999.00000000000	24.19000000000	
  -9999.00000000000	-9999.00000000000	-9999.00000000000
  7	15	24.89000000000	11.97000000000	18.44000000000	7.95000000000	-9999.00000000000	13.72000000000	-9999.00000000000	23.36000000000	
  -9999.00000000000	-9999.00000000000	-9999.00000000000
  7	16	20.67000000000	10.71000000000	16.89000000000	5.98000000000	-9999.00000000000	12.97000000000	-9999.00000000000	22.76000000000	
  -9999.00000000000	-9999.00000000000	-9999.00000000000
  7	17	5.94000000000	11.02000000000	13.36000000000	8.79000000000	-9999.00000000000	12.33000000000	-9999.00000000000	22.17000000000	
  -9999.00000000000	-9999.00000000000	-9999.00000000000
  7	18	16.43000000000	10.01000000000	13.61000000000	7.98000000000	-9999.00000000000	11.96000000000	-9999.00000000000	22.38000000000	
  -9999.00000000000	-9999.00000000000	-9999.00000000000
  7	19	21.00000000000	9.39000000000	15.21000000000	5.62000000000	-9999.00000000000	11.61000000000	-9999.00000000000	22.13000000000	
  -9999.00000000000	-9999.00000000000	-9999.00000000000
  7	20	11.93000000000	6.60000000000	10.06000000000	4.34000000000	-9999.00000000000	9.56000000000	-9999.00000000000	22.75000000000	
  -9999.00000000000	-9999.00000000000	-9999.00000000000
  7	21	20.40000000000	9.11000000000	16.61000000000	4.40000000000	-9999.00000000000	10.94000000000	-9999.00000000000	22.56000000000	
  -9999.00000000000	-9999.00000000000	-9999.00000000000
  7	22	23.38000000000	10.00000000000	16.33000000000	4.91000000000	-9999.00000000000	11.45000000000	-9999.00000000000	21.98000000000	
  -9999.00000000000	-9999.00000000000	-9999.00000000000
  7	23	12.34000000000	7.64000000000	13.37000000000	4.22000000000	-9999.00000000000	9.99000000000	-9999.00000000000	25.47000000000	
  -9999.00000000000	-9999.00000000000	-9999.00000000000
  7	24	14.38000000000	5.67000000000	9.57000000000	2.79000000000	-9999.00000000000	8.51000000000	-9999.00000000000	27.32000000000	
  -9999.00000000000	-9999.00000000000	-9999.00000000000
  7	25	17.44000000000	7.39000000000	11.52000000000	2.50000000000	-9999.00000000000	9.37000000000	-9999.00000000000	25.64000000000	
  -9999.00000000000	-9999.00000000000	-9999.00000000000
  7	26	24.90000000000	8.83000000000	15.55000000000	3.44000000000	-9999.00000000000	10.80000000000	-9999.00000000000	24.47000000000	
  -9999.00000000000	-9999.00000000000	-9999.00000000000
  7	27	19.50000000000	9.97000000000	15.19000000000	7.37000000000	-9999.00000000000	11.51000000000	-9999.00000000000	23.74000000000	
  -9999.00000000000	-9999.00000000000	-9999.00000000000
  7	28	10.31000000000	9.40000000000	15.09000000000	6.41000000000	-9999.00000000000	10.75000000000	-9999.00000000000	23.29000000000	
  -9999.00000000000	-9999.00000000000	-9999.00000000000
  7	29	17.67000000000	10.73000000000	16.39000000000	6.14000000000	-9999.00000000000	11.16000000000	-9999.00000000000	22.84000000000	
  -9999.00000000000	-9999.00000000000	-9999.00000000000
  7	30	18.42000000000	11.49000000000	16.74000000000	6.94000000000	-9999.00000000000	11.74000000000	-9999.00000000000	21.82000000000	
  -9999.00000000000	-9999.00000000000	-9999.00000000000
  7	31	25.29000000000	12.35000000000	17.53000000000	7.66000000000	-9999.00000000000	12.81000000000	-9999.00000000000	21.36000000000	
  -9999.00000000000	-9999.00000000000	-9999.00000000000
  8	1	22.93000000000	12.99000000000	19.00000000000	8.13000000000	-9999.00000000000	13.66000000000	-9999.00000000000	21.10000000000	
  -9999.00000000000	-9999.00000000000	-9999.00000000000
  8	2	25.73000000000	14.41000000000	20.52000000000	9.57000000000	-9999.00000000000	14.15000000000	-9999.00000000000	20.59000000000	
  -9999.00000000000	-9999.00000000000	-9999.00000000000
  8	3	18.11000000000	13.93000000000	19.95000000000	8.34000000000	-9999.00000000000	14.63000000000	-9999.00000000000	20.00000000000	
  -9999.00000000000	-9999.00000000000	-9999.00000000000
  8	4	17.24000000000	13.24000000000	19.32000000000	7.83000000000	-9999.00000000000	13.10000000000	-9999.00000000000	20.00000000000	
  -9999.00000000000	-9999.00000000000	-9999.00000000000
  8	5	13.84000000000	13.38000000000	17.58000000000	10.35000000000	-9999.00000000000	13.53000000000	-9999.00000000000	20.51000000000	
  -9999.00000000000	-9999.00000000000	-9999.00000000000
  8	6	18.88000000000	12.73000000000	17.26000000000	9.35000000000	-9999.00000000000	13.60000000000	-9999.00000000000	26.63000000000	
  -9999.00000000000	-9999.00000000000	-9999.00000000000
  8	7	2.23000000000	12.36000000000	12.83000000000	11.32000000000	-9999.00000000000	13.11000000000	-9999.00000000000	26.27000000000	
  -9999.00000000000	-9999.00000000000	-9999.00000000000
  8	8	7.33000000000	11.14000000000	14.16000000000	5.36000000000	-9999.00000000000	12.69000000000	-9999.00000000000	26.22000000000	
  -9999.00000000000	-9999.00000000000	-9999.00000000000
  8	9	19.37000000000	8.40000000000	14.07000000000	4.19000000000	-9999.00000000000	10.80000000000	-9999.00000000000	25.88000000000	
  -9999.00000000000	-9999.00000000000	-9999.00000000000
  8	10	27.62000000000	8.03000000000	12.91000000000	3.69000000000	-9999.00000000000	10.53000000000	-9999.00000000000	24.75000000000	
  -9999.00000000000	-9999.00000000000	-9999.00000000000
  8	11	27.58000000000	10.75000000000	16.86000000000	5.63000000000	-9999.00000000000	11.86000000000	-9999.00000000000	23.58000000000	
  -9999.00000000000	-9999.00000000000	-9999.00000000000
  8	12	21.15000000000	12.66000000000	20.25000000000	7.85000000000	-9999.00000000000	13.13000000000	-9999.00000000000	22.89000000000	
  -9999.00000000000	-9999.00000000000	-9999.00000000000
  8	13	21.47000000000	13.37000000000	20.80000000000	8.98000000000	-9999.00000000000	13.64000000000	-9999.00000000000	22.26000000000	
  -9999.00000000000	-9999.00000000000	-9999.00000000000
  8	14	26.35000000000	14.60000000000	20.00000000000	10.43000000000	-9999.00000000000	14.72000000000	-9999.00000000000	21.71000000000	
  -9999.00000000000	-9999.00000000000	-9999.00000000000
  8	15	12.17000000000	11.68000000000	14.43000000000	8.89000000000	-9999.00000000000	13.06000000000	-9999.00000000000	22.48000000000	
  -9999.00000000000	-9999.00000000000	-9999.00000000000
  8	16	26.46000000000	13.37000000000	18.67000000000	8.29000000000	-9999.00000000000	13.61000000000	-9999.00000000000	22.94000000000	
  -9999.00000000000	-9999.00000000000	-9999.00000000000
  8	17	25.51000000000	15.60000000000	22.13000000000	12.02000000000	-9999.00000000000	15.27000000000	-9999.00000000000	22.18000000000	
  -9999.00000000000	-9999.00000000000	-9999.00000000000
  8	18	24.91000000000	16.06000000000	22.10000000000	11.96000000000	-9999.00000000000	15.65000000000	-9999.00000000000	21.25000000000	
  -9999.00000000000	-9999.00000000000	-9999.00000000000
  8	19	20.95000000000	16.09000000000	21.54000000000	12.29000000000	-9999.00000000000	15.98000000000	-9999.00000000000	20.83000000000	
  -9999.00000000000	-9999.00000000000	-9999.00000000000
  8	20	24.14000000000	17.16000000000	23.54000000000	12.41000000000	-9999.00000000000	15.78000000000	-9999.00000000000	20.15000000000	
  -9999.00000000000	-9999.00000000000	-9999.00000000000
  8	21	25.27000000000	17.84000000000	24.53000000000	13.19000000000	-9999.00000000000	16.28000000000	-9999.00000000000	19.72000000000	
  -9999.00000000000	-9999.00000000000	-9999.00000000000
  8	22	24.72000000000	18.44000000000	25.63000000000	13.73000000000	-9999.00000000000	16.58000000000	-9999.00000000000	19.15000000000	
  -9999.00000000000	-9999.00000000000	-9999.00000000000
  8	23	24.79000000000	18.19000000000	24.10000000000	13.84000000000	-9999.00000000000	16.25000000000	-9999.00000000000	18.50000000000	
  -9999.00000000000	-9999.00000000000	-9999.00000000000
  8	24	21.81000000000	17.28000000000	22.77000000000	13.57000000000	-9999.00000000000	16.12000000000	-9999.00000000000	18.30000000000	
  -9999.00000000000	-9999.00000000000	-9999.00000000000
  8	25	24.61000000000	16.91000000000	23.12000000000	12.62000000000	-9999.00000000000	15.69000000000	-9999.00000000000	17.70000000000	
  -9999.00000000000	-9999.00000000000	-9999.00000000000
  8	26	21.01000000000	16.79000000000	22.63000000000	12.94000000000	-9999.00000000000	15.80000000000	-9999.00000000000	17.50000000000	
  -9999.00000000000	-9999.00000000000	-9999.00000000000
  8	27	9.92000000000	9.67000000000	17.08000000000	2.58000000000	-9999.00000000000	12.31000000000	-9999.00000000000	18.43000000000	
  -9999.00000000000	-9999.00000000000	-9999.00000000000
  8	28	24.78000000000	9.47000000000	16.17000000000	2.95000000000	-9999.00000000000	10.90000000000	-9999.00000000000	19.44000000000	
  -9999.00000000000	-9999.00000000000	-9999.00000000000
  8	29	23.80000000000	12.35000000000	18.41000000000	7.71000000000	-9999.00000000000	12.70000000000	-9999.00000000000	19.00000000000	
  -9999.00000000000	-9999.00000000000	-9999.00000000000
  8	30	20.76000000000	12.61000000000	18.26000000000	8.69000000000	-9999.00000000000	13.31000000000	-9999.00000000000	18.72000000000	
  -9999.00000000000	-9999.00000000000	-9999.00000000000
  8	31	17.62000000000	12.95000000000	17.29000000000	10.55000000000	-9999.00000000000	13.40000000000	-9999.00000000000	18.50000000000	
  -9999.00000000000	-9999.00000000000	-9999.00000000000
  9	1	11.28000000000	11.99000000000	15.23000000000	10.31000000000	-9999.00000000000	12.85000000000	-9999.00000000000	18.19000000000	
  -9999.00000000000	-9999.00000000000	-9999.00000000000
  9	2	19.05000000000	13.30000000000	18.94000000000	9.50000000000	-9999.00000000000	13.44000000000	-9999.00000000000	17.75000000000	
  -9999.00000000000	-9999.00000000000	-9999.00000000000
  9	3	21.93000000000	14.63000000000	19.54000000000	9.65000000000	-9999.00000000000	14.14000000000	-9999.00000000000	17.29000000000	
  -9999.00000000000	-9999.00000000000	-9999.00000000000
  9	4	3.81000000000	13.34000000000	15.40000000000	11.34000000000	-9999.00000000000	13.80000000000	-9999.00000000000	17.10000000000	
  -9999.00000000000	-9999.00000000000	-9999.00000000000
  9	5	9.98000000000	11.13000000000	13.40000000000	7.71000000000	-9999.00000000000	12.75000000000	-9999.00000000000	17.50000000000	
  -9999.00000000000	-9999.00000000000	-9999.00000000000
  9	6	20.99000000000	9.63000000000	15.37000000000	5.34000000000	-9999.00000000000	11.78000000000	-9999.00000000000	17.50000000000	
  -9999.00000000000	-9999.00000000000	-9999.00000000000
  9	7	17.42000000000	11.58000000000	17.08000000000	7.61000000000	-9999.00000000000	12.42000000000	-9999.00000000000	17.31000000000	
  -9999.00000000000	-9999.00000000000	-9999.00000000000
  9	8	14.92000000000	12.41000000000	16.67000000000	8.99000000000	-9999.00000000000	12.48000000000	-9999.00000000000	17.00000000000	
  -9999.00000000000	-9999.00000000000	-9999.00000000000
  9	9	21.60000000000	13.77000000000	19.24000000000	9.28000000000	-9999.00000000000	13.18000000000	-9999.00000000000	17.00000000000	
  -9999.00000000000	-9999.00000000000	-9999.00000000000
  9	10	22.12000000000	14.05000000000	19.27000000000	9.87000000000	-9999.00000000000	13.83000000000	-9999.00000000000	16.82000000000	
  -9999.00000000000	-9999.00000000000	-9999.00000000000
  9	11	19.76000000000	13.76000000000	19.61000000000	10.06000000000	-9999.00000000000	13.73000000000	-9999.00000000000	16.30000000000	
  -9999.00000000000	-9999.00000000000	-9999.00000000000
  9	12	17.28000000000	11.93000000000	16.72000000000	8.37000000000	-9999.00000000000	12.84000000000	-9999.00000000000	16.00000000000	
  -9999.00000000000	-9999.00000000000	-9999.00000000000
  9	13	21.55000000000	13.33000000000	18.95000000000	8.89000000000	-9999.00000000000	12.87000000000	-9999.00000000000	16.00000000000	
  -9999.00000000000	-9999.00000000000	-9999.00000000000
  9	14	19.99000000000	13.94000000000	17.92000000000	10.56000000000	-9999.00000000000	13.52000000000	-9999.00000000000	16.00000000000	
  -9999.00000000000	-9999.00000000000	-9999.00000000000
  9	15	18.82000000000	13.84000000000	17.72000000000	11.00000000000	-9999.00000000000	13.72000000000	-9999.00000000000	16.00000000000	
  -9999.00000000000	-9999.00000000000	-9999.00000000000
  9	16	19.05000000000	13.92000000000	18.88000000000	11.37000000000	-9999.00000000000	13.94000000000	-9999.00000000000	16.00000000000	
  -9999.00000000000	-9999.00000000000	-9999.00000000000
  9	17	15.44000000000	13.30000000000	17.36000000000	9.15000000000	-9999.00000000000	13.79000000000	-9999.00000000000	16.00000000000	
  -9999.00000000000	-9999.00000000000	-9999.00000000000
  9	18	1.19000000000	8.31000000000	10.17000000000	1.50000000000	-9999.00000000000	9.81000000000	-9999.00000000000	20.80000000000	
  -9999.00000000000	-9999.00000000000	-9999.00000000000
  9	19	5.33000000000	0.28000000000	1.17000000000	-0.13000000000	-9999.00000000000	3.09000000000	-9999.00000000000	23.11000000000	
  -9999.00000000000	-9999.00000000000	-9999.00000000000
  9	20	20.78000000000	3.85000000000	8.73000000000	-0.33000000000	-9999.00000000000	4.76000000000	-9999.00000000000	23.84000000000	
  -9999.00000000000	-9999.00000000000	-9999.00000000000
  9	21	20.13000000000	9.19000000000	15.36000000000	3.56000000000	-9999.00000000000	8.17000000000	-9999.00000000000	23.25000000000	
  -9999.00000000000	-9999.00000000000	-9999.00000000000
  9	22	18.63000000000	10.55000000000	18.00000000000	6.78000000000	-9999.00000000000	9.69000000000	-9999.00000000000	22.72000000000	
  -9999.00000000000	-9999.00000000000	-9999.00000000000
  9	23	19.14000000000	10.30000000000	16.20000000000	6.36000000000	-9999.00000000000	10.22000000000	-9999.00000000000	22.30000000000	
  -9999.00000000000	-9999.00000000000	-9999.00000000000
  9	24	17.68000000000	10.62000000000	16.55000000000	7.56000000000	-9999.00000000000	10.96000000000	-9999.00000000000	22.00000000000	
  -9999.00000000000	-9999.00000000000	-9999.00000000000
  9	25	17.73000000000	10.58000000000	17.21000000000	7.32000000000	-9999.00000000000	10.89000000000	-9999.00000000000	21.85000000000	
  -9999.00000000000	-9999.00000000000	-9999.00000000000
  9	26	19.14000000000	10.76000000000	17.47000000000	6.83000000000	-9999.00000000000	10.78000000000	-9999.00000000000	21.50000000000	
  -9999.00000000000	-9999.00000000000	-9999.00000000000
  9	27	18.53000000000	11.40000000000	17.23000000000	7.25000000000	-9999.00000000000	11.07000000000	-9999.00000000000	21.22000000000	
  -9999.00000000000	-9999.00000000000	-9999.00000000000
  9	28	19.26000000000	10.43000000000	16.53000000000	6.81000000000	-9999.00000000000	10.76000000000	-9999.00000000000	20.72000000000	
  -9999.00000000000	-9999.00000000000	-9999.00000000000
  9	29	17.72000000000	10.13000000000	15.40000000000	6.53000000000	-9999.00000000000	10.54000000000	-9999.00000000000	20.39000000000	
  -9999.00000000000	-9999.00000000000	-9999.00000000000
  9	30	17.97000000000	10.57000000000	16.62000000000	7.04000000000	-9999.00000000000	10.64000000000	-9999.00000000000	20.18000000000	
  -9999.00000000000	-9999.00000000000	-9999.00000000000
 10	1	17.80000000000	11.35000000000	17.04000000000	7.51000000000	-9999.00000000000	10.88000000000	-9999.00000000000	20.00000000000	
  -9999.00000000000	-9999.00000000000	-9999.00000000000
 10	2	17.43000000000	11.59000000000	17.27000000000	8.27000000000	-9999.00000000000	11.15000000000	-9999.00000000000	19.76000000000	
  -9999.00000000000	-9999.00000000000	-9999.00000000000
 10	3	17.51000000000	11.27000000000	16.51000000000	8.14000000000	-9999.00000000000	11.14000000000	-9999.00000000000	19.50000000000	
  -9999.00000000000	-9999.00000000000	-9999.00000000000
 10	4	17.77000000000	10.99000000000	16.87000000000	7.74000000000	-9999.00000000000	10.87000000000	-9999.00000000000	19.50000000000	
  -9999.00000000000	-9999.00000000000	-9999.00000000000
 10	5	17.38000000000	10.66000000000	15.92000000000	6.90000000000	-9999.00000000000	10.41000000000	-9999.00000000000	19.28000000000	
  -9999.00000000000	-9999.00000000000	-9999.00000000000
 10	6	11.21000000000	10.31000000000	12.93000000000	7.79000000000	-9999.00000000000	10.90000000000	-9999.00000000000	19.00000000000	
  -9999.00000000000	-9999.00000000000	-9999.00000000000
 10	7	11.38000000000	1.48000000000	8.56000000000	-2.59000000000	-9999.00000000000	5.48000000000	-9999.00000000000	22.98000000000	
  -9999.00000000000	-9999.00000000000	-9999.00000000000
 10	8	12.84000000000	-0.61000000000	4.65000000000	-3.29000000000	-9999.00000000000	3.63000000000	-9999.00000000000	23.28000000000	
  -9999.00000000000	-9999.00000000000	-9999.00000000000
 10	9	17.38000000000	-1.23000000000	2.58000000000	-3.17000000000	-9999.00000000000	2.92000000000	-9999.00000000000	23.00000000000	
  -9999.00000000000	-9999.00000000000	-9999.00000000000
 10	10	14.00000000000	5.55000000000	12.22000000000	-1.61000000000	-9999.00000000000	5.45000000000	-9999.00000000000	23.00000000000	
  -9999.00000000000	-9999.00000000000	-9999.00000000000
 10	11	15.07000000000	9.07000000000	14.97000000000	4.66000000000	-9999.00000000000	7.67000000000	-9999.00000000000	22.40000000000	
  -9999.00000000000	-9999.00000000000	-9999.00000000000
 10	12	15.55000000000	9.75000000000	15.27000000000	6.31000000000	-9999.00000000000	8.24000000000	-9999.00000000000	21.76000000000	
  -9999.00000000000	-9999.00000000000	-9999.00000000000
 10	13	14.90000000000	6.76000000000	11.39000000000	3.24000000000	-9999.00000000000	7.34000000000	-9999.00000000000	21.50000000000	
  -9999.00000000000	-9999.00000000000	-9999.00000000000
 10	14	15.94000000000	3.12000000000	8.14000000000	-0.97000000000	-9999.00000000000	5.42000000000	-9999.00000000000	21.30000000000	
  -9999.00000000000	-9999.00000000000	-9999.00000000000
 10	15	15.55000000000	1.50000000000	7.02000000000	-2.74000000000	-9999.00000000000	4.28000000000	-9999.00000000000	21.00000000000	
  -9999.00000000000	-9999.00000000000	-9999.00000000000
 10	16	15.10000000000	3.49000000000	9.68000000000	-0.02000000000	-9999.00000000000	4.95000000000	-9999.00000000000	21.00000000000	
  -9999.00000000000	-9999.00000000000	-9999.00000000000
 10	17	15.14000000000	3.93000000000	10.29000000000	-0.54000000000	-9999.00000000000	5.18000000000	-9999.00000000000	21.00000000000	
  -9999.00000000000	-9999.00000000000	-9999.00000000000
 10	18	14.94000000000	3.91000000000	11.80000000000	1.26000000000	-9999.00000000000	5.23000000000	-9999.00000000000	21.00000000000	
  -9999.00000000000	-9999.00000000000	-9999.00000000000
 10	19	1.31000000000	3.16000000000	4.15000000000	2.20000000000	-9999.00000000000	5.31000000000	-9999.00000000000	21.00000000000	
  -9999.00000000000	-9999.00000000000	-9999.00000000000
 10	20	8.73000000000	-1.53000000000	1.28000000000	-4.31000000000	-9999.00000000000	3.35000000000	-9999.00000000000	21.00000000000	
  -9999.00000000000	-9999.00000000000	-9999.00000000000
 10	21	14.81000000000	-2.27000000000	1.11000000000	-4.97000000000	-9999.00000000000	1.57000000000	-9999.00000000000	21.00000000000	
  -9999.00000000000	-9999.00000000000	-9999.00000000000
 10	22	14.31000000000	-2.46000000000	1.74000000000	-5.84000000000	-9999.00000000000	1.24000000000	-9999.00000000000	21.00000000000	
  -9999.00000000000	-9999.00000000000	-9999.00000000000
 10	23	13.98000000000	-0.78000000000	2.83000000000	-4.11000000000	-9999.00000000000	1.70000000000	-9999.00000000000	21.00000000000	
  -9999.00000000000	-9999.00000000000	-9999.00000000000
 10	24	6.19000000000	-0.49000000000	2.05000000000	-1.97000000000	-9999.00000000000	2.27000000000	-9999.00000000000	21.00000000000	
  -9999.00000000000	-9999.00000000000	-9999.00000000000
 10	25	2.59000000000	2.52000000000	4.34000000000	-0.48000000000	-9999.00000000000	3.77000000000	-9999.00000000000	21.74000000000	
  -9999.00000000000	-9999.00000000000	-9999.00000000000
 10	26	2.77000000000	3.76000000000	5.47000000000	1.49000000000	-9999.00000000000	4.55000000000	-9999.00000000000	26.21000000000	
  -9999.00000000000	-9999.00000000000	-9999.00000000000
 10	27	10.39000000000	2.25000000000	5.82000000000	-0.39000000000	-9999.00000000000	3.94000000000	-9999.00000000000	25.49000000000	
  -9999.00000000000	-9999.00000000000	-9999.00000000000
 10	28	11.65000000000	3.88000000000	12.10000000000	-0.33000000000	-9999.00000000000	4.38000000000	-9999.00000000000	25.00000000000	
  -9999.00000000000	-9999.00000000000	-9999.00000000000
 10	29	12.30000000000	5.40000000000	10.81000000000	2.59000000000	-9999.00000000000	4.79000000000	-9999.00000000000	24.71000000000	
  -9999.00000000000	-9999.00000000000	-9999.00000000000
 10	30	12.49000000000	5.87000000000	11.82000000000	2.85000000000	-9999.00000000000	4.99000000000	-9999.00000000000	24.00000000000	
  -9999.00000000000	-9999.00000000000	-9999.00000000000
 10	31	12.29000000000	4.61000000000	9.65000000000	1.72000000000	-9999.00000000000	4.51000000000	-9999.00000000000	23.84000000000	
  -9999.00000000000	-9999.00000000000	-9999.00000000000
 11	1	11.18000000000	3.95000000000	9.08000000000	1.26000000000	-9999.00000000000	4.19000000000	-9999.00000000000	23.50000000000	
  -9999.00000000000	-9999.00000000000	-9999.00000000000
 11	2	9.16000000000	3.25000000000	7.99000000000	-0.02000000000	-9999.00000000000	4.06000000000	-9999.00000000000	23.46000000000	
  -9999.00000000000	-9999.00000000000	-9999.00000000000
 11	3	1.56000000000	2.26000000000	3.08000000000	-0.34000000000	-9999.00000000000	3.76000000000	-9999.00000000000	23.00000000000	
  -9999.00000000000	-9999.00000000000	-9999.00000000000
 11	4	1.56000000000	4.56000000000	5.91000000000	3.03000000000	-9999.00000000000	5.15000000000	-9999.00000000000	23.32000000000	
  -9999.00000000000	-9999.00000000000	-9999.00000000000
 11	5	3.68000000000	6.11000000000	7.79000000000	5.06000000000	-9999.00000000000	6.50000000000	-9999.00000000000	23.08000000000	
  -9999.00000000000	-9999.00000000000	-9999.00000000000
 11	6	4.13000000000	6.31000000000	8.36000000000	4.90000000000	-9999.00000000000	6.39000000000	-9999.00000000000	23.00000000000	
  -9999.00000000000	-9999.00000000000	-9999.00000000000
 11	7	3.53000000000	3.59000000000	5.61000000000	2.30000000000	-9999.00000000000	5.45000000000	-9999.00000000000	22.73000000000	
  -9999.00000000000	-9999.00000000000	-9999.00000000000
 11	8	4.37000000000	3.28000000000	5.11000000000	1.88000000000	-9999.00000000000	5.09000000000	-9999.00000000000	22.50000000000	
  -9999.00000000000	-9999.00000000000	-9999.00000000000
 11	9	7.64000000000	2.26000000000	4.56000000000	0.80000000000	-9999.00000000000	4.33000000000	-9999.00000000000	22.50000000000	
  -9999.00000000000	-9999.00000000000	-9999.00000000000
 11	10	10.52000000000	3.06000000000	8.13000000000	0.37000000000	-9999.00000000000	3.64000000000	-9999.00000000000	22.50000000000	
  -9999.00000000000	-9999.00000000000	-9999.00000000000
 11	11	5.71000000000	1.64000000000	5.12000000000	-0.32000000000	-9999.00000000000	3.29000000000	-9999.00000000000	22.50000000000	
  -9999.00000000000	-9999.00000000000	-9999.00000000000
 11	12	10.73000000000	1.96000000000	7.39000000000	-1.87000000000	-9999.00000000000	3.06000000000	-9999.00000000000	22.50000000000	
  -9999.00000000000	-9999.00000000000	-9999.00000000000
 11	13	10.68000000000	1.20000000000	5.63000000000	-1.37000000000	-9999.00000000000	2.35000000000	-9999.00000000000	22.50000000000	
  -9999.00000000000	-9999.00000000000	-9999.00000000000
 11	14	10.70000000000	1.02000000000	6.24000000000	-1.61000000000	-9999.00000000000	2.01000000000	-9999.00000000000	22.50000000000	
  -9999.00000000000	-9999.00000000000	-9999.00000000000
 11	15	10.30000000000	1.09000000000	9.17000000000	-2.01000000000	-9999.00000000000	1.87000000000	-9999.00000000000	22.50000000000	
  -9999.00000000000	-9999.00000000000	-9999.00000000000
 11	16	9.97000000000	-0.51000000000	4.11000000000	-2.79000000000	-9999.00000000000	1.37000000000	-9999.00000000000	22.50000000000	
  -9999.00000000000	-9999.00000000000	-9999.00000000000
 11	17	9.94000000000	0.24000000000	5.73000000000	-2.83000000000	-9999.00000000000	1.25000000000	-9999.00000000000	22.50000000000	
  -9999.00000000000	-9999.00000000000	-9999.00000000000
 11	18	9.72000000000	0.25000000000	5.19000000000	-2.31000000000	-9999.00000000000	1.14000000000	-9999.00000000000	22.32000000000	
  -9999.00000000000	-9999.00000000000	-9999.00000000000
 11	19	9.16000000000	0.09000000000	4.99000000000	-2.52000000000	-9999.00000000000	1.01000000000	-9999.00000000000	22.44000000000	
  -9999.00000000000	-9999.00000000000	-9999.00000000000
 11	20	8.38000000000	0.89000000000	6.52000000000	-1.69000000000	-9999.00000000000	1.34000000000	-9999.00000000000	22.14000000000	
  -9999.00000000000	-9999.00000000000	-9999.00000000000
 11	21	9.03000000000	-0.27000000000	4.63000000000	-2.71000000000	-9999.00000000000	1.13000000000	-9999.00000000000	22.01000000000	
  -9999.00000000000	-9999.00000000000	-9999.00000000000
 11	22	8.93000000000	-0.22000000000	4.57000000000	-2.81000000000	-9999.00000000000	0.95000000000	-9999.00000000000	22.00000000000	
  -9999.00000000000	-9999.00000000000	-9999.00000000000
 11	23	8.67000000000	1.67000000000	6.90000000000	-1.66000000000	-9999.00000000000	1.33000000000	-9999.00000000000	22.03000000000	
  -9999.00000000000	-9999.00000000000	-9999.00000000000
 11	24	9.13000000000	2.04000000000	7.07000000000	-0.42000000000	-9999.00000000000	1.51000000000	-9999.00000000000	22.00000000000	
  -9999.00000000000	-9999.00000000000	-9999.00000000000
 11	25	9.05000000000	1.91000000000	6.20000000000	-1.29000000000	-9999.00000000000	1.30000000000	-9999.00000000000	21.77000000000	
  -9999.00000000000	-9999.00000000000	-9999.00000000000
 11	26	7.98000000000	3.36000000000	7.58000000000	0.87000000000	-9999.00000000000	1.63000000000	-9999.00000000000	21.50000000000	
  -9999.00000000000	-9999.00000000000	-9999.00000000000
 11	27	8.70000000000	4.26000000000	8.70000000000	1.06000000000	-9999.00000000000	1.90000000000	-9999.00000000000	21.50000000000	
  -9999.00000000000	-9999.00000000000	-9999.00000000000
 11	28	7.63000000000	3.38000000000	8.48000000000	-0.98000000000	-9999.00000000000	2.35000000000	-9999.00000000000	21.50000000000	
  -9999.00000000000	-9999.00000000000	-9999.00000000000
 11	29	8.64000000000	1.33000000000	5.87000000000	-1.62000000000	-9999.00000000000	1.72000000000	-9999.00000000000	21.50000000000	
  -9999.00000000000	-9999.00000000000	-9999.00000000000
 11	30	7.89000000000	2.07000000000	6.58000000000	-1.05000000000	-9999.00000000000	1.79000000000	-9999.00000000000	21.50000000000	
  -9999.00000000000	-9999.00000000000	-9999.00000000000
 12	1	8.15000000000	-0.35000000000	3.91000000000	-2.58000000000	-9999.00000000000	1.15000000000	-9999.00000000000	21.50000000000	
  -9999.00000000000	-9999.00000000000	-9999.00000000000
 12	2	3.75000000000	1.30000000000	4.20000000000	-1.95000000000	-9999.00000000000	1.74000000000	-9999.00000000000	21.50000000000	
  -9999.00000000000	-9999.00000000000	-9999.00000000000
 12	3	0.71000000000	1.55000000000	1.94000000000	1.10000000000	-9999.00000000000	2.61000000000	-9999.00000000000	21.68000000000	
  -9999.00000000000	-9999.00000000000	-9999.00000000000
 12	4	4.83000000000	0.71000000000	1.68000000000	-0.02000000000	-9999.00000000000	2.44000000000	-9999.00000000000	22.80000000000	
  -9999.00000000000	-9999.00000000000	-9999.00000000000
 12	5	7.01000000000	-1.15000000000	1.55000000000	-5.61000000000	-9999.00000000000	1.72000000000	-9999.00000000000	23.00000000000	
  -9999.00000000000	-9999.00000000000	-9999.00000000000
 12	6	7.65000000000	-4.46000000000	-1.70000000000	-6.18000000000	-9999.00000000000	-0.30000000000	-9999.00000000000	22.75000000000	
  -9999.00000000000	-9999.00000000000	-9999.00000000000
 12	7	1.77000000000	-3.42000000000	-1.08000000000	-5.94000000000	-9999.00000000000	-0.33000000000	-9999.00000000000	22.50000000000	
  -9999.00000000000	-9999.00000000000	-9999.00000000000
 12	8	7.77000000000	-2.31000000000	-0.15000000000	-4.92000000000	-9999.00000000000	-0.18000000000	-9999.00000000000	22.50000000000	
  -9999.00000000000	-9999.00000000000	-9999.00000000000
 12	9	5.88000000000	-1.41000000000	1.11000000000	-3.91000000000	-9999.00000000000	-0.07000000000	-9999.00000000000	22.50000000000	
  -9999.00000000000	-9999.00000000000	-9999.00000000000
 12	10	4.60000000000	0.02000000000	2.25000000000	-0.90000000000	-9999.00000000000	0.72000000000	-9999.00000000000	22.50000000000	
  -9999.00000000000	-9999.00000000000	-9999.00000000000
 12	11	1.65000000000	-0.72000000000	0.43000000000	-2.68000000000	-9999.00000000000	0.59000000000	-9999.00000000000	22.50000000000	
  -9999.00000000000	-9999.00000000000	-9999.00000000000
 12	12	1.34000000000	-1.07000000000	0.53000000000	-5.37000000000	-9999.00000000000	0.70000000000	-9999.00000000000	22.50000000000	
  -9999.00000000000	-9999.00000000000	-9999.00000000000
 12	13	4.68000000000	-4.92000000000	-1.75000000000	-7.63000000000	-9999.00000000000	-0.35000000000	-9999.00000000000	22.50000000000	
  -9999.00000000000	-9999.00000000000	-9999.00000000000
 12	14	1.43000000000	-1.79000000000	-0.18000000000	-4.90000000000	-9999.00000000000	0.04000000000	-9999.00000000000	22.50000000000	
  -9999.00000000000	-9999.00000000000	-9999.00000000000
 12	15	2.07000000000	-2.21000000000	-0.56000000000	-6.00000000000	-9999.00000000000	0.40000000000	-9999.00000000000	22.41000000000	
  -9999.00000000000	-9999.00000000000	-9999.00000000000
 12	16	0.76000000000	-3.64000000000	-1.31000000000	-6.30000000000	-9999.00000000000	-0.32000000000	-9999.00000000000	22.00000000000	
  -9999.00000000000	-9999.00000000000	-9999.00000000000
 12	17	6.69000000000	-8.33000000000	-5.19000000000	-10.74000000000	-9999.00000000000	-1.01000000000	-9999.00000000000	22.11000000000	
  -9999.00000000000	-9999.00000000000	-9999.00000000000
 12	18	4.73000000000	-9.36000000000	-6.08000000000	-11.25000000000	-9999.00000000000	-1.95000000000	-9999.00000000000	22.01000000000	
  -9999.00000000000	-9999.00000000000	-9999.00000000000
 12	19	7.54000000000	-10.67000000000	-7.33000000000	-13.03000000000	-9999.00000000000	-2.84000000000	-9999.00000000000	22.00000000000	
  -9999.00000000000	-9999.00000000000	-9999.00000000000
 12	20	6.09000000000	-10.93000000000	-5.80000000000	-14.36000000000	-9999.00000000000	-3.61000000000	-9999.00000000000	22.00000000000	
  -9999.00000000000	-9999.00000000000	-9999.00000000000
 12	21	4.62000000000	-6.15000000000	-3.29000000000	-8.64000000000	-9999.00000000000	-2.65000000000	-9999.00000000000	22.00000000000	
  -9999.00000000000	-9999.00000000000	-9999.00000000000
 12	22	2.83000000000	-3.48000000000	-0.61000000000	-7.18000000000	-9999.00000000000	-1.89000000000	-9999.00000000000	22.00000000000	
  -9999.00000000000	-9999.00000000000	-9999.00000000000
 12	23	7.29000000000	0.95000000000	3.90000000000	-1.98000000000	-9999.00000000000	-0.67000000000	-9999.00000000000	22.00000000000	
  -9999.00000000000	-9999.00000000000	-9999.00000000000
 12	24	2.25000000000	-2.92000000000	1.30000000000	-7.04000000000	-9999.00000000000	-1.06000000000	-9999.00000000000	22.00000000000	
  -9999.00000000000	-9999.00000000000	-9999.00000000000
 12	25	7.26000000000	-5.29000000000	-2.33000000000	-8.80000000000	-9999.00000000000	-2.23000000000	-9999.00000000000	22.00000000000	
  -9999.00000000000	-9999.00000000000	-9999.00000000000
 12	26	3.85000000000	0.45000000000	4.37000000000	-3.84000000000	-9999.00000000000	-1.02000000000	-9999.00000000000	22.00000000000	
  -9999.00000000000	-9999.00000000000	-9999.00000000000
 12	27	7.33000000000	1.22000000000	4.41000000000	-1.12000000000	-9999.00000000000	-0.19000000000	-9999.00000000000	22.00000000000	
  -9999.00000000000	-9999.00000000000	-9999.00000000000
 12	28	7.45000000000	1.74000000000	7.71000000000	-1.80000000000	-9999.00000000000	-0.02000000000	-9999.00000000000	22.00000000000	
  -9999.00000000000	-9999.00000000000	-9999.00000000000
 12	29	1.56000000000	-3.02000000000	-0.16000000000	-7.32000000000	-9999.00000000000	-0.69000000000	-9999.00000000000	22.00000000000	
  -9999.00000000000	-9999.00000000000	-9999.00000000000
 12	30	2.16000000000	-7.58000000000	-4.76000000000	-10.27000000000	-9999.00000000000	-2.31000000000	-9999.00000000000	22.00000000000	
  -9999.00000000000	-9999.00000000000	-9999.00000000000
 12	31	5.05000000000	-5.95000000000	-1.69000000000	-10.48000000000	-9999.00000000000	-2.60000000000	-9999.00000000000	22.00000000000	
  -9999.00000000000	-9999.00000000000	-9999.00000000000
