Month	n_days	Rg_f	Ta_f	Tmax	Tmin	VPD_f	Ts_f	Precip	SWC	LAI
1	1	1.04	8.32	9.35	6.92	2.98	4.03	0	-9999	0
1	2	0.87	7.03	8.42	5.35	2.78	4.31	0	-9999	0
1	3	3.77	4.35	6.68	0.89	2.5	3.82	0.1	-9999	0
1	4	3.58	5.65	7.48	4.27	2.76	3.83	0.1	-9999	0
1	5	1.49	3.9	4.68	3.35	3.08	3.9	0	-9999	0
1	6	3.66	3.73	5.41	2.03	2.95	3.78	0	-9999	0
1	7	2.36	4.07	5.61	2.7	2.96	3.85	0	-9999	0
1	8	3	3.79	5.74	2.74	2.83	3.8	0	-9999	0
1	9	4.15	3.63	7.34	0.92	2.45	3.56	0	-9999	0
1	10	2.96	4.39	7.44	1.62	2.91	3.45	0	-9999	0
1	11	0.51	6.21	7.96	4.47	3.36	4.09	3.4	-9999	0
1	12	0.91	5.86	6.72	4.58	3.38	4.58	0	-9999	0
1	13	3.72	4.45	5.63	1.92	2.78	4.41	0	-9999	0
1	14	4.49	4.23	8.19	2.03	2.34	3.81	0	-9999	0
1	15	4.76	2.42	5.29	0.52	2.3	3.49	0	-9999	0
1	16	4.27	4.06	7.51	0.25	2.34	3.25	0	-9999	0
1	17	0.71	8.6	9.88	7.44	3.35	4.43	7.3	-9999	0
1	18	1.82	8.13	9.48	7.36	3.35	4.79	0.1	-9999	0
1	19	1.69	9.53	11.83	7.17	3.65	5.14	0.2	-9999	0
1	20	1.08	10.2	12.01	7.72	2.87	6.04	2.7	-9999	0
1	21	2.22	8.01	9.27	5.69	2.75	5.51	0	-9999	0
1	22	0.93	4.06	5.39	0.95	2.36	5.19	0	-9999	0
1	23	5.59	1.16	4.09	-0.6	2.98	4.17	0	-9999	0
1	24	5.3	1.25	5.85	-1.96	2.96	3.39	0	-9999	0
1	25	2.87	3.39	7.22	0.24	2.96	2.94	0.3	-9999	0
1	26	1.86	3.11	4.25	1.11	2.99	3.01	0.1	-9999	0
1	27	4.41	-0.43	1.71	-2.72	2.93	2.84	0	-9999	0
1	28	5.91	-0.14	4.44	-3.94	2.95	2.38	0	-9999	0
1	29	6.66	2	8	-2.39	3.05	2.15	0	-9999	0
1	30	3.93	4	5.7	1.6	2.86	2.07	0	-9999	0
1	31	4.48	4.45	5.46	3.02	2.73	2.24	0	-9999	0
2	1	4.41	4.44	6.19333	1.26778	2.73	2.35	0	-9999	0
2	2	4.41	4.44	6.09133	1.62678	2.73	2.44	0	-9999	0
2	3	4.11	4.51	6.32679	1.89314	2.89	2.41	0	-9999	0
2	4	1.94	6.75	6.72345	2.45814	2.93	3.1	0	-9999	0
2	5	1.62	8.94	6.76345	2.91814	2.87	3.62	0.2	-9999	0
2	6	1.62	8.94	6.65345	3.31314	2.78	4.29	0	-9999	0
2	7	1.6	8.94	9.73	8.7	2.91	4.75	0	-9999	0
2	8	2.65	7.66	9.23	5.79	2.94	5.26	7.8	-9999	0
2	9	4.34	5.11	6.2	3.83	2.94	4.62	1.4	-9999	0
2	10	3.82	5.28	6.84	4.04	2.93	4.3	0.2	-9999	0
2	11	2.8	4.74	6.47	4.06	2.96	4.41	0	-9999	0
2	12	1.46	3.1	4.96	2.04	2.95	3.92	0.5	-9999	0
2	13	2.83	4.5	6.46	3.14	2.81	3.32	3.7	-9999	0
2	14	4.1	7.67	11.3	5.11	2.9	4.46	0.2	-9999	0
2	15	2.54	10.33	13.8	7.94	2.94	5.24	12.3	-9999	0
2	16	3.45	9.9	11.55	8.26	2.95	5.79	4.1	-9999	0
2	17	1.43	7.93	9.07	6.33	2.94	5.35	8.6	-9999	0
2	18	2.51	6.98	8.39	4.72	2.95	5.23	0.9	-9999	0
2	19	5.75	8.39	11.42	5.67	2.87	5.23	1.7	-9999	0
2	20	1.27	5.54	7.39	4.3	2.81	4.93	12.4	-9999	0
2	21	1.22	4.56	5.22	3.96	2.94	4.54	1.6	-9999	0
2	22	3.33	4.68	5.34	3.47	2.94	4.6	0.4	-9999	0
2	23	5.85	3.33	4.8	2.02	3.16	4.23	0	-9999	0
2	24	8.59	3.83	7.18	0.68	3.85	3.87	0	-9999	0
2	25	7.7	2.83	6.11	1.01	3.35	3.54	0	-9999	0
2	26	5.47	3.2	6.72	0.87	2.89	3.41	0	-9999	0
2	27	5.34	4.92	7.71	2.72	2.77	3.64	3.6	-9999	0
2	28	4.96	4.3	6.61	2.12	2.88	3.97	4.4	-9999	0
3	1	5.14	3.68	5.18	2.61	2.95	3.65	0.9	-9999	0
3	2	8.4	3.38	6.15	1.05	3.33	3.31	0	-9999	0
3	3	5.07	2.67	5.94	0.62	2.91	3.25	0	-9999	0
3	4	6.8	3.3	5.95	0.42	3.29	3.03	0	-9999	0
3	5	5.5	4.22	7.18	1.79	3.09	2.94	0.1	-9999	0
3	6	8.96	4.44	7.22	2.78	3.81	3.05	1.8	-9999	0
3	7	9.8	5.99	8.84	3.01	3.38	3.25	0	-9999	0
3	8	1.33	8.35	12.67	4.33	2.95	4.19	9.3	-9999	0
3	9	2.44	10.68	12.13	8.42	2.95	5.57	2.7	-9999	0
3	10	2.76	7.78	10.22	6.56	2.93	5.38	5.8	-9999	0
3	11	4.12	3.86	7.29	-0.37	2.93	4.88	1	-9999	0
3	12	14.08	0.63	3.54	-1.53	4.58	3.55	0	-9999	0
3	13	14.42	1.68	5.83	-2.32	4.69	2.98	0	-9999	0
3	14	13.39	4.15	8.71	-0.84	4.67	2.81	0	-9999	0
3	15	14.95	5.19	9.52	1.98	4.41	3.18	0	-9999	0
3	16	3.26	3.45	5.74	0.79	2.94	3.18	0	-9999	0
3	17	8.41	4.2	7.23	1.88	4.07	3.46	0	-9999	0
3	18	15.09	4.98	9.65	1.39	5.66	3.66	0	-9999	0
3	19	11.37	4.55	11	0.88	4.51	3.66	0	-9999	0
3	20	5.96	6.85	9.19	4.35	2.88	4.22	0	-9999	0
3	21	10.63	5.15	8.78	2.31	4.97	4.1	0	-9999	0
3	22	14.66	4.68	8.55	0.93	5.34	3.76	0	-9999	0
3	23	17.1	6.55	11.99	0.33	8.62	3.58	0	-9999	0
3	24	4.75	10.53	15.2	6.43	6.84	4.47	0.1	-9999	0
3	25	9.81	14.55	17.71	12.62	7.39	6.3	3	-9999	0
3	26	8.78	17.23	20.41	15.43	6.49	7.88	4.7	-9999	0
3	27	8.85	17.19	20.19	14.89	6.11	8.38	0.6	-9999	0
3	28	11.09	13.34	15.79	11.13	6.55	7.78	1.2	-9999	0
3	29	6	11.97	14.33	9.6	3.71	7.4	2.4	-9999	0
3	30	5.62	14.59	17.34	11.42	7.12	7.94	7.8	-9999	0
3	31	6.82	15.12	16.77	13.52	7.6	8.4	0.2	-9999	0
4	1	12.91	14.17	17.16	11.27	8.14	8.37	6.4	-9999	0
4	2	11.2	12.85	15.54	10.12	6.92	7.89	2.6	-9999	0
4	3	12.81	10.93	12.96	8.92	6.71	7.84	1.2	-9999	0
4	4	13.7	8.24	10.47	4.99	7	7.03	0	-9999	0
4	5	14.13	6.95	10.05	3.87	5.45	6.07	0.1	-9999	0
4	6	13.96	9.44	13.76	4.5	8.28	5.85	0	-9999	0
4	7	8.96	9.93	13.36	6.24	7.62	6.28	0	-9999	0
4	8	7.11	9.73	11.71	8.17	7.29	6.7	6.6	-9999	0
4	9	16.49	8.94	12.45	5.98	7.96	6.27	0.1	-9999	0
4	10	14.59	8.26	11.97	5.42	6.97	6.02	0.1	-9999	0
4	11	13.41	6.9	11.17	4.62	7.06	5.71	1.9	-9999	0
4	12	14.27	8.86	9.65	7.02	5.34	6.57	1.1	-9999	0
4	13	6.19	11.45	13.27	9.02	7.01	7.25	2.1	-9999	0
4	14	10.84	10.83	12.01	9.62	7.7	7.9	0.4	-9999	0
4	15	7.3	10.95	14.27	6.4	7.25	7.49	2.6	-9999	0
4	16	11.84	12.65	14.2	10.86	7.34	8.48	2.3	-9999	0
4	17	16.41	10.89	11.97	9.51	7.37	8.67	0.1	-9999	0
4	18	12.5	10.43	11.78	9.18	6.75	8.3	0	-9999	0
4	19	12.95	10.72	12.67	8.24	5.04	8.21	0	-9999	0
4	20	15.99	11.25	12.71	8.7	8.58	8.57	0	-9999	0
4	21	16.53	12.66	14.35	10.5	8.8	9.08	0	-9999	0
4	22	5	9.32	12.39	7.75	6.75	8.78	0	-9999	0
4	23	16.6	10.57	13.13	7.22	8.06	8.23	0	-9999	0
4	24	18.13	13.45	15.15	11.71	7.52	9.37	0.1	-9999	0
4	25	18.74	14.45	17.34	12.09	7.74	9.9	0.2	-9999	0
4	26	16.33	13.88	15.19	11.87	5.8	10.35	1.6	-9999	0
4	27	13.14	11.52	13	9.92	8.22	9.78	0	-9999	0
4	28	17.9	8.69	10.85	5.89	9.2	9.08	0	-9999	0
4	29	19.37	6.97	8.65	5.13	9.45	8.25	0	-9999	0
4	30	11.68	7.14	8.87	5.3	7.16	7.84	5.5	-9999	0
5	1	6.33	9.86	12.47	6.15	5.93	7.85	0.1	-9999	0
5	2	17.61	12.62	15.54	8.56	7.5	8.54	0	-9999	0
5	3	20.29	16.69	20.06	12.77	6.9	10.15	0	-9999	0
5	4	20.86	17.29	18.69	15.62	9.3	11.35	0	-9999	0
5	5	22.22	15.48	19.64	12.84	9.54	11.84	0	-9999	0
5	6	21.99	15.39	22.18	11.75	9.74	11.97	0	-9999	0
5	7	11.03	17.22	20.52	13.03	7.34	11.63	0	-9999	0
5	8	17.07	17.17	22.33	13.67	7.46	11.78	0	-9999	0
5	9	16.8	15.7	22.77	11.59	7.48	11.69	0.5	-9999	0
5	10	21.67	17.44	23.88	10.61	9.87	11.77	0	-9999	0
5	11	25.24	18.45	23.99	12.65	12.61	11.87	0	-9999	0
5	12	24.11	17.18	23.19	11.51	9.43	12.08	0	-9999	0
5	13	21.61	15.67	20.28	11.54	6.36	12.04	0	-9999	0
5	14	13.16	13.49	16.63	10.86	4.46	11.79	0	-9999	0
5	15	16.52	15.64	21.33	9.17	6.78	11.67	0	-9999	0
5	16	12.45	14.97	17.03	12.76	4.62	12.13	0.7	-9999	0
5	17	17.09	15.26	19.13	11.49	4.73	12.14	2	-9999	0
5	18	13.82	15.74	18.59	11.3	5.44	12.42	7.7	-9999	0
5	19	8.72	12.39	15.28	9.88	3.6	11.57	3.8	-9999	0
5	20	8.16	11.35	13.09	9.05	2.28	11.19	7.6	-9999	0
5	21	10.96	13.37	16.17	10.55	3.52	11.28	2.4	-9999	0
5	22	17.95	14.47	18.65	11.92	5.63	11.7	1.5	-9999	0
5	23	12.09	9.94	12.16	7.76	2.83	11.04	12.8	-9999	0
5	24	13.03	10.25	13.91	8.07	3.18	10.49	2	-9999	0
5	25	10.72	10.58	14.02	8.07	1.92	10.56	8.1	-9999	0
5	26	2.94	12.21	14.23	8.76	0.73	10.86	11.8	-9999	0
5	27	2.02	13.44	14.16	12.35	1.02	11.55	8.5	-9999	0
5	28	21.81	13.41	15.05	12.16	4.74	11.81	0.1	-9999	0
5	29	18.12	10.96	13.68	6.57	4.09	11.5	3.1	-9999	0
5	30	20	7.74	10.6	5.94	2.07	9.26	1	-9999	0
5	31	10	8.66	10.66	5.71	2.29	7.47	0.6	-9999	0
6	1	10.82	8.64	11.07	6.59	2.85	7.44	1.7	-9999	0
6	2	20.54	11.09	15.96	6.49	4.38	7.39	0	-9999	0
6	3	17.5	12.97	17.77	9.29	4.14	8.33	0	-9999	0
6	4	16.48	12.57	15.43	8.33	3.72	8.56	0	-9999	0
6	5	22.34	12.29	15.53	8.02	4.96	8.83	0	-9999	0
6	6	24.16	11.46	16.24	6.52	4.68	8.24	0	-9999	0
6	7	23.32	13.6	18.8	7.68	6.28	8.48	0	-9999	0
6	8	27.43	17.18	22.98	8.55	9.97	9.08	0	-9999	0
6	9	26.87	19.85	25.6	12.94	12.92	10	0	-9999	0
6	10	28.58	22.03	27.15	15.06	15.8	10.72	0	-9999	0
6	11	29.43	23.56	29.26	16.55	17.91	11.57	0	-9999	0
6	12	30.05	23.7	28.85	16.42	19.08	11.91	0	-9999	0
6	13	27.6	25.19	30.56	18.58	17.83	12.38	0	-9999	0
6	14	5.44	16.42	18.33	13.3	1.14	12.17	13.8	-9999	0
6	15	4.54	12.39	13.34	10.53	1.13	10.88	0	-9999	0
6	16	24.75	13.69	18.66	9.33	5.8	10.29	0	-9999	0
6	17	28.98	16.83	22.49	10.69	8.94	10.48	0	-9999	0
6	18	25.92	21.71	27.11	14.48	12.63	11.62	0	-9999	0
6	19	18.99	19.79	22.49	17.76	7.17	12.34	5.9	-9999	0
6	20	16.82	16.65	19.63	5.76	6.62	11.76	0	-9999	0
6	21	7.2	13.23	15.54	10.01	4.33	10.62	0	-9999	0
6	22	13.13	12.83	16.56	7.62	5.59	10.49	0	-9999	0
6	23	17.06	15.45	19.12	11	6.65	10.84	0	-9999	0
6	24	17.66	17.53	23.21	12.28	7.81	11.39	0.1	-9999	0
6	25	5.65	16.94	19.27	15.19	3.24	11.88	13.5	-9999	0
6	26	4.13	14.66	15.71	12.26	1.14	11.63	10.2	-9999	0
6	27	8.96	13.59	15.98	11.24	3.4	10.86	0	-9999	0
6	28	28.68	14.94	19.92	9.53	6.15	10.6	0	-9999	0
6	29	28.45	16.84	22.13	10.4	7.27	10.88	0	-9999	0
6	30	26.18	20.02	25.95	13.15	9.6	11.46	0	-9999	0
7	1	27.7	22.92	28.1	16.28	14.16	12.19	0	-9999	0
7	2	28.05	23.98	28.06	17.64	17.07	12.42	0	-9999	0
7	3	29.15	23.86	28.25	18.27	17.31	12.46	0	-9999	0
7	4	26.2	25.61	30.27	18.53	19.21	12.51	0	-9999	0
7	5	20.17	24.13	27.49	20.23	12.85	12.49	0.6	-9999	0
7	6	22.05	20.95	25.9	18.19	6.69	11.8	7.8	-9999	0
7	7	8.49	18.24	21.33	16.18	2.79	11.72	2.5	-9999	0
7	8	22.23	19.29	22.46	14.7	7.85	11.79	0.2	-9999	0
7	9	16.38	19.68	23.41	17.04	7.7	12.36	0	-9999	0
7	10	26.37	19.96	24.74	14.54	8.47	12.93	0	-9999	0
7	11	15.71	20.18	22.07	15.58	6.07	15	0	-9999	0
7	12	28.36	19.5	24.94	13.64	9.86	13.19	0	-9999	0
7	13	22.36	20.11	25.39	15.11	9.84	14.51	0	-9999	0
7	14	21.36	17.78	22.64	13.35	8.9	16.39	0	-9999	0
7	15	21.32	18.67	24.86	10.77	10.75	16.91	0	-9999	0
7	16	21	22.27	28.67	14.27	16.24	17.01	0	-9999	0
7	17	18.75	24.21	29.75	17.24	18.27	17	0	-9999	0
7	18	20.19	25.52	32.25	17.91	19.66	16.75	0	-9999	0
7	19	20.19	27.67	34.03	19.9	24.88	16.98	0.1	-9999	0
7	20	20.16	23.99	27.84	20.03	11.96	14.69	0	-9999	0
7	21	25.61	24.93	29.73	19.45	15.46	14.89	0	-9999	0
7	22	17.28	22.71	26.56	19.49	8.37	16.39	0	-9999	0
7	23	19.69	21.33	25.38	18.53	6.7	16.91	0	-9999	0
7	24	23.25	22.98	27.47	17.51	11.58	15.28	0	-9999	0
7	25	24.29	25.11	30.64	18.49	15.44	14.75	0	-9999	0
7	26	23.08	26.54	32.06	20.48	18.24	14.93	0	-9999	0
7	27	13.35	23.77	28.54	20.1	12.05	16.39	0.5	-9999	0
7	28	19.37	22.76	27.1	18.84	8.2	17.23	0.8	-9999	0
7	29	23.66	22.02	27.15	17.28	10.23	16.73	0	-9999	0
7	30	11.03	20.24	25.04	17.38	7.16	17.3	1.3	-9999	0
7	31	17.71	19.26	23.09	14.93	9.63	16.84	0	-9999	0
8	1	8.82	17.09	19.86	14.21	4.24	16.82	18.7	-9999	0
8	2	9.71	14.85	18.32	12.43	2.68	16.29	13.6	-9999	0
8	3	11.54	15.11	18.49	12.18	1.61	16.1	24.8	-9999	0
8	4	10.76	16.93	20.17	15.61	2.54	16.7	4.13	-9999	0
8	5	17.71	18.54	21.55	16.07	4.67	17.13	0	-9999	0
8	6	21.56	18.77	23.04	15.13	5.71	17.19	0	-9999	0
8	7	14.71	17.61	22.29	13.32	3.53	16.79	0.13	-9999	0
8	8	11.93	16.17	18.5	13.59	5.48	16.53	0	-9999	0
8	9	6.27	14.87	17.1	13.79	3.17	15.64	2.63	-9999	0
8	10	11.99	14.51	17.18	12.56	4.38	15.19	0.13	-9999	0
8	11	9.1	12.35	13.71	11.26	1.2	14.93	12	-9999	0
8	12	13.21	13.14	17.43	9.21	2.78	14.71	0.13	-9999	0
8	13	17	15.16	19.73	9.86	4.92	14.93	0	-9999	0
8	14	2.76	14.17	16.12	12.84	0.88	14.75	48.25	-9999	0
8	15	6.82	15.15	17.82	14.11	1.88	15.39	2.38	-9999	0
8	16	14.14	16.61	21.43	12.99	3.83	15.71	1.38	-9999	0
8	17	14.42	18.38	22.16	14.52	5.08	16.27	0	-9999	0
8	18	12.2	18.13	21.09	15.38	5.09	16.54	2	-9999	0
8	19	14.5	17.18	22.26	14.51	4.9	16.29	12.5	-9999	0
8	20	9.03	16.17	19.42	13.5846	3.32	15.99	0.38	-9999	0
8	21	8	16.11	19.165	13.7253	3.21	15.9	12.12	-9999	0
8	22	14.18	16.64	18.82	15.2	4.35	15.48	0.38	-9999	0
8	23	14.33	16.38	19.34	12.64	4.84	15.28	0	-9999	0
8	24	8.42	15.69	18.67	14.16	2.35	15.74	8.38	-9999	0
8	25	9.99	15.38	17.77	13.85	1.78	15.65	7.63	-9999	0
8	26	7.08	15.18	17.94	12.1	3.08	15.2	0	-9999	0
8	27	15.9	16.68	19.31	14.44	4.21	15.72	0.13	-9999	0
8	28	7.37	13.75	16.16	11.83	2.1	15.27	10.5	-9999	0
8	29	10.92	12.78	16.4	10.61	2.72	14.58	3.12	-9999	0
8	30	13.11	14.03	17.04	10.83	3.92	14.37	0.62	-9999	0
8	31	6.71	15.28	18.33	11.93	3.08	14.83	0	-9999	0
9	1	10.15	17.69	22.26	13.51	5.37	15.44	0.13	-9999	0
9	2	8.22	17.49	19.28	14.44	4.98	15.64	0	-9999	0
9	3	3.78	19.49	22.38	17.38	4.03	16.42	0.62	-9999	0
9	4	12.33	18.11	20.22	15.74	4.9	16.58	0	-9999	0
9	5	8.17	18.76	22.69	14.89	4.78	16.35	0	-9999	0
9	6	16.27	20.83	24.89	15.54	6.88	16.81	0	-9999	0
9	7	11.47	16.82	21.41	12.44	4.46	16.38	0	-9999	0
9	8	16.44	14.59	18.76	11.07	5.42	15.08	0	-9999	0
9	9	19	14.7	20.28	8.76	5.94	14.71	0	-9999	0
9	10	18.01	17.21	23.34	10.41	7.28	14.99	0	-9999	0
9	11	17.18	20.42	25.14	13.83	8.74	15.62	0	-9999	0
9	12	16.91	21.54	27.92	14.28	9.22	16.33	0	-9999	0
9	13	15.5	21.15	26.22	16.12	8.4	16.95	0	-9999	0
9	14	10.68	19.97	24.5	19.81	7.86	17.19	3	-9999	0
9	15	15.02	20.88	26.23	17.2	9.38	17.27	0	-9999	0
9	16	14.57	20.39	25.31	15.98	7.07	17.25	0	-9999	0
9	17	7.46	17.6	19.95	16.16	3.09	16.95	0	-9999	0
9	18	5.66	17.15	20.45	14.45	4	16.59	0	-9999	0
9	19	7.76	14.67	18.35	12.56	3.8	15.52	1.8	-9999	0
9	20	15.69	14.96	21.17	8.62	5.78	14.84	0	-9999	0
9	21	16.16	18.39	25.66	11.3	7.61	15.47	0	-9999	0
9	22	9.42	19.28	22.84	15.85	7.59	16.25	0	-9999	0
9	23	6.74	18.38	22.01	16.15	4.2	16.27	1.9	-9999	0
9	24	8.46	19.64	21.55	17.22	5.51	16.88	1.2	-9999	0
9	25	5.58	16.62	19.21	15.65	2.26	16.51	0.7	-9999	0
9	26	6.35	16.31	19.31	14.3	3.01	16.24	0	-9999	0
9	27	11.57	14.51	17.9	10.18	2.76	15.25	0	-9999	0
9	28	11.21	16.4	20.9	12.89	5.15	15.49	0	-9999	0
9	29	9.8	17.32	21.11	13.7	4.66	15.73	0	-9999	0
9	30	12.89	17.03	20.37	13.93	5.97	15.83	0	-9999	0
10	1	6.88	15.4	19.43	12.03	2.88	14.96	23.3	-9999	0
10	2	6.07	15.09	17.95	12.62	3.65	14.74	2.8	-9999	0
10	3	4.78	13.78	15.8	12.49	2.96	14.81	0.2	-9999	0
10	4	6.9	12.35	14.58	10.5	2.4	14.35	1.2	-9999	0
10	5	8.26	12.46	15.7	8.81	2.56	13.89	0.5	-9999	0
10	6	2.39	14.49	16.09	13	1.64	14.57	6	-9999	0
10	7	9.6	12.9	15.12	9.88	3.48	14.35	4.9	-9999	0
10	8	11.13	11.86	15.91	8.28	3.47	13.53	0	-9999	0
10	9	7.95	13.47	18.81	7.56	3.25	13.58	0	-9999	0
10	10	5.78	15.43	18.08	14.07	1.38	14.77	2.2	-9999	0
10	11	9.86	16.21	20.9	11.82	3.92	14.73	0	-9999	0
10	12	3.03	14.96	17.42	11.47	1.81	14.98	0.1	-9999	0
10	13	11.57	14.05	17.4	11.37	3.63	13.89	0	-9999	0
10	14	4.13	13.1	15.71	9.51	1.86	14.34	0	-9999	0
10	15	10.2	10.87	15.7	7.88	1.94	13.37	0	-9999	0
10	16	10.4	11.46	17.55	6.59	3.32	13.06	0	-9999	0
10	17	9.41	11.94	17.18	7.24	3.57	12.87	0	-9999	0
10	18	3.07	13.38	15.62	11.48	2.04	13.47	2.9	-9999	0
10	19	5.07	14.3	17.66	11.55	2.63	13.99	1.6	-9999	0
10	20	4.5	14.41	16.27	12.84	3.06	14.06	0	-9999	0
10	21	5.14	14.69	15.88	13.54	3.02	14.21	0	-9999	0
10	22	4.63	14.59	17.5	11.67	3.09	14.17	5.4	-9999	0
10	23	4.92	15.97	17.8	12.25	2.99	14.89	10.9	-9999	0
10	24	2.08	12.5	13.8	10.67	1.45	14.22	9.2	-9999	0
10	25	5.68	11.74	14.65	8.23	2.17	13.53	0.3	-9999	0
10	26	7.13	18.03	21.34	14.23	5.91	14.49	0.1	-9999	0
10	27	7.87	13.07	16.1	10.23	4.58	14.16	0.1	-9999	0
10	28	2.42	14.01	16.65	11.21	2.33	13.95	0.2	-9999	0
10	29	6	14.2	16	10.99	3.19	14.38	0.2	-9999	0
10	30	7.26	11.69	14.93	8.5	2.85	13.09	0	-9999	0
10	31	2.81	11.7	14.95	7.64	2.76	13.15	2.8	-9999	0
11	1	6.13	6.98	10.5	4.44	2.79	11.99	3	-9999	0
11	2	4.53	5.34	8.05	3.38	1.18	10.88	1	-9999	0
11	3	4.59	7.18	9.93	4.78	1.5	10.54	1.2	-9999	0
11	4	5.74	8.34	10.94	6.33	1.78	10.72	0	-9999	0
11	5	2.86	9.84	11.73	8.01	1.82	11.22	0	-9999	0
11	6	3.27	9.21	10.19	7.76	1.38	11.6	0	-9999	0
11	7	4.72	6.46	8.09	4.69	1.19	11.14	0.1	-9999	0
11	8	2.28	7.8	12.34	4.55	0.93	10.55	0	-9999	0
11	9	6.15	9.63	12.97	6.99	2.46	11.31	1.2	-9999	0
11	10	4.96	6.38	9.78	3.26	1.89	10.25	0	-9999	0
11	11	3.93	8.64	11.53	5.17	2.29	10.02	10.1	-9999	0
11	12	2.79	8.67	9.92	7.01	3.17	10.46	0.3	-9999	0
11	13	1.26	10.9	13.49	7.82	1.34	10.85	2.3	-9999	0
11	14	1.71	12.53	13.42	11.65	1.98	11.63	2.1	-9999	0
11	15	2.52	12.71	15	10.45	2.62	12	0.2	-9999	0
11	16	1.16	13.8	16.54	10.45	3.93	11.84	3.4	-9999	0
11	17	5.11	10.97	13.46	9.09	2.91	11.87	0.2	-9999	0
11	18	4.02	8.58	11.82	5.35	2.39	11.29	0.4	-9999	0
11	19	1.64	5.37	6.78	4.21	0.7	10.11	4.9	-9999	0
11	20	0.57	7.3	9.37	5.46	1.05	9.83	2.9	-9999	0
11	21	3.05	7.6	9.66	4.61	1.55	10.19	6.5	-9999	0
11	22	3.3	6.28	8.86	4.43	1.21	9.36	6.1	-9999	0
11	23	0.69	9.88	13.62	7.46	0.61	10.2	8.7	-9999	0
11	24	2.43	10.12	13.31	8.1	1.68	10.31	0.5	-9999	0
11	25	1.44	14.02	18.1	11.35	4.9	11.35	2.4	-9999	0
11	26	3.14	10.8	13.29	8.26	2.54	10.98	0	-9999	0
11	27	4.22	11.06	15.31	6.7	2.74	10.5	0	-9999	0
11	28	2.54	11.46	14.74	9.04	2.61	10.88	0.1	-9999	0
11	29	4.2	8.84	11.45	5.84	1.6	10.4	0.1	-9999	0
11	30	3.73	5.25	7.07	3.41	0.34	9.68	0	-9999	0
12	1	2.33	8.69	10.25	6.68	2.85	9.74	0	-9999	0
12	2	1.04	10.01	11.03	8.57	2.65	10.25	0.1	-9999	0
12	3	0.93	8.6	11.35	6.63	1.86	10.02	0.2	-9999	0
12	4	2.57	9.71	12.66	7.54	2.14	9.97	2.8	-9999	0
12	5	1.33	12.83	14.74	9.67	3.2	10.95	6	-9999	0
12	6	1.9	9.45	11.23	6.21	2.77	10.15	0.2	-9999	0
12	7	0.37	8.3	10.99	6.1	2.07	8.83	10.3	-9999	0
12	8	0.79	8.84	11.68	6.41	1.48	8.97	13.9	-9999	0
12	9	2.75	6.06	8.21	4.64	1.2	8.34	0	-9999	0
12	10	3.8	4.22	6.86	1.52	1.21	7.23	0.1	-9999	0
12	11	0.21	6.36	7.89	4.09	0.74	7.56	3	-9999	0
12	12	3.5	7.21	8.81	4.82	1.58	7.64	2.8	-9999	0
12	13	1.14	9.36	10.6	7.14	1.73	8.35	1.8	-9999	0
12	14	2	8.48	9.84	7.07	2.12	8.52	0	-9999	0
12	15	2.19	6.23	8.06	4.55	2.11	8.11	0	-9999	0
12	16	0.46	5.88	6.86	3.65	1.12	7.64	2.7	-9999	0
12	17	2.81	4.48	7.21	2.54	0.7	6.93	0.8	-9999	0
12	18	1.95	1.59	3.57	-0.35	0.14	6.52	0	-9999	0
12	19	2.51	0.87	4.32	-2.01	0.03	6.28	0	-9999	0
12	20	1.61	0.58	4.86	-2.87	0.19	5.76	0	-9999	0
12	21	1	6.17	6.98	4.66	1.37	6.58	0	-9999	0
12	22	0.95	5.81	6.31	4.77	2.08	7.07	0	-9999	0
12	23	1.05	3.1	4.66	1.16	0.98	6.84	0	-9999	0
12	24	0.88	0.62	1.23	0.01	0.06	6.29	0	-9999	0
12	25	0.8	3.02	5.02	0.84	0.34	6.27	0	-9999	0
12	26	0.44	0.77	3.36	-1.5	0.14	6.27	0	-9999	0
12	27	0.2	-0.37	0.48	-1.28	0.55	5.59	0	-9999	0
12	28	0.31	2.12	3.06	0.61	0.21	5.55	2.4	-9999	0
12	29	2.84	4.62	7.97	0.68	2.32	5.87	0	-9999	0
12	30	0.33	8.85	10.93	6.96	2.14	6.75	7.6	-9999	0
12	31	0.96	9.63	12.84	7.51	2.26	7.43	5.9	-9999	0
