 Month	n_days	Rg_f	Ta_f	Tmax	Tmin	VPD_f	Ts_f	Precip	SWC	LAI	ET	Littfall
  1	1	8.55000000000	0.46000000000	4.13000000000	-1.91000000000	2.57000000000	0.33000000000	1.46000000000	0.44000000000	
  -9999.00000000000	-9999.00000000000	-9999.00000000000
  1	2	4.36000000000	0.03000000000	2.75000000000	-1.46000000000	1.34000000000	0.30000000000	0.40000000000	0.44000000000	
  -9999.00000000000	-9999.00000000000	-9999.00000000000
  1	3	8.76000000000	1.09000000000	4.92000000000	-1.96000000000	2.93000000000	0.30000000000	1.80000000000	0.44000000000	
  -9999.00000000000	-9999.00000000000	-9999.00000000000
  1	4	8.41000000000	0.16000000000	3.98000000000	-1.78000000000	2.50000000000	0.23000000000	0.00000000000	0.44000000000	
  -9999.00000000000	-9999.00000000000	-9999.00000000000
  1	5	3.53000000000	-5.45000000000	-1.98000000000	-8.05000000000	0.99000000000	0.18000000000	0.00000000000	0.44000000000	
  -9999.00000000000	-9999.00000000000	-9999.00000000000
  1	6	2.64000000000	-7.63000000000	-6.67000000000	-9.56000000000	0.55000000000	0.06000000000	0.00000000000	0.43000000000	
  -9999.00000000000	-9999.00000000000	-9999.00000000000
  1	7	4.06000000000	-9.55000000000	-6.62000000000	-12.65000000000	0.61000000000	-0.04000000000	0.00000000000	0.43000000000	
  -9999.00000000000	-9999.00000000000	-9999.00000000000
  1	8	4.41000000000	-9.77000000000	-6.01000000000	-12.96000000000	0.64000000000	-0.19000000000	0.00000000000	0.43000000000	
  -9999.00000000000	-9999.00000000000	-9999.00000000000
  1	9	4.47000000000	-4.50000000000	-0.93000000000	-7.96000000000	1.39000000000	-0.28000000000	0.80000000000	0.43000000000	
  -9999.00000000000	-9999.00000000000	-9999.00000000000
  1	10	8.49000000000	-5.30000000000	-1.38000000000	-8.48000000000	2.51000000000	-0.36000000000	0.40000000000	0.43000000000	
  -9999.00000000000	-9999.00000000000	-9999.00000000000
  1	11	10.60000000000	-7.07000000000	-3.28000000000	-9.72000000000	1.88000000000	-0.57000000000	0.00000000000	0.43000000000	
  -9999.00000000000	-9999.00000000000	-9999.00000000000
  1	12	10.34000000000	-4.97000000000	-1.06000000000	-8.06000000000	3.62000000000	-0.81000000000	0.60000000000	0.43000000000	
  -9999.00000000000	-9999.00000000000	-9999.00000000000
  1	13	7.13000000000	-3.05000000000	0.32000000000	-6.50000000000	2.92000000000	-0.90000000000	0.00000000000	0.43000000000	
  -9999.00000000000	-9999.00000000000	-9999.00000000000
  1	14	5.75000000000	1.14000000000	5.08000000000	-0.71000000000	2.49000000000	-0.66000000000	0.60000000000	0.43000000000	
  -9999.00000000000	-9999.00000000000	-9999.00000000000
  1	15	9.57000000000	2.91000000000	8.07000000000	-0.42000000000	4.61000000000	-0.63000000000	0.00000000000	0.42000000000	
  -9999.00000000000	-9999.00000000000	-9999.00000000000
  1	16	10.76000000000	-0.97000000000	4.22000000000	-5.46000000000	2.39000000000	-0.69000000000	0.00000000000	0.42000000000	
  -9999.00000000000	-9999.00000000000	-9999.00000000000
  1	17	10.42000000000	-2.24000000000	0.99000000000	-4.87000000000	2.10000000000	-0.90000000000	0.00000000000	0.42000000000	
  -9999.00000000000	-9999.00000000000	-9999.00000000000
  1	18	10.95000000000	-2.72000000000	1.33000000000	-5.46000000000	2.06000000000	-1.05000000000	0.00000000000	0.42000000000	
  -9999.00000000000	-9999.00000000000	-9999.00000000000
  1	19	10.75000000000	-2.89000000000	0.56000000000	-5.46000000000	2.41000000000	-1.21000000000	0.00000000000	0.41000000000	
  -9999.00000000000	-9999.00000000000	-9999.00000000000
  1	20	10.04000000000	-1.11000000000	3.37000000000	-4.02000000000	3.14000000000	-1.15000000000	0.00000000000	0.41000000000	
  -9999.00000000000	-9999.00000000000	-9999.00000000000
  1	21	1.30000000000	-1.82000000000	-1.09000000000	-2.69000000000	0.32000000000	-0.94000000000	0.00000000000	0.40000000000	
  -9999.00000000000	-9999.00000000000	-9999.00000000000
  1	22	1.31000000000	-1.49000000000	1.16000000000	-3.75000000000	0.28000000000	-0.66000000000	2.82000000000	0.40000000000	
  -9999.00000000000	-9999.00000000000	-9999.00000000000
  1	23	6.33000000000	-3.29000000000	1.08000000000	-5.16000000000	1.02000000000	-0.67000000000	3.40000000000	0.40000000000	
  -9999.00000000000	-9999.00000000000	-9999.00000000000
  1	24	11.21000000000	-2.93000000000	0.63000000000	-5.33000000000	1.71000000000	-0.82000000000	0.40000000000	0.41000000000	
  -9999.00000000000	-9999.00000000000	-9999.00000000000
  1	25	11.75000000000	-2.28000000000	1.84000000000	-5.17000000000	2.26000000000	-0.94000000000	0.00000000000	0.40000000000	
  -9999.00000000000	-9999.00000000000	-9999.00000000000
  1	26	10.59000000000	-2.67000000000	1.49000000000	-4.92000000000	2.85000000000	-1.05000000000	0.00000000000	0.40000000000	
  -9999.00000000000	-9999.00000000000	-9999.00000000000
  1	27	9.99000000000	2.28000000000	6.92000000000	-4.64000000000	3.31000000000	-0.98000000000	-9999.00000000000	0.40000000000	
  -9999.00000000000	-9999.00000000000	-9999.00000000000
  1	28	11.62000000000	1.93000000000	8.50000000000	-5.72000000000	3.64000000000	-0.51000000000	-9999.00000000000	0.40000000000	
  -9999.00000000000	-9999.00000000000	-9999.00000000000
  1	29	11.78000000000	-5.24000000000	-2.07000000000	-7.07000000000	2.33000000000	-0.79000000000	0.00000000000	0.40000000000	
  -9999.00000000000	-9999.00000000000	-9999.00000000000
  1	30	9.38000000000	-6.54000000000	-3.60000000000	-8.67000000000	1.55000000000	-1.49000000000	0.00000000000	0.40000000000	
  -9999.00000000000	-9999.00000000000	-9999.00000000000
  1	31	6.67000000000	-9.36000000000	-6.13000000000	-11.63000000000	1.23000000000	-1.70000000000	0.00000000000	0.39000000000	
  -9999.00000000000	-9999.00000000000	-9999.00000000000
  2	1	14.24000000000	-10.13000000000	-5.60000000000	-13.66000000000	1.96000000000	-2.28000000000	0.00000000000	0.37000000000	
  -9999.00000000000	-9999.00000000000	-9999.00000000000
  2	2	12.65000000000	-7.26000000000	-2.48000000000	-11.65000000000	2.18000000000	-2.54000000000	0.00000000000	0.35000000000	
  -9999.00000000000	-9999.00000000000	-9999.00000000000
  2	3	12.16000000000	-6.94000000000	-3.58000000000	-9.41000000000	1.75000000000	-2.34000000000	0.00000000000	0.33000000000	
  -9999.00000000000	-9999.00000000000	-9999.00000000000
  2	4	2.83000000000	-6.43000000000	-3.99000000000	-8.35000000000	1.32000000000	-1.86000000000	0.00000000000	0.33000000000	
  -9999.00000000000	-9999.00000000000	-9999.00000000000
  2	5	12.91000000000	-7.96000000000	-3.55000000000	-10.38000000000	1.71000000000	-2.15000000000	-9999.00000000000	0.33000000000	
  -9999.00000000000	-9999.00000000000	-9999.00000000000
  2	6	14.31000000000	-8.26000000000	-3.78000000000	-10.25000000000	1.66000000000	-2.48000000000	0.00000000000	0.32000000000	
  -9999.00000000000	-9999.00000000000	-9999.00000000000
  2	7	14.77000000000	-6.79000000000	-2.24000000000	-11.54000000000	2.39000000000	-2.72000000000	0.00000000000	0.32000000000	
  -9999.00000000000	-9999.00000000000	-9999.00000000000
  2	8	14.03000000000	-1.92000000000	2.87000000000	-5.60000000000	2.29000000000	-1.99000000000	0.00000000000	0.31000000000	
  -9999.00000000000	-9999.00000000000	-9999.00000000000
  2	9	14.74000000000	-4.52000000000	-1.02000000000	-7.42000000000	1.63000000000	-1.75000000000	0.00000000000	0.31000000000	
  -9999.00000000000	-9999.00000000000	-9999.00000000000
  2	10	14.36000000000	-4.04000000000	1.56000000000	-7.71000000000	1.93000000000	-2.16000000000	0.00000000000	0.31000000000	
  -9999.00000000000	-9999.00000000000	-9999.00000000000
  2	11	14.82000000000	-2.37000000000	2.60000000000	-5.17000000000	3.20000000000	-2.19000000000	0.00000000000	0.31000000000	
  -9999.00000000000	-9999.00000000000	-9999.00000000000
  2	12	10.95000000000	-8.33000000000	-4.89000000000	-11.54000000000	0.86000000000	-2.65000000000	0.00000000000	0.31000000000	
  -9999.00000000000	-9999.00000000000	-9999.00000000000
  2	13	15.34000000000	-7.63000000000	-2.94000000000	-12.21000000000	1.36000000000	-3.05000000000	0.00000000000	0.30000000000	
  -9999.00000000000	-9999.00000000000	-9999.00000000000
  2	14	14.30000000000	-6.67000000000	-1.53000000000	-11.11000000000	1.28000000000	-2.78000000000	0.00000000000	0.29000000000	
  -9999.00000000000	-9999.00000000000	-9999.00000000000
  2	15	15.82000000000	-4.83000000000	1.19000000000	-8.07000000000	2.30000000000	-2.75000000000	0.00000000000	0.28000000000	
  -9999.00000000000	-9999.00000000000	-9999.00000000000
  2	16	11.46000000000	-9.65000000000	-7.02000000000	-12.29000000000	1.31000000000	-3.14000000000	0.00000000000	0.28000000000	
  -9999.00000000000	-9999.00000000000	-9999.00000000000
  2	17	17.26000000000	-9.07000000000	-4.37000000000	-12.95000000000	1.60000000000	-3.66000000000	0.00000000000	0.27000000000	
  -9999.00000000000	-9999.00000000000	-9999.00000000000
  2	18	16.08000000000	-3.54000000000	1.72000000000	-8.49000000000	3.80000000000	-3.28000000000	0.00000000000	0.26000000000	
  -9999.00000000000	-9999.00000000000	-9999.00000000000
  2	19	16.24000000000	-2.58000000000	3.08000000000	-7.46000000000	3.68000000000	-2.66000000000	0.00000000000	0.26000000000	
  -9999.00000000000	-9999.00000000000	-9999.00000000000
  2	20	16.21000000000	-0.50000000000	4.58000000000	-4.10000000000	4.21000000000	-2.17000000000	0.00000000000	0.26000000000	
  -9999.00000000000	-9999.00000000000	-9999.00000000000
  2	21	16.91000000000	-1.45000000000	2.57000000000	-5.46000000000	3.14000000000	-1.79000000000	0.00000000000	0.27000000000	
  -9999.00000000000	-9999.00000000000	-9999.00000000000
  2	22	17.22000000000	-3.31000000000	2.07000000000	-6.24000000000	1.73000000000	-1.86000000000	0.00000000000	0.27000000000	
  -9999.00000000000	-9999.00000000000	-9999.00000000000
  2	23	18.07000000000	-2.66000000000	3.44000000000	-7.05000000000	1.96000000000	-1.85000000000	0.00000000000	0.27000000000	
  -9999.00000000000	-9999.00000000000	-9999.00000000000
  2	24	17.38000000000	0.27000000000	6.65000000000	-4.34000000000	4.36000000000	-1.67000000000	0.00000000000	0.27000000000	
  -9999.00000000000	-9999.00000000000	-9999.00000000000
  2	25	18.40000000000	0.23000000000	4.48000000000	-2.92000000000	4.76000000000	-1.51000000000	0.00000000000	0.27000000000	
  -9999.00000000000	-9999.00000000000	-9999.00000000000
  2	26	18.24000000000	-1.90000000000	2.24000000000	-5.32000000000	3.64000000000	-1.55000000000	0.00000000000	0.27000000000	
  -9999.00000000000	-9999.00000000000	-9999.00000000000
  2	27	18.90000000000	-3.22000000000	0.60000000000	-5.86000000000	2.56000000000	-1.67000000000	0.00000000000	0.26000000000	
  -9999.00000000000	-9999.00000000000	-9999.00000000000
  2	28	18.15000000000	0.81000000000	6.61000000000	-4.35000000000	3.74000000000	-1.48000000000	0.00000000000	0.26000000000	
  -9999.00000000000	-9999.00000000000	-9999.00000000000
  3	1	16.15000000000	1.00000000000	6.17000000000	-1.93000000000	3.19000000000	-0.99000000000	0.00000000000	0.27000000000	
  -9999.00000000000	-9999.00000000000	-9999.00000000000
  3	2	12.85000000000	-0.25000000000	4.47000000000	-2.73000000000	1.25000000000	-0.75000000000	0.00000000000	0.27000000000	
  -9999.00000000000	-9999.00000000000	-9999.00000000000
  3	3	16.97000000000	-0.63000000000	2.80000000000	-3.13000000000	2.63000000000	-0.62000000000	0.40000000000	0.28000000000	
  -9999.00000000000	-9999.00000000000	-9999.00000000000
  3	4	19.58000000000	-0.31000000000	5.15000000000	-4.65000000000	3.23000000000	-0.72000000000	0.00000000000	0.28000000000	
  -9999.00000000000	-9999.00000000000	-9999.00000000000
  3	5	18.66000000000	1.68000000000	6.98000000000	-2.18000000000	3.44000000000	-0.67000000000	0.00000000000	0.29000000000	
  -9999.00000000000	-9999.00000000000	-9999.00000000000
  3	6	12.93000000000	0.95000000000	4.81000000000	-1.00000000000	2.01000000000	-0.54000000000	0.00000000000	0.29000000000	
  -9999.00000000000	-9999.00000000000	-9999.00000000000
  3	7	18.95000000000	1.26000000000	6.88000000000	-1.25000000000	2.37000000000	-0.46000000000	0.00000000000	0.29000000000	
  -9999.00000000000	-9999.00000000000	-9999.00000000000
  3	8	17.99000000000	1.99000000000	7.38000000000	-2.23000000000	3.77000000000	-0.42000000000	0.00000000000	0.30000000000	
  -9999.00000000000	-9999.00000000000	-9999.00000000000
  3	9	17.27000000000	2.43000000000	7.16000000000	-1.50000000000	4.56000000000	-0.40000000000	0.00000000000	0.30000000000	
  -9999.00000000000	-9999.00000000000	-9999.00000000000
  3	10	15.87000000000	6.32000000000	11.50000000000	1.61000000000	6.87000000000	-0.37000000000	0.00000000000	0.30000000000	
  -9999.00000000000	-9999.00000000000	-9999.00000000000
  3	11	16.41000000000	6.91000000000	11.63000000000	3.43000000000	6.43000000000	-0.35000000000	0.00000000000	0.31000000000	
  -9999.00000000000	-9999.00000000000	-9999.00000000000
  3	12	18.01000000000	6.08000000000	12.91000000000	0.26000000000	5.36000000000	-0.33000000000	0.00000000000	0.31000000000	
  -9999.00000000000	-9999.00000000000	-9999.00000000000
  3	13	22.81000000000	-0.91000000000	3.07000000000	-5.37000000000	3.01000000000	-0.31000000000	0.00000000000	0.31000000000	
  -9999.00000000000	-9999.00000000000	-9999.00000000000
  3	14	22.69000000000	-3.04000000000	2.05000000000	-7.23000000000	2.88000000000	-0.29000000000	0.00000000000	0.32000000000	
  -9999.00000000000	-9999.00000000000	-9999.00000000000
  3	15	22.44000000000	-3.40000000000	2.03000000000	-7.72000000000	2.95000000000	-0.28000000000	0.00000000000	0.32000000000	
  -9999.00000000000	-9999.00000000000	-9999.00000000000
  3	16	22.73000000000	-0.23000000000	5.39000000000	-6.50000000000	4.10000000000	-0.30000000000	0.00000000000	0.32000000000	
  -9999.00000000000	-9999.00000000000	-9999.00000000000
  3	17	20.00000000000	2.37000000000	7.77000000000	-1.37000000000	5.91000000000	-0.31000000000	0.00000000000	0.32000000000	
  -9999.00000000000	-9999.00000000000	-9999.00000000000
  3	18	22.95000000000	1.74000000000	7.26000000000	-2.38000000000	5.19000000000	-0.30000000000	0.00000000000	0.32000000000	
  -9999.00000000000	-9999.00000000000	-9999.00000000000
  3	19	23.07000000000	4.03000000000	9.66000000000	-0.67000000000	5.89000000000	-0.29000000000	0.00000000000	0.32000000000	
  -9999.00000000000	-9999.00000000000	-9999.00000000000
  3	20	23.58000000000	3.81000000000	9.00000000000	0.36000000000	6.04000000000	-0.28000000000	0.00000000000	0.32000000000	
  -9999.00000000000	-9999.00000000000	-9999.00000000000
  3	21	22.82000000000	1.65000000000	6.79000000000	-1.74000000000	4.41000000000	-0.27000000000	0.00000000000	0.32000000000	
  -9999.00000000000	-9999.00000000000	-9999.00000000000
  3	22	21.42000000000	0.04000000000	5.75000000000	-2.83000000000	1.96000000000	-0.26000000000	0.00000000000	0.33000000000	
  -9999.00000000000	-9999.00000000000	-9999.00000000000
  3	23	23.69000000000	1.39000000000	8.31000000000	-3.99000000000	3.54000000000	-0.25000000000	0.00000000000	0.33000000000	
  -9999.00000000000	-9999.00000000000	-9999.00000000000
  3	24	22.99000000000	5.54000000000	12.08000000000	-0.74000000000	6.19000000000	-0.25000000000	0.00000000000	0.33000000000	
  -9999.00000000000	-9999.00000000000	-9999.00000000000
  3	25	23.17000000000	6.68000000000	12.00000000000	3.02000000000	6.15000000000	-0.23000000000	0.00000000000	0.33000000000	
  -9999.00000000000	-9999.00000000000	-9999.00000000000
  3	26	22.77000000000	5.30000000000	9.91000000000	1.73000000000	5.09000000000	-0.18000000000	0.00000000000	0.33000000000	
  -9999.00000000000	-9999.00000000000	-9999.00000000000
  3	27	21.11000000000	4.67000000000	8.96000000000	1.91000000000	4.36000000000	-0.07000000000	0.00000000000	0.34000000000	
  -9999.00000000000	-9999.00000000000	-9999.00000000000
  3	28	21.56000000000	4.70000000000	9.90000000000	1.23000000000	3.35000000000	0.11000000000	0.00000000000	0.34000000000	
  -9999.00000000000	-9999.00000000000	-9999.00000000000
  3	29	18.13000000000	4.94000000000	11.19000000000	1.46000000000	2.56000000000	0.37000000000	0.00000000000	0.35000000000	
  -9999.00000000000	-9999.00000000000	-9999.00000000000
  3	30	21.38000000000	5.56000000000	11.34000000000	2.08000000000	2.59000000000	0.68000000000	0.00000000000	0.36000000000	
  -9999.00000000000	-9999.00000000000	-9999.00000000000
  3	31	17.33000000000	4.80000000000	9.94000000000	1.49000000000	2.95000000000	0.50000000000	0.00000000000	0.39000000000	
  -9999.00000000000	-9999.00000000000	-9999.00000000000
  4	1	22.38000000000	3.30000000000	8.64000000000	0.12000000000	2.51000000000	0.42000000000	0.00000000000	0.41000000000	
  -9999.00000000000	-9999.00000000000	-9999.00000000000
  4	2	2.85000000000	-1.71000000000	0.63000000000	-4.41000000000	0.43000000000	-0.09000000000	5.50000000000	0.43000000000	
  -9999.00000000000	-9999.00000000000	-9999.00000000000
  4	3	9.44000000000	-3.54000000000	-1.28000000000	-5.17000000000	0.72000000000	-0.21000000000	0.00000000000	0.43000000000	
  -9999.00000000000	-9999.00000000000	-9999.00000000000
  4	4	23.35000000000	-3.12000000000	0.82000000000	-5.82000000000	1.84000000000	-0.21000000000	0.20000000000	0.43000000000	
  -9999.00000000000	-9999.00000000000	-9999.00000000000
  4	5	26.59000000000	2.56000000000	9.54000000000	-4.43000000000	4.54000000000	-0.01000000000	0.00000000000	0.43000000000	
  -9999.00000000000	-9999.00000000000	-9999.00000000000
  4	6	28.24000000000	-1.87000000000	3.12000000000	-9.90000000000	3.04000000000	0.44000000000	0.00000000000	0.44000000000	
  -9999.00000000000	-9999.00000000000	-9999.00000000000
  4	7	26.43000000000	-9.99000000000	-7.06000000000	-12.48000000000	1.43000000000	-0.16000000000	0.00000000000	0.43000000000	
  -9999.00000000000	-9999.00000000000	-9999.00000000000
  4	8	29.20000000000	-5.54000000000	1.04000000000	-12.29000000000	2.75000000000	-0.24000000000	0.00000000000	0.43000000000	
  -9999.00000000000	-9999.00000000000	-9999.00000000000
  4	9	20.88000000000	-4.29000000000	-0.76000000000	-7.29000000000	1.70000000000	-0.21000000000	0.00000000000	0.43000000000	
  -9999.00000000000	-9999.00000000000	-9999.00000000000
  4	10	5.18000000000	-3.22000000000	-1.21000000000	-5.05000000000	0.21000000000	-0.21000000000	4.20000000000	0.43000000000	
  -9999.00000000000	-9999.00000000000	-9999.00000000000
  4	11	11.92000000000	-1.60000000000	1.70000000000	-3.85000000000	0.53000000000	-0.22000000000	2.60000000000	0.42000000000	
  -9999.00000000000	-9999.00000000000	-9999.00000000000
  4	12	8.37000000000	-0.35000000000	1.98000000000	-1.99000000000	0.55000000000	-0.23000000000	5.20000000000	0.43000000000	
  -9999.00000000000	-9999.00000000000	-9999.00000000000
  4	13	21.41000000000	3.85000000000	9.80000000000	-0.51000000000	3.51000000000	0.08000000000	0.00000000000	0.43000000000	
  -9999.00000000000	-9999.00000000000	-9999.00000000000
  4	14	27.17000000000	5.01000000000	9.65000000000	1.43000000000	2.99000000000	1.43000000000	0.00000000000	0.42000000000	
  -9999.00000000000	-9999.00000000000	-9999.00000000000
  4	15	12.36000000000	3.91000000000	6.46000000000	0.92000000000	2.47000000000	0.98000000000	0.00000000000	0.42000000000	
  -9999.00000000000	-9999.00000000000	-9999.00000000000
  4	16	21.68000000000	6.78000000000	11.32000000000	3.20000000000	4.75000000000	2.05000000000	0.00000000000	0.42000000000	
  -9999.00000000000	-9999.00000000000	-9999.00000000000
  4	17	21.09000000000	6.35000000000	13.02000000000	2.96000000000	4.09000000000	2.09000000000	0.00000000000	0.42000000000	
  -9999.00000000000	-9999.00000000000	-9999.00000000000
  4	18	29.14000000000	5.62000000000	11.03000000000	1.40000000000	5.89000000000	2.20000000000	0.00000000000	0.41000000000	
  -9999.00000000000	-9999.00000000000	-9999.00000000000
  4	19	4.01000000000	0.26000000000	2.37000000000	-0.86000000000	0.75000000000	1.15000000000	0.00000000000	0.41000000000	
  -9999.00000000000	-9999.00000000000	-9999.00000000000
  4	20	7.20000000000	0.79000000000	2.78000000000	-0.87000000000	0.54000000000	0.65000000000	4.20000000000	0.41000000000	
  -9999.00000000000	-9999.00000000000	-9999.00000000000
  4	21	12.04000000000	2.25000000000	6.63000000000	-0.22000000000	1.07000000000	1.02000000000	1.20000000000	0.41000000000	
  -9999.00000000000	-9999.00000000000	-9999.00000000000
  4	22	16.91000000000	4.47000000000	10.04000000000	0.54000000000	2.73000000000	1.79000000000	0.60000000000	0.41000000000	
  -9999.00000000000	-9999.00000000000	-9999.00000000000
  4	23	19.94000000000	5.94000000000	10.60000000000	2.24000000000	4.76000000000	2.13000000000	0.00000000000	0.41000000000	
  -9999.00000000000	-9999.00000000000	-9999.00000000000
  4	24	29.36000000000	7.46000000000	13.31000000000	2.16000000000	6.10000000000	3.29000000000	0.00000000000	0.41000000000	
  -9999.00000000000	-9999.00000000000	-9999.00000000000
  4	25	24.85000000000	7.29000000000	12.40000000000	4.05000000000	3.20000000000	4.20000000000	0.00000000000	0.40000000000	
  -9999.00000000000	-9999.00000000000	-9999.00000000000
  4	26	14.45000000000	6.55000000000	10.65000000000	4.24000000000	2.82000000000	4.47000000000	0.80000000000	0.40000000000	
  -9999.00000000000	-9999.00000000000	-9999.00000000000
  4	27	21.96000000000	5.62000000000	10.91000000000	2.32000000000	1.72000000000	4.59000000000	4.00000000000	0.40000000000	
  -9999.00000000000	-9999.00000000000	-9999.00000000000
  4	28	16.29000000000	5.76000000000	9.60000000000	4.06000000000	1.07000000000	4.62000000000	0.00000000000	0.40000000000	
  -9999.00000000000	-9999.00000000000	-9999.00000000000
  4	29	17.01000000000	7.51000000000	12.32000000000	4.77000000000	1.44000000000	5.03000000000	0.00000000000	0.40000000000	
  -9999.00000000000	-9999.00000000000	-9999.00000000000
  4	30	18.86000000000	8.73000000000	12.36000000000	6.35000000000	2.07000000000	5.68000000000	2.80000000000	0.39000000000	
  -9999.00000000000	-9999.00000000000	-9999.00000000000
  5	1	15.04000000000	7.87000000000	11.39000000000	5.38000000000	1.72000000000	5.86000000000	0.20000000000	0.39000000000	
  -9999.00000000000	-9999.00000000000	-9999.00000000000
  5	2	10.70000000000	7.97000000000	11.59000000000	6.75000000000	1.39000000000	6.02000000000	8.60000000000	0.39000000000	
  -9999.00000000000	-9999.00000000000	-9999.00000000000
  5	3	22.12000000000	7.14000000000	11.23000000000	1.50000000000	2.77000000000	6.26000000000	15.30000000000	0.43000000000	
  -9999.00000000000	-9999.00000000000	-9999.00000000000
  5	4	28.37000000000	10.15000000000	15.79000000000	6.04000000000	5.56000000000	6.83000000000	0.00000000000	0.43000000000	
  -9999.00000000000	-9999.00000000000	-9999.00000000000
  5	5	28.09000000000	12.94000000000	17.98000000000	7.70000000000	6.70000000000	8.21000000000	0.00000000000	0.42000000000	
  -9999.00000000000	-9999.00000000000	-9999.00000000000
  5	6	30.55000000000	14.62000000000	19.17000000000	10.79000000000	8.79000000000	9.21000000000	0.00000000000	0.41000000000	
  -9999.00000000000	-9999.00000000000	-9999.00000000000
  5	7	27.97000000000	14.52000000000	19.63000000000	10.58000000000	8.57000000000	9.80000000000	0.00000000000	0.40000000000	
  -9999.00000000000	-9999.00000000000	-9999.00000000000
  5	8	27.19000000000	14.54000000000	18.76000000000	11.65000000000	9.37000000000	9.99000000000	0.00000000000	0.39000000000	
  -9999.00000000000	-9999.00000000000	-9999.00000000000
  5	9	22.53000000000	12.31000000000	15.45000000000	9.92000000000	4.94000000000	9.68000000000	0.00000000000	0.38000000000	
  -9999.00000000000	-9999.00000000000	-9999.00000000000
  5	10	14.18000000000	9.25000000000	14.17000000000	6.74000000000	2.34000000000	9.12000000000	5.10000000000	0.38000000000	
  -9999.00000000000	-9999.00000000000	-9999.00000000000
  5	11	18.37000000000	9.03000000000	13.05000000000	6.06000000000	1.40000000000	8.80000000000	9.50000000000	0.43000000000	
  -9999.00000000000	-9999.00000000000	-9999.00000000000
  5	12	17.99000000000	9.43000000000	13.89000000000	7.01000000000	2.22000000000	9.01000000000	4.40000000000	0.42000000000	
  -9999.00000000000	-9999.00000000000	-9999.00000000000
  5	13	11.21000000000	7.93000000000	10.76000000000	1.47000000000	2.01000000000	8.29000000000	10.80000000000	0.42000000000	
  -9999.00000000000	-9999.00000000000	-9999.00000000000
  5	14	20.94000000000	1.95000000000	6.67000000000	-0.40000000000	1.71000000000	7.84000000000	0.80000000000	0.42000000000	
  -9999.00000000000	-9999.00000000000	-9999.00000000000
  5	15	23.22000000000	2.29000000000	6.02000000000	-1.91000000000	4.06000000000	6.94000000000	0.00000000000	0.41000000000	
  -9999.00000000000	-9999.00000000000	-9999.00000000000
  5	16	29.93000000000	4.67000000000	9.68000000000	1.06000000000	3.44000000000	7.43000000000	0.00000000000	0.40000000000	
  -9999.00000000000	-9999.00000000000	-9999.00000000000
  5	17	26.20000000000	6.16000000000	9.83000000000	2.73000000000	3.29000000000	7.88000000000	0.00000000000	0.39000000000	
  -9999.00000000000	-9999.00000000000	-9999.00000000000
  5	18	25.77000000000	9.22000000000	13.77000000000	3.78000000000	4.42000000000	8.71000000000	0.00000000000	0.38000000000	
  -9999.00000000000	-9999.00000000000	-9999.00000000000
  5	19	24.64000000000	10.33000000000	13.90000000000	7.57000000000	3.37000000000	9.52000000000	0.00000000000	0.38000000000	
  -9999.00000000000	-9999.00000000000	-9999.00000000000
  5	20	9.23000000000	3.92000000000	9.20000000000	2.46000000000	0.97000000000	7.67000000000	26.00000000000	0.38000000000	
  -9999.00000000000	-9999.00000000000	-9999.00000000000
  5	21	32.64000000000	5.06000000000	10.02000000000	1.87000000000	4.14000000000	8.11000000000	0.00000000000	0.38000000000	
  -9999.00000000000	-9999.00000000000	-9999.00000000000
  5	22	31.80000000000	6.95000000000	12.37000000000	1.71000000000	5.06000000000	8.58000000000	0.00000000000	0.38000000000	
  -9999.00000000000	-9999.00000000000	-9999.00000000000
  5	23	25.54000000000	11.21000000000	17.66000000000	6.59000000000	5.83000000000	9.45000000000	0.00000000000	0.37000000000	
  -9999.00000000000	-9999.00000000000	-9999.00000000000
  5	24	31.50000000000	11.27000000000	15.94000000000	7.37000000000	4.60000000000	10.14000000000	0.00000000000	0.36000000000	
  -9999.00000000000	-9999.00000000000	-9999.00000000000
  5	25	31.86000000000	12.01000000000	16.43000000000	7.55000000000	5.31000000000	10.80000000000	1.70000000000	0.35000000000	
  -9999.00000000000	-9999.00000000000	-9999.00000000000
  5	26	27.23000000000	12.50000000000	17.12000000000	8.97000000000	5.04000000000	11.07000000000	1.80000000000	0.34000000000	
  -9999.00000000000	-9999.00000000000	-9999.00000000000
  5	27	16.59000000000	12.25000000000	17.15000000000	9.64000000000	3.85000000000	10.96000000000	1.00000000000	0.34000000000	
  -9999.00000000000	-9999.00000000000	-9999.00000000000
  5	28	22.85000000000	13.17000000000	17.05000000000	10.25000000000	5.53000000000	11.16000000000	0.00000000000	0.34000000000	
  -9999.00000000000	-9999.00000000000	-9999.00000000000
  5	29	18.90000000000	12.50000000000	16.96000000000	9.91000000000	4.44000000000	11.05000000000	0.40000000000	0.33000000000	
  -9999.00000000000	-9999.00000000000	-9999.00000000000
  5	30	20.84000000000	12.47000000000	17.87000000000	8.55000000000	3.77000000000	11.09000000000	1.20000000000	0.33000000000	
  -9999.00000000000	-9999.00000000000	-9999.00000000000
  5	31	16.75000000000	12.13000000000	17.84000000000	8.41000000000	3.47000000000	10.98000000000	7.90000000000	0.32000000000	
  -9999.00000000000	-9999.00000000000	-9999.00000000000
  6	1	23.22000000000	12.50000000000	18.68000000000	7.60000000000	3.63000000000	11.19000000000	0.40000000000	0.32000000000	
  -9999.00000000000	-9999.00000000000	-9999.00000000000
  6	2	23.05000000000	13.14000000000	18.58000000000	10.21000000000	3.05000000000	11.64000000000	0.20000000000	0.31000000000	
  -9999.00000000000	-9999.00000000000	-9999.00000000000
  6	3	31.44000000000	13.33000000000	17.97000000000	9.34000000000	3.82000000000	12.07000000000	0.00000000000	0.30000000000	
  -9999.00000000000	-9999.00000000000	-9999.00000000000
  6	4	27.68000000000	13.93000000000	18.43000000000	10.31000000000	3.71000000000	12.42000000000	0.00000000000	0.29000000000	
  -9999.00000000000	-9999.00000000000	-9999.00000000000
  6	5	25.07000000000	14.78000000000	19.54000000000	11.40000000000	3.86000000000	12.85000000000	0.00000000000	0.28000000000	
  -9999.00000000000	-9999.00000000000	-9999.00000000000
  6	6	19.07000000000	14.73000000000	20.03000000000	12.01000000000	2.89000000000	12.87000000000	0.60000000000	0.27000000000	
  -9999.00000000000	-9999.00000000000	-9999.00000000000
  6	7	21.39000000000	14.33000000000	18.95000000000	11.00000000000	3.85000000000	12.81000000000	1.07000000000	0.27000000000	
  -9999.00000000000	-9999.00000000000	-9999.00000000000
  6	8	32.38000000000	15.68000000000	20.13000000000	11.78000000000	6.67000000000	13.10000000000	0.00000000000	0.26000000000	
  -9999.00000000000	-9999.00000000000	-9999.00000000000
  6	9	28.30000000000	16.48000000000	21.08000000000	12.69000000000	6.93000000000	13.55000000000	0.00000000000	0.25000000000	
  -9999.00000000000	-9999.00000000000	-9999.00000000000
  6	10	30.75000000000	17.68000000000	22.74000000000	13.57000000000	7.90000000000	13.87000000000	0.00000000000	0.24000000000	
  -9999.00000000000	-9999.00000000000	-9999.00000000000
  6	11	26.94000000000	18.88000000000	23.20000000000	14.93000000000	8.44000000000	14.33000000000	0.00000000000	0.23000000000	
  -9999.00000000000	-9999.00000000000	-9999.00000000000
  6	12	26.52000000000	19.19000000000	24.56000000000	15.67000000000	9.42000000000	14.82000000000	0.00000000000	0.22000000000	
  -9999.00000000000	-9999.00000000000	-9999.00000000000
  6	13	27.68000000000	18.53000000000	24.12000000000	12.52000000000	9.53000000000	14.76000000000	3.60000000000	0.21000000000	
  -9999.00000000000	-9999.00000000000	-9999.00000000000
  6	14	29.68000000000	17.92000000000	23.40000000000	11.41000000000	9.73000000000	14.54000000000	0.63000000000	0.21000000000	
  -9999.00000000000	-9999.00000000000	-9999.00000000000
  6	15	24.41000000000	16.64000000000	22.08000000000	11.53000000000	9.08000000000	14.09000000000	0.00000000000	0.20000000000	
  -9999.00000000000	-9999.00000000000	-9999.00000000000
  6	16	26.27000000000	16.94000000000	21.97000000000	13.21000000000	7.96000000000	13.97000000000	0.00000000000	0.20000000000	
  -9999.00000000000	-9999.00000000000	-9999.00000000000
  6	17	24.47000000000	14.44000000000	19.65000000000	9.90000000000	3.35000000000	13.82000000000	38.61000000000	0.23000000000	
  -9999.00000000000	-9999.00000000000	-9999.00000000000
  6	18	21.42000000000	13.31000000000	19.13000000000	9.91000000000	4.92000000000	12.55000000000	0.20000000000	0.40000000000	
  -9999.00000000000	-9999.00000000000	-9999.00000000000
  6	19	23.77000000000	14.04000000000	19.56000000000	10.14000000000	7.70000000000	12.63000000000	0.00000000000	0.38000000000	
  -9999.00000000000	-9999.00000000000	-9999.00000000000
  6	20	31.24000000000	17.30000000000	23.64000000000	11.57000000000	12.11000000000	13.33000000000	0.00000000000	0.36000000000	
  -9999.00000000000	-9999.00000000000	-9999.00000000000
  6	21	31.93000000000	17.73000000000	23.37000000000	12.63000000000	13.44000000000	13.84000000000	0.00000000000	0.34000000000	
  -9999.00000000000	-9999.00000000000	-9999.00000000000
  6	22	29.26000000000	17.17000000000	22.27000000000	12.45000000000	10.17000000000	13.95000000000	0.00000000000	0.31000000000	
  -9999.00000000000	-9999.00000000000	-9999.00000000000
  6	23	18.70000000000	15.77000000000	21.04000000000	10.47000000000	4.48000000000	14.40000000000	10.10000000000	0.29000000000	
  -9999.00000000000	-9999.00000000000	-9999.00000000000
  6	24	23.30000000000	16.50000000000	21.14000000000	12.60000000000	5.40000000000	14.44000000000	2.30000000000	0.28000000000	
  -9999.00000000000	-9999.00000000000	-9999.00000000000
  6	25	25.58000000000	17.71000000000	25.16000000000	13.98000000000	7.24000000000	13.86000000000	-9999.00000000000	0.28000000000	
  -9999.00000000000	-9999.00000000000	-9999.00000000000
  6	26	20.12000000000	16.74000000000	22.05000000000	11.31000000000	5.92000000000	13.80000000000	-9999.00000000000	0.27000000000	
  -9999.00000000000	-9999.00000000000	-9999.00000000000
  6	27	24.16000000000	15.10000000000	19.68000000000	11.20000000000	5.57000000000	13.87000000000	-9999.00000000000	0.26000000000	
  -9999.00000000000	-9999.00000000000	-9999.00000000000
  6	28	18.66000000000	12.93000000000	17.22000000000	8.77000000000	4.04000000000	13.59000000000	25.70000000000	0.28000000000	
  -9999.00000000000	-9999.00000000000	-9999.00000000000
  6	29	26.67000000000	13.25000000000	18.87000000000	8.46000000000	3.47000000000	13.06000000000	1.50000000000	0.40000000000	
  -9999.00000000000	-9999.00000000000	-9999.00000000000
  6	30	28.62000000000	15.58000000000	20.27000000000	11.49000000000	4.07000000000	14.14000000000	0.20000000000	0.36000000000	
  -9999.00000000000	-9999.00000000000	-9999.00000000000
  7	1	10.69000000000	13.39000000000	17.90000000000	5.11000000000	2.21000000000	14.14000000000	17.74000000000	0.35000000000	
  -9999.00000000000	-9999.00000000000	-9999.00000000000
  7	2	30.42000000000	11.36000000000	16.59000000000	5.42000000000	5.43000000000	13.30000000000	0.00000000000	0.35000000000	
  -9999.00000000000	-9999.00000000000	-9999.00000000000
  7	3	20.34000000000	10.63000000000	15.48000000000	6.44000000000	2.57000000000	13.46000000000	19.30000000000	0.34000000000	
  -9999.00000000000	-9999.00000000000	-9999.00000000000
  7	4	13.27000000000	8.08000000000	11.39000000000	5.59000000000	1.36000000000	12.25000000000	12.20000000000	0.35000000000	
  -9999.00000000000	-9999.00000000000	-9999.00000000000
  7	5	18.14000000000	10.28000000000	14.33000000000	5.75000000000	4.73000000000	11.77000000000	0.00000000000	0.36000000000	
  -9999.00000000000	-9999.00000000000	-9999.00000000000
  7	6	23.88000000000	12.63000000000	17.23000000000	8.29000000000	5.71000000000	12.47000000000	0.00000000000	0.35000000000	
  -9999.00000000000	-9999.00000000000	-9999.00000000000
  7	7	24.24000000000	14.20000000000	19.67000000000	10.19000000000	5.90000000000	13.14000000000	0.00000000000	0.33000000000	
  -9999.00000000000	-9999.00000000000	-9999.00000000000
  7	8	25.80000000000	15.36000000000	20.95000000000	10.83000000000	9.44000000000	13.43000000000	0.00000000000	0.32000000000	
  -9999.00000000000	-9999.00000000000	-9999.00000000000
  7	9	25.38000000000	15.14000000000	19.97000000000	11.18000000000	7.67000000000	13.36000000000	0.00000000000	0.31000000000	
  -9999.00000000000	-9999.00000000000	-9999.00000000000
  7	10	25.51000000000	15.49000000000	20.09000000000	10.33000000000	8.01000000000	13.57000000000	0.00000000000	0.30000000000	
  -9999.00000000000	-9999.00000000000	-9999.00000000000
  7	11	23.79000000000	16.10000000000	20.31000000000	11.92000000000	8.71000000000	13.89000000000	0.00000000000	0.28000000000	
  -9999.00000000000	-9999.00000000000	-9999.00000000000
  7	12	21.58000000000	15.83000000000	20.18000000000	12.80000000000	4.82000000000	14.08000000000	0.00000000000	0.27000000000	
  -9999.00000000000	-9999.00000000000	-9999.00000000000
  7	13	27.09000000000	17.75000000000	23.78000000000	13.16000000000	8.12000000000	14.60000000000	0.00000000000	0.26000000000	
  -9999.00000000000	-9999.00000000000	-9999.00000000000
  7	14	28.31000000000	14.34000000000	17.37000000000	11.62000000000	2.99000000000	14.71000000000	0.00000000000	0.25000000000	
  -9999.00000000000	-9999.00000000000	-9999.00000000000
  7	15	22.91000000000	14.33000000000	20.49000000000	10.88000000000	3.06000000000	14.27000000000	0.40000000000	0.25000000000	
  -9999.00000000000	-9999.00000000000	-9999.00000000000
  7	16	22.38000000000	16.35000000000	21.72000000000	13.39000000000	3.65000000000	14.82000000000	0.60000000000	0.24000000000	
  -9999.00000000000	-9999.00000000000	-9999.00000000000
  7	17	17.73000000000	15.11000000000	19.70000000000	10.35000000000	3.35000000000	13.60000000000	22.50000000000	0.29000000000	
  -9999.00000000000	-9999.00000000000	-9999.00000000000
  7	18	30.34000000000	15.62000000000	20.84000000000	10.08000000000	9.05000000000	12.96000000000	0.00000000000	0.36000000000	
  -9999.00000000000	-9999.00000000000	-9999.00000000000
  7	19	29.93000000000	16.88000000000	23.21000000000	12.80000000000	6.78000000000	14.50000000000	0.00000000000	0.32000000000	
  -9999.00000000000	-9999.00000000000	-9999.00000000000
  7	20	26.65000000000	17.64000000000	23.87000000000	13.63000000000	6.90000000000	14.88000000000	0.00000000000	0.29000000000	
  -9999.00000000000	-9999.00000000000	-9999.00000000000
  7	21	18.96000000000	15.41000000000	21.38000000000	11.16000000000	4.82000000000	15.06000000000	17.90000000000	0.27000000000	
  -9999.00000000000	-9999.00000000000	-9999.00000000000
  7	22	26.47000000000	16.55000000000	21.80000000000	10.96000000000	6.24000000000	15.24000000000	0.80000000000	0.26000000000	
  -9999.00000000000	-9999.00000000000	-9999.00000000000
  7	23	26.82000000000	15.86000000000	20.53000000000	10.91000000000	7.25000000000	15.29000000000	5.60000000000	0.25000000000	
  -9999.00000000000	-9999.00000000000	-9999.00000000000
  7	24	8.65000000000	12.46000000000	15.60000000000	8.96000000000	2.23000000000	14.12000000000	16.90000000000	0.25000000000	
  -9999.00000000000	-9999.00000000000	-9999.00000000000
  7	25	29.15000000000	14.13000000000	19.08000000000	8.93000000000	7.10000000000	13.92000000000	0.00000000000	0.26000000000	
  -9999.00000000000	-9999.00000000000	-9999.00000000000
  7	26	28.41000000000	16.39000000000	20.72000000000	12.84000000000	6.49000000000	14.43000000000	0.00000000000	0.25000000000	
  -9999.00000000000	-9999.00000000000	-9999.00000000000
  7	27	27.82000000000	17.25000000000	21.18000000000	10.68000000000	6.03000000000	15.06000000000	0.00000000000	0.24000000000	
  -9999.00000000000	-9999.00000000000	-9999.00000000000
  7	28	21.84000000000	13.73000000000	19.62000000000	7.84000000000	3.30000000000	13.70000000000	27.40000000000	0.36000000000	
  -9999.00000000000	-9999.00000000000	-9999.00000000000
  7	29	22.63000000000	12.21000000000	16.77000000000	8.57000000000	5.91000000000	13.75000000000	0.20000000000	0.40000000000	
  -9999.00000000000	-9999.00000000000	-9999.00000000000
  7	30	29.87000000000	13.92000000000	20.29000000000	8.24000000000	9.21000000000	13.93000000000	0.00000000000	0.35000000000	
  -9999.00000000000	-9999.00000000000	-9999.00000000000
  7	31	14.53000000000	12.65000000000	16.08000000000	9.87000000000	4.30000000000	13.88000000000	0.80000000000	0.34000000000	
  -9999.00000000000	-9999.00000000000	-9999.00000000000
  8	1	18.62000000000	15.18000000000	21.09000000000	10.42000000000	6.98000000000	13.67000000000	0.00000000000	0.33000000000	
  -9999.00000000000	-9999.00000000000	-9999.00000000000
  8	2	27.00000000000	17.15000000000	23.53000000000	12.43000000000	8.18000000000	14.47000000000	0.00000000000	0.31000000000	
  -9999.00000000000	-9999.00000000000	-9999.00000000000
  8	3	27.19000000000	18.86000000000	24.12000000000	14.57000000000	7.76000000000	15.31000000000	0.00000000000	0.29000000000	
  -9999.00000000000	-9999.00000000000	-9999.00000000000
  8	4	26.59000000000	20.21000000000	25.64000000000	16.49000000000	9.23000000000	15.91000000000	0.00000000000	0.27000000000	
  -9999.00000000000	-9999.00000000000	-9999.00000000000
  8	5	20.61000000000	20.43000000000	25.42000000000	17.35000000000	8.84000000000	16.25000000000	0.40000000000	0.26000000000	
  -9999.00000000000	-9999.00000000000	-9999.00000000000
  8	6	22.32000000000	20.70000000000	25.89000000000	17.44000000000	11.70000000000	16.44000000000	0.00000000000	0.25000000000	
  -9999.00000000000	-9999.00000000000	-9999.00000000000
  8	7	28.04000000000	20.78000000000	25.82000000000	16.85000000000	15.99000000000	16.21000000000	0.00000000000	0.24000000000	
  -9999.00000000000	-9999.00000000000	-9999.00000000000
  8	8	22.45000000000	20.24000000000	25.50000000000	16.33000000000	15.61000000000	15.68000000000	0.00000000000	0.23000000000	
  -9999.00000000000	-9999.00000000000	-9999.00000000000
  8	9	23.52000000000	20.61000000000	25.75000000000	16.77000000000	15.88000000000	15.57000000000	0.00000000000	0.22000000000	
  -9999.00000000000	-9999.00000000000	-9999.00000000000
  8	10	20.74000000000	20.97000000000	26.70000000000	16.64000000000	15.06000000000	15.71000000000	0.00000000000	0.22000000000	
  -9999.00000000000	-9999.00000000000	-9999.00000000000
  8	11	21.07000000000	21.54000000000	26.02000000000	17.81000000000	16.78000000000	15.81000000000	0.00000000000	0.22000000000	
  -9999.00000000000	-9999.00000000000	-9999.00000000000
  8	12	21.60000000000	21.07000000000	26.76000000000	17.31000000000	15.69000000000	15.87000000000	0.00000000000	0.21000000000	
  -9999.00000000000	-9999.00000000000	-9999.00000000000
  8	13	24.67000000000	21.09000000000	26.08000000000	17.54000000000	13.38000000000	16.12000000000	0.00000000000	0.21000000000	
  -9999.00000000000	-9999.00000000000	-9999.00000000000
  8	14	18.00000000000	17.99000000000	23.78000000000	12.74000000000	9.10000000000	16.08000000000	2.00000000000	0.20000000000	
  -9999.00000000000	-9999.00000000000	-9999.00000000000
  8	15	13.48000000000	15.98000000000	19.07000000000	12.87000000000	7.89000000000	14.93000000000	0.00000000000	0.20000000000	
  -9999.00000000000	-9999.00000000000	-9999.00000000000
  8	16	19.56000000000	16.36000000000	21.16000000000	12.84000000000	7.70000000000	14.62000000000	-9999.00000000000	0.20000000000	
  -9999.00000000000	-9999.00000000000	-9999.00000000000
  8	17	20.05000000000	16.95000000000	19.44000000000	14.20000000000	5.57000000000	15.07000000000	-9999.00000000000	0.20000000000	
  -9999.00000000000	-9999.00000000000	-9999.00000000000
  8	18	23.47000000000	15.58000000000	20.11000000000	11.43000000000	5.00000000000	15.18000000000	-9999.00000000000	0.20000000000	
  -9999.00000000000	-9999.00000000000	-9999.00000000000
  8	19	23.29000000000	16.49000000000	22.72000000000	12.00000000000	9.26000000000	14.75000000000	0.20000000000	0.20000000000	
  -9999.00000000000	-9999.00000000000	-9999.00000000000
  8	20	22.60000000000	16.10000000000	21.08000000000	12.73000000000	7.25000000000	15.07000000000	0.00000000000	0.20000000000	
  -9999.00000000000	-9999.00000000000	-9999.00000000000
  8	21	18.01000000000	14.94000000000	18.13000000000	11.69000000000	6.05000000000	14.81000000000	0.00000000000	0.20000000000	
  -9999.00000000000	-9999.00000000000	-9999.00000000000
  8	22	24.83000000000	17.03000000000	22.10000000000	13.15000000000	8.15000000000	15.03000000000	0.00000000000	0.20000000000	
  -9999.00000000000	-9999.00000000000	-9999.00000000000
  8	23	25.23000000000	18.13000000000	22.39000000000	14.33000000000	8.09000000000	15.44000000000	0.00000000000	0.19000000000	
  -9999.00000000000	-9999.00000000000	-9999.00000000000
  8	24	24.03000000000	17.68000000000	22.22000000000	14.32000000000	7.82000000000	15.85000000000	0.00000000000	0.19000000000	
  -9999.00000000000	-9999.00000000000	-9999.00000000000
  8	25	18.09000000000	15.52000000000	20.58000000000	11.88000000000	6.05000000000	15.42000000000	0.00000000000	0.19000000000	
  -9999.00000000000	-9999.00000000000	-9999.00000000000
  8	26	20.03000000000	15.38000000000	21.40000000000	10.95000000000	6.26000000000	14.89000000000	0.00000000000	0.19000000000	
  -9999.00000000000	-9999.00000000000	-9999.00000000000
  8	27	24.00000000000	16.55000000000	21.53000000000	12.52000000000	8.86000000000	14.76000000000	0.00000000000	0.19000000000	
  -9999.00000000000	-9999.00000000000	-9999.00000000000
  8	28	21.03000000000	15.64000000000	20.11000000000	11.41000000000	4.29000000000	15.23000000000	4.20000000000	0.19000000000	
  -9999.00000000000	-9999.00000000000	-9999.00000000000
  8	29	4.63000000000	12.37000000000	14.33000000000	8.77000000000	1.24000000000	14.10000000000	1.40000000000	0.24000000000	
  -9999.00000000000	-9999.00000000000	-9999.00000000000
  8	30	24.78000000000	12.81000000000	17.00000000000	8.46000000000	4.41000000000	13.81000000000	0.20000000000	0.35000000000	
  -9999.00000000000	-9999.00000000000	-9999.00000000000
  8	31	15.78000000000	8.50000000000	12.20000000000	4.72000000000	3.13000000000	13.50000000000	0.00000000000	0.36000000000	
  -9999.00000000000	-9999.00000000000	-9999.00000000000
  9	1	19.03000000000	6.92000000000	10.78000000000	4.47000000000	3.76000000000	12.38000000000	-9999.00000000000	0.35000000000	
  -9999.00000000000	-9999.00000000000	-9999.00000000000
  9	2	20.30000000000	7.25000000000	12.10000000000	4.15000000000	5.37000000000	12.01000000000	-9999.00000000000	0.33000000000	
  -9999.00000000000	-9999.00000000000	-9999.00000000000
  9	3	20.06000000000	7.33000000000	12.73000000000	3.07000000000	4.24000000000	11.55000000000	-9999.00000000000	0.31000000000	
  -9999.00000000000	-9999.00000000000	-9999.00000000000
  9	4	21.68000000000	8.66000000000	15.29000000000	4.11000000000	3.87000000000	11.59000000000	-9999.00000000000	0.30000000000	
  -9999.00000000000	-9999.00000000000	-9999.00000000000
  9	5	21.13000000000	10.10000000000	14.47000000000	6.70000000000	4.81000000000	11.82000000000	-9999.00000000000	0.28000000000	
  -9999.00000000000	-9999.00000000000	-9999.00000000000
  9	6	13.38000000000	9.88000000000	13.21000000000	7.69000000000	4.31000000000	11.64000000000	-9999.00000000000	0.27000000000	
  -9999.00000000000	-9999.00000000000	-9999.00000000000
  9	7	19.19000000000	10.22000000000	13.58000000000	7.32000000000	3.14000000000	11.81000000000	-9999.00000000000	0.26000000000	
  -9999.00000000000	-9999.00000000000	-9999.00000000000
  9	8	7.78000000000	8.21000000000	9.51000000000	7.34000000000	1.18000000000	11.41000000000	-9999.00000000000	0.26000000000	
  -9999.00000000000	-9999.00000000000	-9999.00000000000
  9	9	10.60000000000	8.57000000000	10.90000000000	6.62000000000	0.84000000000	11.07000000000	-9999.00000000000	0.26000000000	
  -9999.00000000000	-9999.00000000000	-9999.00000000000
  9	10	21.45000000000	10.13000000000	13.46000000000	7.58000000000	5.33000000000	11.35000000000	-9999.00000000000	0.25000000000	
  -9999.00000000000	-9999.00000000000	-9999.00000000000
  9	11	17.87000000000	7.70000000000	10.74000000000	2.85000000000	4.33000000000	10.64000000000	-9999.00000000000	0.25000000000	
  -9999.00000000000	-9999.00000000000	-9999.00000000000
  9	12	13.71000000000	6.86000000000	9.70000000000	4.30000000000	3.81000000000	9.69000000000	-9999.00000000000	0.25000000000	
  -9999.00000000000	-9999.00000000000	-9999.00000000000
  9	13	16.89000000000	7.78000000000	13.82000000000	3.76000000000	4.45000000000	9.80000000000	-9999.00000000000	0.24000000000	
  -9999.00000000000	-9999.00000000000	-9999.00000000000
  9	14	20.62000000000	9.79000000000	16.79000000000	4.54000000000	6.28000000000	9.98000000000	-9999.00000000000	0.24000000000	
  -9999.00000000000	-9999.00000000000	-9999.00000000000
  9	15	20.32000000000	10.19000000000	16.41000000000	4.86000000000	4.79000000000	10.48000000000	-9999.00000000000	0.23000000000	
  -9999.00000000000	-9999.00000000000	-9999.00000000000
  9	16	19.79000000000	12.28000000000	19.50000000000	6.79000000000	7.31000000000	10.67000000000	-9999.00000000000	0.23000000000	
  -9999.00000000000	-9999.00000000000	-9999.00000000000
  9	17	20.19000000000	13.37000000000	18.36000000000	9.44000000000	8.35000000000	11.01000000000	-9999.00000000000	0.22000000000	
  -9999.00000000000	-9999.00000000000	-9999.00000000000
  9	18	19.98000000000	14.54000000000	20.06000000000	10.70000000000	9.04000000000	11.35000000000	-9999.00000000000	0.22000000000	
  -9999.00000000000	-9999.00000000000	-9999.00000000000
  9	19	19.54000000000	15.84000000000	21.13000000000	12.02000000000	9.31000000000	11.79000000000	-9999.00000000000	0.21000000000	
  -9999.00000000000	-9999.00000000000	-9999.00000000000
  9	20	19.18000000000	15.59000000000	20.36000000000	11.87000000000	8.77000000000	12.12000000000	-9999.00000000000	0.21000000000	
  -9999.00000000000	-9999.00000000000	-9999.00000000000
  9	21	18.77000000000	14.48000000000	19.40000000000	11.12000000000	6.94000000000	12.07000000000	-9999.00000000000	0.21000000000	
  -9999.00000000000	-9999.00000000000	-9999.00000000000
  9	22	17.86000000000	11.93000000000	15.19000000000	9.58000000000	4.47000000000	11.80000000000	-9999.00000000000	0.21000000000	
  -9999.00000000000	-9999.00000000000	-9999.00000000000
  9	23	4.75000000000	8.77000000000	9.69000000000	6.24000000000	1.03000000000	10.96000000000	-9999.00000000000	0.21000000000	
  -9999.00000000000	-9999.00000000000	-9999.00000000000
  9	24	14.43000000000	7.46000000000	11.77000000000	5.16000000000	2.93000000000	10.70000000000	-9999.00000000000	0.20000000000	
  -9999.00000000000	-9999.00000000000	-9999.00000000000
  9	25	18.32000000000	7.74000000000	12.90000000000	3.64000000000	3.35000000000	10.00000000000	-9999.00000000000	0.20000000000	
  -9999.00000000000	-9999.00000000000	-9999.00000000000
  9	26	18.34000000000	8.62000000000	14.45000000000	4.40000000000	3.37000000000	9.83000000000	-9999.00000000000	0.20000000000	
  -9999.00000000000	-9999.00000000000	-9999.00000000000
  9	27	17.85000000000	9.13000000000	14.51000000000	5.35000000000	4.48000000000	9.77000000000	-9999.00000000000	0.20000000000	
  -9999.00000000000	-9999.00000000000	-9999.00000000000
  9	28	16.96000000000	7.01000000000	10.55000000000	4.32000000000	2.50000000000	9.44000000000	-9999.00000000000	0.20000000000	
  -9999.00000000000	-9999.00000000000	-9999.00000000000
  9	29	13.70000000000	7.91000000000	12.66000000000	4.94000000000	2.74000000000	9.69000000000	-9999.00000000000	0.20000000000	
  -9999.00000000000	-9999.00000000000	-9999.00000000000
  9	30	11.74000000000	6.99000000000	10.33000000000	5.23000000000	1.84000000000	9.55000000000	-9999.00000000000	0.20000000000	
  -9999.00000000000	-9999.00000000000	-9999.00000000000
 10	1	6.84000000000	6.86000000000	8.82000000000	5.68000000000	0.62000000000	9.45000000000	-9999.00000000000	0.20000000000	
  -9999.00000000000	-9999.00000000000	-9999.00000000000
 10	2	13.25000000000	10.23000000000	15.27000000000	7.35000000000	1.83000000000	9.93000000000	-9999.00000000000	0.20000000000	
  -9999.00000000000	-9999.00000000000	-9999.00000000000
 10	3	4.80000000000	9.63000000000	10.18000000000	8.98000000000	0.36000000000	10.06000000000	-9999.00000000000	0.20000000000	
  -9999.00000000000	-9999.00000000000	-9999.00000000000
 10	4	11.76000000000	7.52000000000	11.34000000000	3.75000000000	0.75000000000	8.71000000000	-9999.00000000000	0.35000000000	
  -9999.00000000000	-9999.00000000000	-9999.00000000000
 10	5	4.18000000000	1.03000000000	3.84000000000	-0.99000000000	0.32000000000	5.95000000000	-9999.00000000000	0.45000000000	
  -9999.00000000000	-9999.00000000000	-9999.00000000000
 10	6	16.66000000000	1.91000000000	5.26000000000	-1.31000000000	2.53000000000	6.42000000000	-9999.00000000000	0.42000000000	
  -9999.00000000000	-9999.00000000000	-9999.00000000000
 10	7	8.94000000000	1.75000000000	3.96000000000	-0.97000000000	1.04000000000	6.51000000000	-9999.00000000000	0.40000000000	
  -9999.00000000000	-9999.00000000000	-9999.00000000000
 10	8	16.74000000000	0.59000000000	4.74000000000	-3.19000000000	2.37000000000	6.38000000000	-9999.00000000000	0.38000000000	
  -9999.00000000000	-9999.00000000000	-9999.00000000000
 10	9	14.27000000000	5.04000000000	8.90000000000	0.74000000000	2.02000000000	6.68000000000	-9999.00000000000	0.38000000000	
  -9999.00000000000	-9999.00000000000	-9999.00000000000
 10	10	17.39000000000	8.29000000000	13.45000000000	5.01000000000	3.86000000000	7.36000000000	-9999.00000000000	0.37000000000	
  -9999.00000000000	-9999.00000000000	-9999.00000000000
 10	11	15.40000000000	6.82000000000	12.18000000000	3.63000000000	1.48000000000	7.54000000000	-9999.00000000000	0.36000000000	
  -9999.00000000000	-9999.00000000000	-9999.00000000000
 10	12	16.33000000000	7.40000000000	11.89000000000	3.98000000000	1.87000000000	8.03000000000	-9999.00000000000	0.36000000000	
  -9999.00000000000	-9999.00000000000	-9999.00000000000
 10	13	11.54000000000	6.94000000000	10.81000000000	5.24000000000	1.45000000000	8.25000000000	-9999.00000000000	0.35000000000	
  -9999.00000000000	-9999.00000000000	-9999.00000000000
 10	14	11.66000000000	5.95000000000	9.76000000000	3.89000000000	1.21000000000	7.99000000000	-9999.00000000000	0.35000000000	
  -9999.00000000000	-9999.00000000000	-9999.00000000000
 10	15	16.18000000000	3.75000000000	8.53000000000	0.18000000000	2.31000000000	7.58000000000	-9999.00000000000	0.35000000000	
  -9999.00000000000	-9999.00000000000	-9999.00000000000
 10	16	15.97000000000	3.74000000000	9.72000000000	-0.44000000000	2.85000000000	6.66000000000	-9999.00000000000	0.34000000000	
  -9999.00000000000	-9999.00000000000	-9999.00000000000
 10	17	13.05000000000	0.06000000000	5.53000000000	-2.42000000000	1.11000000000	6.06000000000	-9999.00000000000	0.34000000000	
  -9999.00000000000	-9999.00000000000	-9999.00000000000
 10	18	14.16000000000	0.00000000000	6.17000000000	-3.77000000000	1.47000000000	5.48000000000	-9999.00000000000	0.34000000000	
  -9999.00000000000	-9999.00000000000	-9999.00000000000
 10	19	13.31000000000	2.04000000000	7.08000000000	-1.55000000000	2.65000000000	5.47000000000	-9999.00000000000	0.34000000000	
  -9999.00000000000	-9999.00000000000	-9999.00000000000
 10	20	5.43000000000	1.60000000000	3.30000000000	-0.41000000000	0.21000000000	5.48000000000	-9999.00000000000	0.34000000000	
  -9999.00000000000	-9999.00000000000	-9999.00000000000
 10	21	3.86000000000	1.55000000000	2.73000000000	0.21000000000	0.14000000000	5.63000000000	-9999.00000000000	0.34000000000	
  -9999.00000000000	-9999.00000000000	-9999.00000000000
 10	22	5.91000000000	0.45000000000	1.92000000000	-0.57000000000	0.28000000000	5.15000000000	-9999.00000000000	0.34000000000	
  -9999.00000000000	-9999.00000000000	-9999.00000000000
 10	23	4.77000000000	-0.94000000000	0.23000000000	-3.35000000000	0.13000000000	4.92000000000	-9999.00000000000	0.34000000000	
  -9999.00000000000	-9999.00000000000	-9999.00000000000
 10	24	5.06000000000	-5.16000000000	-2.36000000000	-8.59000000000	0.92000000000	4.31000000000	-9999.00000000000	0.34000000000	
  -9999.00000000000	-9999.00000000000	-9999.00000000000
 10	25	13.95000000000	-5.10000000000	0.16000000000	-8.91000000000	2.13000000000	3.30000000000	-9999.00000000000	0.34000000000	
  -9999.00000000000	-9999.00000000000	-9999.00000000000
 10	26	13.67000000000	-4.04000000000	-0.49000000000	-7.66000000000	1.93000000000	2.54000000000	-9999.00000000000	0.34000000000	
  -9999.00000000000	-9999.00000000000	-9999.00000000000
 10	27	13.42000000000	-1.92000000000	2.47000000000	-4.91000000000	2.02000000000	2.37000000000	-9999.00000000000	0.34000000000	
  -9999.00000000000	-9999.00000000000	-9999.00000000000
 10	28	13.20000000000	-2.03000000000	2.28000000000	-5.02000000000	1.23000000000	2.25000000000	-9999.00000000000	0.34000000000	
  -9999.00000000000	-9999.00000000000	-9999.00000000000
 10	29	5.91000000000	-1.61000000000	-0.71000000000	-2.71000000000	0.61000000000	2.25000000000	-9999.00000000000	0.34000000000	
  -9999.00000000000	-9999.00000000000	-9999.00000000000
 10	30	4.44000000000	-1.99000000000	-0.00000000000	-3.00000000000	0.25000000000	2.41000000000	-9999.00000000000	0.33000000000	
  -9999.00000000000	-9999.00000000000	-9999.00000000000
 10	31	5.17000000000	-0.10000000000	3.28000000000	-2.79000000000	0.45000000000	2.25000000000	-9999.00000000000	0.34000000000	
  -9999.00000000000	-9999.00000000000	-9999.00000000000
 11	1	3.98000000000	3.11000000000	4.05000000000	1.65000000000	0.16000000000	2.11000000000	-9999.00000000000	0.48000000000	
  -9999.00000000000	-9999.00000000000	-9999.00000000000
 11	2	12.56000000000	2.77000000000	6.90000000000	-0.11000000000	1.88000000000	2.87000000000	-9999.00000000000	0.44000000000	
  -9999.00000000000	-9999.00000000000	-9999.00000000000
 11	3	11.79000000000	3.46000000000	6.57000000000	1.18000000000	2.00000000000	3.29000000000	-9999.00000000000	0.42000000000	
  -9999.00000000000	-9999.00000000000	-9999.00000000000
 11	4	12.46000000000	5.41000000000	8.75000000000	2.02000000000	4.47000000000	3.26000000000	-9999.00000000000	0.41000000000	
  -9999.00000000000	-9999.00000000000	-9999.00000000000
 11	5	12.38000000000	7.37000000000	11.72000000000	3.99000000000	7.21000000000	3.21000000000	-9999.00000000000	0.41000000000	
  -9999.00000000000	-9999.00000000000	-9999.00000000000
 11	6	12.00000000000	7.40000000000	13.73000000000	-0.51000000000	7.89000000000	3.46000000000	-9999.00000000000	0.40000000000	
  -9999.00000000000	-9999.00000000000	-9999.00000000000
 11	7	9.25000000000	-1.74000000000	1.15000000000	-3.56000000000	1.53000000000	3.21000000000	-9999.00000000000	0.40000000000	
  -9999.00000000000	-9999.00000000000	-9999.00000000000
 11	8	4.16000000000	-1.77000000000	1.18000000000	-3.02000000000	0.43000000000	2.73000000000	-9999.00000000000	0.39000000000	
  -9999.00000000000	-9999.00000000000	-9999.00000000000
 11	9	10.87000000000	3.79000000000	7.54000000000	1.42000000000	1.36000000000	2.04000000000	-9999.00000000000	0.40000000000	
  -9999.00000000000	-9999.00000000000	-9999.00000000000
 11	10	11.17000000000	5.79000000000	11.00000000000	1.92000000000	4.10000000000	2.54000000000	-9999.00000000000	0.42000000000	
  -9999.00000000000	-9999.00000000000	-9999.00000000000
 11	11	10.97000000000	1.74000000000	6.54000000000	-3.08000000000	1.70000000000	2.52000000000	-9999.00000000000	0.42000000000	
  -9999.00000000000	-9999.00000000000	-9999.00000000000
 11	12	4.52000000000	-3.40000000000	-2.73000000000	-4.19000000000	0.09000000000	2.41000000000	-9999.00000000000	0.41000000000	
  -9999.00000000000	-9999.00000000000	-9999.00000000000
 11	13	7.45000000000	0.03000000000	4.06000000000	-4.22000000000	0.43000000000	2.24000000000	-9999.00000000000	0.41000000000	
  -9999.00000000000	-9999.00000000000	-9999.00000000000
 11	14	10.32000000000	0.84000000000	5.03000000000	-1.45000000000	1.55000000000	2.21000000000	-9999.00000000000	0.41000000000	
  -9999.00000000000	-9999.00000000000	-9999.00000000000
 11	15	10.49000000000	0.92000000000	5.78000000000	-1.85000000000	2.41000000000	2.09000000000	-9999.00000000000	0.40000000000	
  -9999.00000000000	-9999.00000000000	-9999.00000000000
 11	16	4.42000000000	0.35000000000	1.96000000000	-1.83000000000	0.35000000000	2.01000000000	-9999.00000000000	0.40000000000	
  -9999.00000000000	-9999.00000000000	-9999.00000000000
 11	17	8.84000000000	2.46000000000	4.80000000000	0.63000000000	1.19000000000	2.42000000000	-9999.00000000000	0.41000000000	
  -9999.00000000000	-9999.00000000000	-9999.00000000000
 11	18	10.64000000000	6.24000000000	10.93000000000	1.57000000000	5.19000000000	2.40000000000	-9999.00000000000	0.42000000000	
  -9999.00000000000	-9999.00000000000	-9999.00000000000
 11	19	10.83000000000	9.31000000000	12.84000000000	6.76000000000	5.26000000000	3.01000000000	-9999.00000000000	0.42000000000	
  -9999.00000000000	-9999.00000000000	-9999.00000000000
 11	20	10.75000000000	7.91000000000	11.18000000000	4.76000000000	5.39000000000	3.29000000000	-9999.00000000000	0.41000000000	
  -9999.00000000000	-9999.00000000000	-9999.00000000000
 11	21	6.26000000000	5.98000000000	8.03000000000	4.41000000000	4.23000000000	3.27000000000	-9999.00000000000	0.41000000000	
  -9999.00000000000	-9999.00000000000	-9999.00000000000
 11	22	5.53000000000	3.11000000000	4.59000000000	1.50000000000	0.71000000000	3.71000000000	-9999.00000000000	0.40000000000	
  -9999.00000000000	-9999.00000000000	-9999.00000000000
 11	23	4.19000000000	2.60000000000	3.61000000000	1.61000000000	0.05000000000	3.74000000000	-9999.00000000000	0.40000000000	
  -9999.00000000000	-9999.00000000000	-9999.00000000000
 11	24	7.17000000000	3.77000000000	5.67000000000	2.95000000000	0.52000000000	4.07000000000	-9999.00000000000	0.40000000000	
  -9999.00000000000	-9999.00000000000	-9999.00000000000
 11	25	5.56000000000	3.46000000000	4.92000000000	2.75000000000	0.66000000000	4.22000000000	-9999.00000000000	0.40000000000	
  -9999.00000000000	-9999.00000000000	-9999.00000000000
 11	26	4.02000000000	2.13000000000	3.32000000000	1.37000000000	0.28000000000	4.01000000000	-9999.00000000000	0.40000000000	
  -9999.00000000000	-9999.00000000000	-9999.00000000000
 11	27	5.13000000000	1.35000000000	2.78000000000	0.16000000000	0.11000000000	3.83000000000	-9999.00000000000	0.41000000000	
  -9999.00000000000	-9999.00000000000	-9999.00000000000
 11	28	3.29000000000	-0.40000000000	1.34000000000	-2.87000000000	0.14000000000	1.53000000000	-9999.00000000000	0.47000000000	
  -9999.00000000000	-9999.00000000000	-9999.00000000000
 11	29	8.77000000000	-1.67000000000	1.41000000000	-3.23000000000	0.58000000000	2.22000000000	-9999.00000000000	0.45000000000	
  -9999.00000000000	-9999.00000000000	-9999.00000000000
 11	30	8.90000000000	-1.56000000000	1.06000000000	-2.79000000000	0.68000000000	2.08000000000	-9999.00000000000	0.44000000000	
  -9999.00000000000	-9999.00000000000	-9999.00000000000
 12	1	4.86000000000	-1.01000000000	0.71000000000	-2.29000000000	0.22000000000	1.96000000000	-9999.00000000000	0.43000000000	
  -9999.00000000000	-9999.00000000000	-9999.00000000000
 12	2	5.21000000000	0.98000000000	2.16000000000	0.35000000000	0.06000000000	2.02000000000	-9999.00000000000	0.43000000000	
  -9999.00000000000	-9999.00000000000	-9999.00000000000
 12	3	7.64000000000	2.23000000000	4.69000000000	0.52000000000	0.57000000000	2.12000000000	-9999.00000000000	0.44000000000	
  -9999.00000000000	-9999.00000000000	-9999.00000000000
 12	4	8.79000000000	3.03000000000	6.35000000000	1.82000000000	2.72000000000	2.03000000000	-9999.00000000000	0.45000000000	
  -9999.00000000000	-9999.00000000000	-9999.00000000000
 12	5	9.15000000000	5.35000000000	9.93000000000	1.69000000000	3.81000000000	1.92000000000	-9999.00000000000	0.44000000000	
  -9999.00000000000	-9999.00000000000	-9999.00000000000
 12	6	9.37000000000	4.80000000000	9.90000000000	-0.14000000000	5.34000000000	1.83000000000	-9999.00000000000	0.43000000000	
  -9999.00000000000	-9999.00000000000	-9999.00000000000
 12	7	8.17000000000	-4.55000000000	-0.51000000000	-6.65000000000	2.91000000000	1.58000000000	-9999.00000000000	0.43000000000	
  -9999.00000000000	-9999.00000000000	-9999.00000000000
 12	8	8.04000000000	-0.32000000000	5.81000000000	-6.77000000000	4.89000000000	0.89000000000	-9999.00000000000	0.42000000000	
  -9999.00000000000	-9999.00000000000	-9999.00000000000
 12	9	8.25000000000	2.67000000000	7.31000000000	-0.21000000000	4.48000000000	0.64000000000	-9999.00000000000	0.42000000000	
  -9999.00000000000	-9999.00000000000	-9999.00000000000
 12	10	4.12000000000	-2.77000000000	0.21000000000	-4.85000000000	0.97000000000	0.60000000000	-9999.00000000000	0.42000000000	
  -9999.00000000000	-9999.00000000000	-9999.00000000000
 12	11	4.56000000000	-0.74000000000	1.82000000000	-3.27000000000	0.23000000000	0.58000000000	-9999.00000000000	0.42000000000	
  -9999.00000000000	-9999.00000000000	-9999.00000000000
 12	12	8.13000000000	2.15000000000	6.10000000000	-0.85000000000	2.73000000000	0.66000000000	-9999.00000000000	0.41000000000	
  -9999.00000000000	-9999.00000000000	-9999.00000000000
 12	13	7.42000000000	4.14000000000	7.87000000000	0.13000000000	6.39000000000	0.63000000000	-9999.00000000000	0.41000000000	
  -9999.00000000000	-9999.00000000000	-9999.00000000000
 12	14	8.66000000000	3.14000000000	7.73000000000	-4.18000000000	4.87000000000	0.67000000000	-9999.00000000000	0.41000000000	
  -9999.00000000000	-9999.00000000000	-9999.00000000000
 12	15	8.24000000000	-5.38000000000	-1.78000000000	-8.51000000000	1.79000000000	0.62000000000	-9999.00000000000	0.41000000000	
  -9999.00000000000	-9999.00000000000	-9999.00000000000
 12	16	5.76000000000	-7.67000000000	-5.26000000000	-9.86000000000	1.00000000000	0.31000000000	-9999.00000000000	0.41000000000	
  -9999.00000000000	-9999.00000000000	-9999.00000000000
 12	17	7.10000000000	-3.46000000000	0.15000000000	-6.22000000000	2.05000000000	0.10000000000	-9999.00000000000	0.41000000000	
  -9999.00000000000	-9999.00000000000	-9999.00000000000
 12	18	8.05000000000	-2.70000000000	1.07000000000	-4.75000000000	2.22000000000	-0.01000000000	-9999.00000000000	0.41000000000	
  -9999.00000000000	-9999.00000000000	-9999.00000000000
 12	19	8.10000000000	-2.15000000000	0.96000000000	-4.19000000000	1.21000000000	-0.14000000000	-9999.00000000000	0.41000000000	
  -9999.00000000000	-9999.00000000000	-9999.00000000000
 12	20	8.35000000000	0.47000000000	4.19000000000	-2.09000000000	2.84000000000	-0.22000000000	-9999.00000000000	0.40000000000	
  -9999.00000000000	-9999.00000000000	-9999.00000000000
 12	21	3.19000000000	-2.47000000000	-1.17000000000	-5.52000000000	0.12000000000	-0.23000000000	-9999.00000000000	0.40000000000	
  -9999.00000000000	-9999.00000000000	-9999.00000000000
 12	22	8.32000000000	-5.75000000000	-1.54000000000	-11.15000000000	1.66000000000	-0.28000000000	-9999.00000000000	0.40000000000	
  -9999.00000000000	-9999.00000000000	-9999.00000000000
 12	23	7.59000000000	-12.13000000000	-10.25000000000	-13.54000000000	1.43000000000	-0.92000000000	-9999.00000000000	0.39000000000	
  -9999.00000000000	-9999.00000000000	-9999.00000000000
 12	24	8.12000000000	-5.63000000000	-0.45000000000	-11.73000000000	3.58000000000	-1.56000000000	-9999.00000000000	0.38000000000	
  -9999.00000000000	-9999.00000000000	-9999.00000000000
 12	25	8.15000000000	1.84000000000	6.53000000000	-2.59000000000	4.95000000000	-1.31000000000	-9999.00000000000	0.34000000000	
  -9999.00000000000	-9999.00000000000	-9999.00000000000
 12	26	7.23000000000	3.30000000000	6.50000000000	1.24000000000	4.62000000000	-0.84000000000	-9999.00000000000	0.33000000000	
  -9999.00000000000	-9999.00000000000	-9999.00000000000
 12	27	7.20000000000	-0.28000000000	2.82000000000	-2.52000000000	2.70000000000	-0.76000000000	-9999.00000000000	0.34000000000	
  -9999.00000000000	-9999.00000000000	-9999.00000000000
 12	28	3.24000000000	-2.11000000000	-1.53000000000	-2.80000000000	0.06000000000	-0.63000000000	-9999.00000000000	0.35000000000	
  -9999.00000000000	-9999.00000000000	-9999.00000000000
 12	29	3.15000000000	-2.18000000000	-1.83000000000	-2.97000000000	0.08000000000	-0.52000000000	-9999.00000000000	0.36000000000	
  -9999.00000000000	-9999.00000000000	-9999.00000000000
 12	30	5.92000000000	-0.69000000000	1.17000000000	-2.08000000000	0.18000000000	-0.45000000000	-9999.00000000000	0.37000000000	
  -9999.00000000000	-9999.00000000000	-9999.00000000000
 12	31	3.96000000000	-1.87000000000	-0.40000000000	-4.21000000000	0.32000000000	-0.39000000000	-9999.00000000000	0.38000000000	
  -9999.00000000000	-9999.00000000000	-9999.00000000000
