 Month	n_days	Rg_f	Ta_f	Tmax	Tmin	VPD_f	Ts_f	Precip	SWC	LAI	ET	Littfall
  1	1	10.31000000000	-9.83000000000	-5.60000000000	-12.44000000000	1.96000000000	-3.26000000000	-9999.00000000000	0.24000000000	
  -9999.00000000000	-9999.00000000000	-9999.00000000000
  1	2	9.88000000000	-3.41000000000	1.86000000000	-9.93000000000	4.09000000000	-3.11000000000	-9999.00000000000	0.24000000000	
  -9999.00000000000	-9999.00000000000	-9999.00000000000
  1	3	10.24000000000	-4.04000000000	0.13000000000	-10.79000000000	3.85000000000	-2.78000000000	-9999.00000000000	0.24000000000	
  -9999.00000000000	-9999.00000000000	-9999.00000000000
  1	4	10.16000000000	-7.09000000000	-3.14000000000	-11.79000000000	2.12000000000	-3.17000000000	-9999.00000000000	0.23000000000	
  -9999.00000000000	-9999.00000000000	-9999.00000000000
  1	5	9.81000000000	0.03000000000	5.74000000000	-3.71000000000	5.29000000000	-2.72000000000	-9999.00000000000	0.23000000000	
  -9999.00000000000	-9999.00000000000	-9999.00000000000
  1	6	9.57000000000	2.59000000000	8.52000000000	-0.57000000000	6.27000000000	-2.14000000000	-9999.00000000000	0.23000000000	
  -9999.00000000000	-9999.00000000000	-9999.00000000000
  1	7	9.52000000000	-0.53000000000	2.50000000000	-4.54000000000	4.74000000000	-1.79000000000	-9999.00000000000	0.23000000000	
  -9999.00000000000	-9999.00000000000	-9999.00000000000
  1	8	8.63000000000	-1.22000000000	4.17000000000	-5.17000000000	4.44000000000	-2.10000000000	-9999.00000000000	0.23000000000	
  -9999.00000000000	-9999.00000000000	-9999.00000000000
  1	9	10.18000000000	1.87000000000	6.48000000000	-0.73000000000	5.50000000000	-1.89000000000	-9999.00000000000	0.23000000000	
  -9999.00000000000	-9999.00000000000	-9999.00000000000
  1	10	9.45000000000	1.80000000000	6.99000000000	-0.70000000000	5.32000000000	-1.72000000000	-9999.00000000000	0.23000000000	
  -9999.00000000000	-9999.00000000000	-9999.00000000000
  1	11	9.84000000000	0.46000000000	5.19000000000	-1.89000000000	4.90000000000	-1.78000000000	-9999.00000000000	0.23000000000	
  -9999.00000000000	-9999.00000000000	-9999.00000000000
  1	12	10.31000000000	-0.71000000000	4.65000000000	-3.07000000000	3.77000000000	-1.83000000000	-9999.00000000000	0.23000000000	
  -9999.00000000000	-9999.00000000000	-9999.00000000000
  1	13	10.45000000000	-2.19000000000	4.36000000000	-6.59000000000	2.87000000000	-1.86000000000	-9999.00000000000	0.23000000000	
  -9999.00000000000	-9999.00000000000	-9999.00000000000
  1	14	10.65000000000	-4.98000000000	-0.74000000000	-8.35000000000	2.61000000000	-2.22000000000	-9999.00000000000	0.23000000000	
  -9999.00000000000	-9999.00000000000	-9999.00000000000
  1	15	10.16000000000	-3.04000000000	0.35000000000	-5.16000000000	3.08000000000	-2.30000000000	-9999.00000000000	0.23000000000	
  -9999.00000000000	-9999.00000000000	-9999.00000000000
  1	16	10.39000000000	-2.53000000000	3.65000000000	-5.25000000000	2.22000000000	-1.97000000000	-9999.00000000000	0.23000000000	
  -9999.00000000000	-9999.00000000000	-9999.00000000000
  1	17	10.91000000000	-3.74000000000	1.01000000000	-6.07000000000	2.25000000000	-2.14000000000	-9999.00000000000	0.23000000000	
  -9999.00000000000	-9999.00000000000	-9999.00000000000
  1	18	11.06000000000	-2.62000000000	3.15000000000	-6.45000000000	3.12000000000	-2.24000000000	-9999.00000000000	0.23000000000	
  -9999.00000000000	-9999.00000000000	-9999.00000000000
  1	19	8.40000000000	-1.72000000000	2.84000000000	-4.30000000000	3.72000000000	-1.99000000000	-9999.00000000000	0.23000000000	
  -9999.00000000000	-9999.00000000000	-9999.00000000000
  1	20	10.70000000000	-1.00000000000	3.56000000000	-4.07000000000	3.32000000000	-1.72000000000	-9999.00000000000	0.23000000000	
  -9999.00000000000	-9999.00000000000	-9999.00000000000
  1	21	8.39000000000	2.45000000000	8.37000000000	-2.46000000000	3.34000000000	-1.44000000000	-9999.00000000000	0.23000000000	
  -9999.00000000000	-9999.00000000000	-9999.00000000000
  1	22	5.33000000000	-1.21000000000	2.52000000000	-3.29000000000	0.86000000000	-1.17000000000	-9999.00000000000	0.23000000000	
  -9999.00000000000	-9999.00000000000	-9999.00000000000
  1	23	4.10000000000	-3.20000000000	-1.65000000000	-4.00000000000	0.30000000000	-1.17000000000	-9999.00000000000	0.24000000000	
  -9999.00000000000	-9999.00000000000	-9999.00000000000
  1	24	2.93000000000	-2.12000000000	-1.27000000000	-2.81000000000	0.07000000000	-0.98000000000	-9999.00000000000	0.24000000000	
  -9999.00000000000	-9999.00000000000	-9999.00000000000
  1	25	10.47000000000	-0.93000000000	3.57000000000	-4.18000000000	1.77000000000	-1.01000000000	-9999.00000000000	0.24000000000	
  -9999.00000000000	-9999.00000000000	-9999.00000000000
  1	26	9.44000000000	0.44000000000	5.29000000000	-1.91000000000	2.50000000000	-0.90000000000	-9999.00000000000	0.24000000000	
  -9999.00000000000	-9999.00000000000	-9999.00000000000
  1	27	5.90000000000	-1.16000000000	3.63000000000	-4.00000000000	0.57000000000	-0.91000000000	-9999.00000000000	0.25000000000	
  -9999.00000000000	-9999.00000000000	-9999.00000000000
  1	28	8.24000000000	6.65000000000	12.76000000000	2.79000000000	5.60000000000	-0.76000000000	-9999.00000000000	0.25000000000	
  -9999.00000000000	-9999.00000000000	-9999.00000000000
  1	29	11.35000000000	6.05000000000	9.37000000000	3.40000000000	7.76000000000	-0.63000000000	-9999.00000000000	0.25000000000	
  -9999.00000000000	-9999.00000000000	-9999.00000000000
  1	30	10.76000000000	7.33000000000	13.71000000000	3.92000000000	8.46000000000	-0.59000000000	-9999.00000000000	0.25000000000	
  -9999.00000000000	-9999.00000000000	-9999.00000000000
  1	31	5.86000000000	-0.87000000000	5.23000000000	-4.28000000000	2.06000000000	-0.51000000000	-9999.00000000000	0.26000000000	
  -9999.00000000000	-9999.00000000000	-9999.00000000000
  2	1	12.41000000000	2.46000000000	7.32000000000	-1.38000000000	3.63000000000	-0.55000000000	-9999.00000000000	0.26000000000	
  -9999.00000000000	-9999.00000000000	-9999.00000000000
  2	2	12.86000000000	2.83000000000	9.98000000000	-0.31000000000	3.80000000000	-0.54000000000	-9999.00000000000	0.26000000000	
  -9999.00000000000	-9999.00000000000	-9999.00000000000
  2	3	13.26000000000	3.24000000000	8.39000000000	-0.33000000000	4.64000000000	-0.56000000000	-9999.00000000000	0.26000000000	
  -9999.00000000000	-9999.00000000000	-9999.00000000000
  2	4	10.06000000000	1.49000000000	5.56000000000	-1.43000000000	4.00000000000	-0.62000000000	-9999.00000000000	0.26000000000	
  -9999.00000000000	-9999.00000000000	-9999.00000000000
  2	5	10.46000000000	0.99000000000	6.19000000000	-2.08000000000	3.67000000000	-0.62000000000	-9999.00000000000	0.26000000000	
  -9999.00000000000	-9999.00000000000	-9999.00000000000
  2	6	3.14000000000	-1.73000000000	-0.89000000000	-2.23000000000	0.12000000000	-0.52000000000	-9999.00000000000	0.26000000000	
  -9999.00000000000	-9999.00000000000	-9999.00000000000
  2	7	5.25000000000	-2.24000000000	-0.54000000000	-3.59000000000	0.55000000000	-0.51000000000	-9999.00000000000	0.27000000000	
  -9999.00000000000	-9999.00000000000	-9999.00000000000
  2	8	9.65000000000	0.43000000000	7.00000000000	-3.91000000000	2.09000000000	-0.60000000000	-9999.00000000000	0.27000000000	
  -9999.00000000000	-9999.00000000000	-9999.00000000000
  2	9	11.75000000000	3.18000000000	8.85000000000	-1.48000000000	3.33000000000	-0.45000000000	-9999.00000000000	0.27000000000	
  -9999.00000000000	-9999.00000000000	-9999.00000000000
  2	10	13.45000000000	-1.17000000000	3.51000000000	-3.78000000000	1.84000000000	-0.39000000000	-9999.00000000000	0.27000000000	
  -9999.00000000000	-9999.00000000000	-9999.00000000000
  2	11	12.98000000000	1.06000000000	5.61000000000	-2.51000000000	3.33000000000	-0.40000000000	-9999.00000000000	0.28000000000	
  -9999.00000000000	-9999.00000000000	-9999.00000000000
  2	12	14.38000000000	6.46000000000	13.30000000000	0.70000000000	6.86000000000	-0.38000000000	-9999.00000000000	0.28000000000	
  -9999.00000000000	-9999.00000000000	-9999.00000000000
  2	13	14.60000000000	5.71000000000	11.86000000000	2.11000000000	5.93000000000	-0.35000000000	-9999.00000000000	0.28000000000	
  -9999.00000000000	-9999.00000000000	-9999.00000000000
  2	14	5.84000000000	0.07000000000	2.55000000000	-1.58000000000	1.74000000000	-0.33000000000	-9999.00000000000	0.28000000000	
  -9999.00000000000	-9999.00000000000	-9999.00000000000
  2	15	10.58000000000	-1.54000000000	0.92000000000	-3.09000000000	1.13000000000	-0.32000000000	-9999.00000000000	0.29000000000	
  -9999.00000000000	-9999.00000000000	-9999.00000000000
  2	16	5.44000000000	-1.80000000000	-0.54000000000	-3.82000000000	0.39000000000	-0.30000000000	-9999.00000000000	0.29000000000	
  -9999.00000000000	-9999.00000000000	-9999.00000000000
  2	17	8.92000000000	-2.22000000000	1.32000000000	-4.29000000000	0.73000000000	-0.30000000000	-9999.00000000000	0.29000000000	
  -9999.00000000000	-9999.00000000000	-9999.00000000000
  2	18	10.93000000000	-1.70000000000	1.81000000000	-4.09000000000	1.55000000000	-0.31000000000	-9999.00000000000	0.29000000000	
  -9999.00000000000	-9999.00000000000	-9999.00000000000
  2	19	14.57000000000	-2.28000000000	1.98000000000	-4.37000000000	2.62000000000	-0.36000000000	-9999.00000000000	0.30000000000	
  -9999.00000000000	-9999.00000000000	-9999.00000000000
  2	20	11.61000000000	-2.66000000000	0.31000000000	-4.04000000000	1.73000000000	-0.42000000000	-9999.00000000000	0.30000000000	
  -9999.00000000000	-9999.00000000000	-9999.00000000000
  2	21	9.54000000000	-5.25000000000	-2.16000000000	-9.76000000000	1.43000000000	-0.50000000000	-9999.00000000000	0.30000000000	
  -9999.00000000000	-9999.00000000000	-9999.00000000000
  2	22	14.72000000000	-5.47000000000	0.39000000000	-10.46000000000	3.07000000000	-0.92000000000	-9999.00000000000	0.29000000000	
  -9999.00000000000	-9999.00000000000	-9999.00000000000
  2	23	16.49000000000	-2.08000000000	3.24000000000	-4.97000000000	2.78000000000	-0.86000000000	-9999.00000000000	0.28000000000	
  -9999.00000000000	-9999.00000000000	-9999.00000000000
  2	24	9.31000000000	-6.94000000000	-3.97000000000	-8.86000000000	0.91000000000	-0.80000000000	-9999.00000000000	0.28000000000	
  -9999.00000000000	-9999.00000000000	-9999.00000000000
  2	25	16.32000000000	-3.92000000000	0.90000000000	-8.44000000000	2.74000000000	-1.02000000000	-9999.00000000000	0.28000000000	
  -9999.00000000000	-9999.00000000000	-9999.00000000000
  2	26	13.92000000000	-1.85000000000	2.23000000000	-4.57000000000	1.79000000000	-0.85000000000	-9999.00000000000	0.27000000000	
  -9999.00000000000	-9999.00000000000	-9999.00000000000
  2	27	2.80000000000	-0.90000000000	0.07000000000	-2.62000000000	0.11000000000	-0.58000000000	-9999.00000000000	0.28000000000	
  -9999.00000000000	-9999.00000000000	-9999.00000000000
  2	28	4.52000000000	-0.21000000000	0.67000000000	-1.20000000000	0.01000000000	-0.43000000000	-9999.00000000000	0.28000000000	
  -9999.00000000000	-9999.00000000000	-9999.00000000000
  3	1	7.37000000000	-1.19000000000	0.07000000000	-1.95000000000	0.18000000000	-0.27000000000	-9999.00000000000	0.30000000000	
  -9999.00000000000	-9999.00000000000	-9999.00000000000
  3	2	2.47000000000	-0.51000000000	0.03000000000	-1.64000000000	0.01000000000	-0.25000000000	-9999.00000000000	0.30000000000	
  -9999.00000000000	-9999.00000000000	-9999.00000000000
  3	3	5.43000000000	-1.45000000000	-0.36000000000	-4.13000000000	0.15000000000	-0.24000000000	-9999.00000000000	0.32000000000	
  -9999.00000000000	-9999.00000000000	-9999.00000000000
  3	4	10.90000000000	-0.65000000000	4.15000000000	-4.60000000000	1.04000000000	-0.22000000000	-9999.00000000000	0.38000000000	
  -9999.00000000000	-9999.00000000000	-9999.00000000000
  3	5	17.61000000000	1.11000000000	5.30000000000	-2.04000000000	2.05000000000	-0.21000000000	-9999.00000000000	0.44000000000	
  -9999.00000000000	-9999.00000000000	-9999.00000000000
  3	6	9.21000000000	1.62000000000	4.96000000000	0.12000000000	0.92000000000	-0.20000000000	-9999.00000000000	0.45000000000	
  -9999.00000000000	-9999.00000000000	-9999.00000000000
  3	7	14.07000000000	2.53000000000	6.06000000000	-0.03000000000	1.03000000000	-0.20000000000	-9999.00000000000	0.45000000000	
  -9999.00000000000	-9999.00000000000	-9999.00000000000
  3	8	18.67000000000	4.46000000000	10.37000000000	0.94000000000	4.55000000000	-0.20000000000	-9999.00000000000	0.46000000000	
  -9999.00000000000	-9999.00000000000	-9999.00000000000
  3	9	19.52000000000	3.22000000000	8.86000000000	-0.31000000000	2.64000000000	-0.21000000000	-9999.00000000000	0.46000000000	
  -9999.00000000000	-9999.00000000000	-9999.00000000000
  3	10	20.28000000000	3.35000000000	8.46000000000	-0.14000000000	5.01000000000	-0.20000000000	-9999.00000000000	0.46000000000	
  -9999.00000000000	-9999.00000000000	-9999.00000000000
  3	11	20.25000000000	3.60000000000	9.31000000000	-0.70000000000	5.17000000000	-0.19000000000	-9999.00000000000	0.46000000000	
  -9999.00000000000	-9999.00000000000	-9999.00000000000
  3	12	18.97000000000	3.61000000000	7.27000000000	0.56000000000	4.64000000000	-0.16000000000	-9999.00000000000	0.46000000000	
  -9999.00000000000	-9999.00000000000	-9999.00000000000
  3	13	20.19000000000	4.41000000000	8.89000000000	0.71000000000	5.50000000000	0.03000000000	-9999.00000000000	0.46000000000	
  -9999.00000000000	-9999.00000000000	-9999.00000000000
  3	14	16.99000000000	2.37000000000	6.65000000000	-0.65000000000	2.35000000000	0.17000000000	-9999.00000000000	0.47000000000	
  -9999.00000000000	-9999.00000000000	-9999.00000000000
  3	15	15.02000000000	1.30000000000	5.57000000000	-0.72000000000	0.98000000000	0.27000000000	-9999.00000000000	0.47000000000	
  -9999.00000000000	-9999.00000000000	-9999.00000000000
  3	16	19.43000000000	2.11000000000	7.41000000000	-1.58000000000	1.89000000000	0.34000000000	-9999.00000000000	0.47000000000	
  -9999.00000000000	-9999.00000000000	-9999.00000000000
  3	17	19.52000000000	2.81000000000	7.74000000000	-0.33000000000	2.28000000000	0.53000000000	-9999.00000000000	0.47000000000	
  -9999.00000000000	-9999.00000000000	-9999.00000000000
  3	18	18.32000000000	3.08000000000	8.43000000000	0.55000000000	2.38000000000	0.85000000000	-9999.00000000000	0.47000000000	
  -9999.00000000000	-9999.00000000000	-9999.00000000000
  3	19	7.24000000000	1.72000000000	3.45000000000	0.33000000000	0.45000000000	0.70000000000	-9999.00000000000	0.47000000000	
  -9999.00000000000	-9999.00000000000	-9999.00000000000
  3	20	16.98000000000	6.81000000000	13.36000000000	2.17000000000	4.21000000000	1.63000000000	-9999.00000000000	0.47000000000	
  -9999.00000000000	-9999.00000000000	-9999.00000000000
  3	21	14.01000000000	7.00000000000	13.23000000000	3.51000000000	4.91000000000	1.86000000000	-9999.00000000000	0.48000000000	
  -9999.00000000000	-9999.00000000000	-9999.00000000000
  3	22	11.20000000000	0.83000000000	4.18000000000	-3.43000000000	1.88000000000	1.73000000000	-9999.00000000000	0.48000000000	
  -9999.00000000000	-9999.00000000000	-9999.00000000000
  3	23	22.46000000000	-4.86000000000	-0.54000000000	-7.51000000000	1.47000000000	1.42000000000	-9999.00000000000	0.48000000000	
  -9999.00000000000	-9999.00000000000	-9999.00000000000
  3	24	23.20000000000	-6.78000000000	-4.31000000000	-8.03000000000	1.73000000000	0.75000000000	-9999.00000000000	0.47000000000	
  -9999.00000000000	-9999.00000000000	-9999.00000000000
  3	25	23.78000000000	-3.99000000000	1.88000000000	-9.82000000000	2.72000000000	0.41000000000	-9999.00000000000	0.46000000000	
  -9999.00000000000	-9999.00000000000	-9999.00000000000
  3	26	21.73000000000	-1.28000000000	4.75000000000	-5.22000000000	3.38000000000	0.45000000000	-9999.00000000000	0.46000000000	
  -9999.00000000000	-9999.00000000000	-9999.00000000000
  3	27	19.88000000000	-2.01000000000	3.45000000000	-6.00000000000	3.23000000000	0.53000000000	-9999.00000000000	0.45000000000	
  -9999.00000000000	-9999.00000000000	-9999.00000000000
  3	28	24.01000000000	-0.88000000000	5.92000000000	-6.17000000000	3.34000000000	0.76000000000	-9999.00000000000	0.45000000000	
  -9999.00000000000	-9999.00000000000	-9999.00000000000
  3	29	24.15000000000	1.12000000000	7.08000000000	-3.99000000000	4.31000000000	1.40000000000	-9999.00000000000	0.45000000000	
  -9999.00000000000	-9999.00000000000	-9999.00000000000
  3	30	23.92000000000	4.16000000000	10.58000000000	-0.25000000000	5.61000000000	2.17000000000	-9999.00000000000	0.45000000000	
  -9999.00000000000	-9999.00000000000	-9999.00000000000
  3	31	21.20000000000	4.57000000000	8.91000000000	1.80000000000	5.10000000000	2.85000000000	-9999.00000000000	0.45000000000	
  -9999.00000000000	-9999.00000000000	-9999.00000000000
  4	1	22.54000000000	3.97000000000	8.56000000000	0.67000000000	4.07000000000	3.10000000000	-9999.00000000000	0.44000000000	
  -9999.00000000000	-9999.00000000000	-9999.00000000000
  4	2	20.57000000000	4.50000000000	10.62000000000	0.74000000000	4.01000000000	3.72000000000	-9999.00000000000	0.44000000000	
  -9999.00000000000	-9999.00000000000	-9999.00000000000
  4	3	15.47000000000	3.33000000000	6.37000000000	-0.24000000000	3.48000000000	3.71000000000	-9999.00000000000	0.43000000000	
  -9999.00000000000	-9999.00000000000	-9999.00000000000
  4	4	21.93000000000	2.24000000000	6.77000000000	-1.04000000000	2.50000000000	3.82000000000	-9999.00000000000	0.43000000000	
  -9999.00000000000	-9999.00000000000	-9999.00000000000
  4	5	18.65000000000	1.79000000000	7.13000000000	-2.38000000000	3.36000000000	3.61000000000	-9999.00000000000	0.43000000000	
  -9999.00000000000	-9999.00000000000	-9999.00000000000
  4	6	18.60000000000	-0.25000000000	4.96000000000	-3.63000000000	2.32000000000	3.13000000000	-9999.00000000000	0.43000000000	
  -9999.00000000000	-9999.00000000000	-9999.00000000000
  4	7	19.48000000000	0.22000000000	5.83000000000	-2.94000000000	2.42000000000	2.94000000000	-9999.00000000000	0.43000000000	
  -9999.00000000000	-9999.00000000000	-9999.00000000000
  4	8	6.61000000000	-1.29000000000	0.05000000000	-2.02000000000	0.04000000000	2.64000000000	-9999.00000000000	0.42000000000	
  -9999.00000000000	-9999.00000000000	-9999.00000000000
  4	9	9.09000000000	-1.04000000000	0.51000000000	-2.98000000000	0.30000000000	2.29000000000	-9999.00000000000	0.42000000000	
  -9999.00000000000	-9999.00000000000	-9999.00000000000
  4	10	13.94000000000	-2.11000000000	0.68000000000	-4.97000000000	1.16000000000	2.05000000000	-9999.00000000000	0.43000000000	
  -9999.00000000000	-9999.00000000000	-9999.00000000000
  4	11	12.49000000000	-0.46000000000	3.38000000000	-4.12000000000	1.09000000000	1.99000000000	-9999.00000000000	0.43000000000	
  -9999.00000000000	-9999.00000000000	-9999.00000000000
  4	12	10.06000000000	2.02000000000	5.20000000000	-0.48000000000	0.69000000000	2.84000000000	-9999.00000000000	-9999.00000000000	
  -9999.00000000000	-9999.00000000000	-9999.00000000000
  4	13	14.11000000000	1.77000000000	4.01000000000	-0.13000000000	0.73000000000	2.94000000000	-9999.00000000000	-9999.00000000000	
  -9999.00000000000	-9999.00000000000	-9999.00000000000
  4	14	13.37000000000	0.90000000000	6.09000000000	-1.17000000000	0.70000000000	2.97000000000	-9999.00000000000	-9999.00000000000	
  -9999.00000000000	-9999.00000000000	-9999.00000000000
  4	15	7.31000000000	-1.49000000000	0.44000000000	-2.85000000000	0.26000000000	2.60000000000	-9999.00000000000	0.45000000000	
  -9999.00000000000	-9999.00000000000	-9999.00000000000
  4	16	11.86000000000	-1.21000000000	2.02000000000	-3.10000000000	0.37000000000	2.25000000000	-9999.00000000000	0.46000000000	
  -9999.00000000000	-9999.00000000000	-9999.00000000000
  4	17	15.95000000000	-0.02000000000	4.18000000000	-3.14000000000	1.26000000000	2.52000000000	-9999.00000000000	0.46000000000	
  -9999.00000000000	-9999.00000000000	-9999.00000000000
  4	18	20.89000000000	2.63000000000	7.56000000000	-1.10000000000	3.38000000000	3.32000000000	-9999.00000000000	0.46000000000	
  -9999.00000000000	-9999.00000000000	-9999.00000000000
  4	19	25.49000000000	2.91000000000	8.50000000000	-0.56000000000	2.35000000000	4.30000000000	-9999.00000000000	0.45000000000	
  -9999.00000000000	-9999.00000000000	-9999.00000000000
  4	20	5.77000000000	-2.00000000000	-1.02000000000	-2.93000000000	0.23000000000	3.34000000000	-9999.00000000000	0.44000000000	
  -9999.00000000000	-9999.00000000000	-9999.00000000000
  4	21	19.33000000000	3.21000000000	7.01000000000	-1.34000000000	2.38000000000	3.07000000000	-9999.00000000000	0.44000000000	
  -9999.00000000000	-9999.00000000000	-9999.00000000000
  4	22	21.84000000000	5.47000000000	10.43000000000	1.69000000000	4.23000000000	4.57000000000	-9999.00000000000	0.44000000000	
  -9999.00000000000	-9999.00000000000	-9999.00000000000
  4	23	20.30000000000	5.44000000000	10.25000000000	1.60000000000	4.83000000000	4.52000000000	-9999.00000000000	0.44000000000	
  -9999.00000000000	-9999.00000000000	-9999.00000000000
  4	24	15.38000000000	4.80000000000	7.23000000000	3.09000000000	3.30000000000	4.53000000000	-9999.00000000000	0.43000000000	
  -9999.00000000000	-9999.00000000000	-9999.00000000000
  4	25	22.21000000000	6.02000000000	10.33000000000	1.88000000000	3.72000000000	5.57000000000	-9999.00000000000	0.43000000000	
  -9999.00000000000	-9999.00000000000	-9999.00000000000
  4	26	24.29000000000	6.47000000000	11.92000000000	1.86000000000	3.15000000000	6.42000000000	-9999.00000000000	0.42000000000	
  -9999.00000000000	-9999.00000000000	-9999.00000000000
  4	27	25.30000000000	4.57000000000	9.99000000000	0.17000000000	3.58000000000	6.57000000000	-9999.00000000000	0.42000000000	
  -9999.00000000000	-9999.00000000000	-9999.00000000000
  4	28	17.84000000000	2.36000000000	6.18000000000	-0.99000000000	2.29000000000	5.42000000000	-9999.00000000000	0.42000000000	
  -9999.00000000000	-9999.00000000000	-9999.00000000000
  4	29	15.88000000000	2.77000000000	6.36000000000	0.82000000000	0.77000000000	5.20000000000	-9999.00000000000	0.42000000000	
  -9999.00000000000	-9999.00000000000	-9999.00000000000
  4	30	21.91000000000	4.70000000000	9.59000000000	0.20000000000	2.18000000000	5.57000000000	-9999.00000000000	0.42000000000	
  -9999.00000000000	-9999.00000000000	-9999.00000000000
  5	1	16.06000000000	5.81000000000	9.35000000000	3.29000000000	1.53000000000	5.82000000000	-9999.00000000000	0.41000000000	
  -9999.00000000000	-9999.00000000000	-9999.00000000000
  5	2	8.86000000000	4.98000000000	7.81000000000	3.82000000000	0.93000000000	5.74000000000	-9999.00000000000	0.41000000000	
  -9999.00000000000	-9999.00000000000	-9999.00000000000
  5	3	7.13000000000	5.37000000000	6.91000000000	4.01000000000	0.48000000000	5.57000000000	-9999.00000000000	0.51000000000	
  -9999.00000000000	-9999.00000000000	-9999.00000000000
  5	4	4.95000000000	2.54000000000	5.48000000000	0.33000000000	0.33000000000	3.76000000000	-9999.00000000000	0.53000000000	
  -9999.00000000000	-9999.00000000000	-9999.00000000000
  5	5	12.91000000000	0.56000000000	3.50000000000	-0.78000000000	0.24000000000	3.17000000000	-9999.00000000000	0.49000000000	
  -9999.00000000000	-9999.00000000000	-9999.00000000000
  5	6	21.72000000000	1.47000000000	6.10000000000	-1.86000000000	1.50000000000	4.18000000000	-9999.00000000000	0.48000000000	
  -9999.00000000000	-9999.00000000000	-9999.00000000000
  5	7	29.36000000000	6.56000000000	11.70000000000	1.00000000000	4.84000000000	5.86000000000	-9999.00000000000	0.46000000000	
  -9999.00000000000	-9999.00000000000	-9999.00000000000
  5	8	7.43000000000	6.93000000000	8.64000000000	5.74000000000	3.38000000000	5.76000000000	-9999.00000000000	0.45000000000	
  -9999.00000000000	-9999.00000000000	-9999.00000000000
  5	9	9.84000000000	6.63000000000	8.33000000000	4.89000000000	1.38000000000	5.88000000000	-9999.00000000000	0.45000000000	
  -9999.00000000000	-9999.00000000000	-9999.00000000000
  5	10	16.67000000000	5.08000000000	7.64000000000	3.30000000000	1.10000000000	6.29000000000	-9999.00000000000	0.44000000000	
  -9999.00000000000	-9999.00000000000	-9999.00000000000
  5	11	11.60000000000	4.39000000000	6.44000000000	2.96000000000	0.69000000000	6.07000000000	-9999.00000000000	0.44000000000	
  -9999.00000000000	-9999.00000000000	-9999.00000000000
  5	12	20.90000000000	6.10000000000	10.10000000000	2.30000000000	1.85000000000	6.74000000000	-9999.00000000000	0.45000000000	
  -9999.00000000000	-9999.00000000000	-9999.00000000000
  5	13	21.51000000000	7.67000000000	11.76000000000	4.56000000000	2.34000000000	7.60000000000	-9999.00000000000	0.44000000000	
  -9999.00000000000	-9999.00000000000	-9999.00000000000
  5	14	23.12000000000	8.92000000000	14.44000000000	5.18000000000	3.62000000000	8.37000000000	-9999.00000000000	0.44000000000	
  -9999.00000000000	-9999.00000000000	-9999.00000000000
  5	15	30.25000000000	10.20000000000	15.69000000000	6.10000000000	5.01000000000	9.12000000000	-9999.00000000000	0.43000000000	
  -9999.00000000000	-9999.00000000000	-9999.00000000000
  5	16	28.01000000000	11.18000000000	16.51000000000	7.07000000000	3.98000000000	10.01000000000	-9999.00000000000	0.42000000000	
  -9999.00000000000	-9999.00000000000	-9999.00000000000
  5	17	28.04000000000	11.80000000000	17.07000000000	7.98000000000	4.64000000000	10.72000000000	-9999.00000000000	0.42000000000	
  -9999.00000000000	-9999.00000000000	-9999.00000000000
  5	18	20.98000000000	11.51000000000	17.91000000000	8.44000000000	4.58000000000	10.90000000000	-9999.00000000000	0.41000000000	
  -9999.00000000000	-9999.00000000000	-9999.00000000000
  5	19	18.65000000000	9.08000000000	13.67000000000	6.12000000000	2.68000000000	10.01000000000	-9999.00000000000	0.41000000000	
  -9999.00000000000	-9999.00000000000	-9999.00000000000
  5	20	15.15000000000	6.92000000000	10.52000000000	5.31000000000	1.43000000000	9.04000000000	-9999.00000000000	0.41000000000	
  -9999.00000000000	-9999.00000000000	-9999.00000000000
  5	21	17.54000000000	8.40000000000	12.49000000000	5.60000000000	1.81000000000	9.49000000000	-9999.00000000000	0.41000000000	
  -9999.00000000000	-9999.00000000000	-9999.00000000000
  5	22	22.17000000000	9.15000000000	13.10000000000	6.91000000000	2.20000000000	10.08000000000	-9999.00000000000	0.40000000000	
  -9999.00000000000	-9999.00000000000	-9999.00000000000
  5	23	7.45000000000	7.51000000000	9.21000000000	6.42000000000	1.13000000000	8.97000000000	-9999.00000000000	0.40000000000	
  -9999.00000000000	-9999.00000000000	-9999.00000000000
  5	24	19.25000000000	8.27000000000	13.33000000000	4.64000000000	1.61000000000	8.86000000000	-9999.00000000000	0.46000000000	
  -9999.00000000000	-9999.00000000000	-9999.00000000000
  5	25	12.37000000000	8.50000000000	12.39000000000	4.26000000000	0.94000000000	9.28000000000	-9999.00000000000	0.46000000000	
  -9999.00000000000	-9999.00000000000	-9999.00000000000
  5	26	26.13000000000	7.90000000000	13.77000000000	3.90000000000	1.89000000000	9.05000000000	-9999.00000000000	0.49000000000	
  -9999.00000000000	-9999.00000000000	-9999.00000000000
  5	27	8.59000000000	5.32000000000	7.61000000000	1.57000000000	0.50000000000	8.26000000000	-9999.00000000000	0.48000000000	
  -9999.00000000000	-9999.00000000000	-9999.00000000000
  5	28	13.12000000000	3.83000000000	7.23000000000	1.93000000000	1.51000000000	7.09000000000	-9999.00000000000	0.50000000000	
  -9999.00000000000	-9999.00000000000	-9999.00000000000
  5	29	27.09000000000	8.00000000000	12.89000000000	2.95000000000	5.16000000000	8.20000000000	-9999.00000000000	0.47000000000	
  -9999.00000000000	-9999.00000000000	-9999.00000000000
  5	30	30.26000000000	9.93000000000	15.89000000000	5.03000000000	5.28000000000	9.40000000000	-9999.00000000000	0.45000000000	
  -9999.00000000000	-9999.00000000000	-9999.00000000000
  5	31	25.21000000000	10.68000000000	16.00000000000	7.43000000000	3.25000000000	10.27000000000	-9999.00000000000	0.44000000000	
  -9999.00000000000	-9999.00000000000	-9999.00000000000
  6	1	30.46000000000	11.53000000000	17.46000000000	7.32000000000	4.32000000000	10.91000000000	-9999.00000000000	0.43000000000	
  -9999.00000000000	-9999.00000000000	-9999.00000000000
  6	2	21.80000000000	11.81000000000	16.77000000000	7.97000000000	5.42000000000	11.04000000000	-9999.00000000000	0.42000000000	
  -9999.00000000000	-9999.00000000000	-9999.00000000000
  6	3	18.25000000000	10.03000000000	14.13000000000	6.97000000000	1.75000000000	10.99000000000	-9999.00000000000	0.41000000000	
  -9999.00000000000	-9999.00000000000	-9999.00000000000
  6	4	28.36000000000	11.47000000000	17.89000000000	6.91000000000	4.23000000000	11.57000000000	-9999.00000000000	0.41000000000	
  -9999.00000000000	-9999.00000000000	-9999.00000000000
  6	5	5.59000000000	8.62000000000	10.27000000000	6.88000000000	0.48000000000	10.73000000000	-9999.00000000000	0.41000000000	
  -9999.00000000000	-9999.00000000000	-9999.00000000000
  6	6	11.96000000000	6.14000000000	10.19000000000	3.10000000000	0.52000000000	9.62000000000	-9999.00000000000	0.46000000000	
  -9999.00000000000	-9999.00000000000	-9999.00000000000
  6	7	18.78000000000	6.19000000000	11.15000000000	2.62000000000	0.59000000000	9.40000000000	-9999.00000000000	0.50000000000	
  -9999.00000000000	-9999.00000000000	-9999.00000000000
  6	8	14.57000000000	7.02000000000	10.73000000000	4.66000000000	0.72000000000	9.24000000000	-9999.00000000000	0.48000000000	
  -9999.00000000000	-9999.00000000000	-9999.00000000000
  6	9	9.75000000000	6.12000000000	8.35000000000	4.44000000000	0.45000000000	8.07000000000	-9999.00000000000	0.50000000000	
  -9999.00000000000	-9999.00000000000	-9999.00000000000
  6	10	25.22000000000	9.15000000000	14.69000000000	4.96000000000	4.58000000000	9.20000000000	-9999.00000000000	0.48000000000	
  -9999.00000000000	-9999.00000000000	-9999.00000000000
  6	11	30.57000000000	9.90000000000	15.83000000000	4.06000000000	6.24000000000	10.15000000000	-9999.00000000000	0.46000000000	
  -9999.00000000000	-9999.00000000000	-9999.00000000000
  6	12	22.07000000000	10.27000000000	14.18000000000	7.48000000000	1.90000000000	10.82000000000	-9999.00000000000	0.45000000000	
  -9999.00000000000	-9999.00000000000	-9999.00000000000
  6	13	30.13000000000	13.49000000000	18.86000000000	8.55000000000	4.49000000000	11.93000000000	-9999.00000000000	0.45000000000	
  -9999.00000000000	-9999.00000000000	-9999.00000000000
  6	14	30.85000000000	16.36000000000	22.97000000000	10.86000000000	8.13000000000	12.94000000000	-9999.00000000000	0.43000000000	
  -9999.00000000000	-9999.00000000000	-9999.00000000000
  6	15	29.67000000000	16.89000000000	22.88000000000	12.47000000000	7.20000000000	13.62000000000	-9999.00000000000	0.42000000000	
  -9999.00000000000	-9999.00000000000	-9999.00000000000
  6	16	23.70000000000	15.76000000000	23.79000000000	10.18000000000	6.87000000000	14.04000000000	-9999.00000000000	0.41000000000	
  -9999.00000000000	-9999.00000000000	-9999.00000000000
  6	17	29.80000000000	18.39000000000	24.34000000000	12.65000000000	10.94000000000	14.25000000000	-9999.00000000000	0.40000000000	
  -9999.00000000000	-9999.00000000000	-9999.00000000000
  6	18	25.88000000000	18.70000000000	24.04000000000	14.94000000000	7.93000000000	14.81000000000	-9999.00000000000	0.39000000000	
  -9999.00000000000	-9999.00000000000	-9999.00000000000
  6	19	30.80000000000	19.27000000000	24.91000000000	15.24000000000	7.26000000000	15.39000000000	-9999.00000000000	0.38000000000	
  -9999.00000000000	-9999.00000000000	-9999.00000000000
  6	20	30.20000000000	17.51000000000	22.69000000000	14.21000000000	6.88000000000	15.42000000000	-9999.00000000000	0.37000000000	
  -9999.00000000000	-9999.00000000000	-9999.00000000000
  6	21	19.53000000000	15.56000000000	20.29000000000	12.55000000000	4.91000000000	14.36000000000	-9999.00000000000	0.37000000000	
  -9999.00000000000	-9999.00000000000	-9999.00000000000
  6	22	30.51000000000	18.34000000000	23.42000000000	13.06000000000	9.82000000000	14.59000000000	-9999.00000000000	0.36000000000	
  -9999.00000000000	-9999.00000000000	-9999.00000000000
  6	23	29.09000000000	18.37000000000	22.79000000000	14.99000000000	6.78000000000	15.28000000000	-9999.00000000000	0.35000000000	
  -9999.00000000000	-9999.00000000000	-9999.00000000000
  6	24	16.12000000000	15.14000000000	18.25000000000	10.99000000000	2.99000000000	14.74000000000	-9999.00000000000	0.34000000000	
  -9999.00000000000	-9999.00000000000	-9999.00000000000
  6	25	19.49000000000	13.52000000000	17.33000000000	10.18000000000	4.14000000000	13.98000000000	-9999.00000000000	0.34000000000	
  -9999.00000000000	-9999.00000000000	-9999.00000000000
  6	26	27.24000000000	12.32000000000	17.74000000000	8.94000000000	3.99000000000	13.51000000000	-9999.00000000000	0.33000000000	
  -9999.00000000000	-9999.00000000000	-9999.00000000000
  6	27	24.13000000000	12.63000000000	17.98000000000	9.64000000000	3.03000000000	13.65000000000	-9999.00000000000	0.32000000000	
  -9999.00000000000	-9999.00000000000	-9999.00000000000
  6	28	15.13000000000	9.68000000000	12.99000000000	5.93000000000	1.62000000000	12.63000000000	-9999.00000000000	0.42000000000	
  -9999.00000000000	-9999.00000000000	-9999.00000000000
  6	29	24.36000000000	8.17000000000	13.20000000000	3.78000000000	4.74000000000	12.26000000000	-9999.00000000000	0.40000000000	
  -9999.00000000000	-9999.00000000000	-9999.00000000000
  6	30	22.94000000000	9.26000000000	13.74000000000	6.53000000000	2.95000000000	12.41000000000	-9999.00000000000	0.38000000000	
  -9999.00000000000	-9999.00000000000	-9999.00000000000
  7	1	29.42000000000	10.62000000000	15.23000000000	6.84000000000	3.12000000000	12.62000000000	-9999.00000000000	0.36000000000	
  -9999.00000000000	-9999.00000000000	-9999.00000000000
  7	2	9.52000000000	10.01000000000	11.71000000000	8.19000000000	0.92000000000	12.07000000000	-9999.00000000000	0.35000000000	
  -9999.00000000000	-9999.00000000000	-9999.00000000000
  7	3	19.76000000000	12.70000000000	17.06000000000	9.58000000000	1.69000000000	12.66000000000	-9999.00000000000	0.36000000000	
  -9999.00000000000	-9999.00000000000	-9999.00000000000
  7	4	29.36000000000	10.48000000000	15.73000000000	5.22000000000	4.31000000000	12.71000000000	-9999.00000000000	0.44000000000	
  -9999.00000000000	-9999.00000000000	-9999.00000000000
  7	5	20.01000000000	10.37000000000	14.44000000000	7.35000000000	4.03000000000	12.28000000000	-9999.00000000000	0.40000000000	
  -9999.00000000000	-9999.00000000000	-9999.00000000000
  7	6	18.11000000000	10.39000000000	15.33000000000	7.45000000000	2.45000000000	12.42000000000	-9999.00000000000	0.38000000000	
  -9999.00000000000	-9999.00000000000	-9999.00000000000
  7	7	22.12000000000	11.94000000000	17.68000000000	7.52000000000	4.67000000000	12.22000000000	-9999.00000000000	0.37000000000	
  -9999.00000000000	-9999.00000000000	-9999.00000000000
  7	8	27.23000000000	14.24000000000	20.48000000000	9.28000000000	4.08000000000	13.10000000000	-9999.00000000000	0.36000000000	
  -9999.00000000000	-9999.00000000000	-9999.00000000000
  7	9	29.56000000000	15.50000000000	19.82000000000	12.03000000000	5.33000000000	14.10000000000	-9999.00000000000	0.34000000000	
  -9999.00000000000	-9999.00000000000	-9999.00000000000
  7	10	24.22000000000	14.88000000000	19.56000000000	12.14000000000	4.82000000000	14.14000000000	-9999.00000000000	0.33000000000	
  -9999.00000000000	-9999.00000000000	-9999.00000000000
  7	11	23.49000000000	15.05000000000	19.39000000000	12.08000000000	4.39000000000	14.49000000000	-9999.00000000000	0.31000000000	
  -9999.00000000000	-9999.00000000000	-9999.00000000000
  7	12	28.48000000000	15.42000000000	20.74000000000	11.55000000000	5.33000000000	14.73000000000	-9999.00000000000	0.30000000000	
  -9999.00000000000	-9999.00000000000	-9999.00000000000
  7	13	16.66000000000	12.10000000000	18.43000000000	7.54000000000	2.48000000000	13.98000000000	-9999.00000000000	0.33000000000	
  -9999.00000000000	-9999.00000000000	-9999.00000000000
  7	14	18.71000000000	12.18000000000	18.14000000000	7.99000000000	3.79000000000	13.34000000000	-9999.00000000000	0.38000000000	
  -9999.00000000000	-9999.00000000000	-9999.00000000000
  7	15	16.59000000000	12.07000000000	16.78000000000	9.30000000000	3.29000000000	13.63000000000	-9999.00000000000	0.39000000000	
  -9999.00000000000	-9999.00000000000	-9999.00000000000
  7	16	13.05000000000	10.47000000000	12.70000000000	8.80000000000	1.38000000000	12.65000000000	-9999.00000000000	0.47000000000	
  -9999.00000000000	-9999.00000000000	-9999.00000000000
  7	17	12.32000000000	10.56000000000	13.71000000000	8.02000000000	0.99000000000	12.51000000000	-9999.00000000000	0.46000000000	
  -9999.00000000000	-9999.00000000000	-9999.00000000000
  7	18	22.93000000000	12.32000000000	17.83000000000	8.87000000000	5.25000000000	13.15000000000	-9999.00000000000	0.42000000000	
  -9999.00000000000	-9999.00000000000	-9999.00000000000
  7	19	22.84000000000	11.84000000000	17.25000000000	8.11000000000	5.18000000000	13.10000000000	-9999.00000000000	0.40000000000	
  -9999.00000000000	-9999.00000000000	-9999.00000000000
  7	20	23.99000000000	13.68000000000	19.00000000000	9.48000000000	4.70000000000	13.62000000000	-9999.00000000000	0.38000000000	
  -9999.00000000000	-9999.00000000000	-9999.00000000000
  7	21	19.62000000000	13.46000000000	17.37000000000	11.13000000000	2.66000000000	14.03000000000	-9999.00000000000	0.37000000000	
  -9999.00000000000	-9999.00000000000	-9999.00000000000
  7	22	24.18000000000	14.15000000000	20.04000000000	10.21000000000	6.59000000000	13.90000000000	-9999.00000000000	0.36000000000	
  -9999.00000000000	-9999.00000000000	-9999.00000000000
  7	23	22.79000000000	13.85000000000	19.03000000000	10.84000000000	4.18000000000	13.99000000000	-9999.00000000000	0.34000000000	
  -9999.00000000000	-9999.00000000000	-9999.00000000000
  7	24	19.47000000000	13.53000000000	18.77000000000	10.24000000000	3.65000000000	14.15000000000	-9999.00000000000	0.35000000000	
  -9999.00000000000	-9999.00000000000	-9999.00000000000
  7	25	18.94000000000	10.75000000000	15.53000000000	8.29000000000	5.24000000000	13.14000000000	-9999.00000000000	0.37000000000	
  -9999.00000000000	-9999.00000000000	-9999.00000000000
  7	26	18.02000000000	10.36000000000	13.97000000000	6.95000000000	5.00000000000	12.57000000000	-9999.00000000000	0.35000000000	
  -9999.00000000000	-9999.00000000000	-9999.00000000000
  7	27	24.57000000000	13.17000000000	19.65000000000	8.20000000000	5.57000000000	12.80000000000	-9999.00000000000	0.33000000000	
  -9999.00000000000	-9999.00000000000	-9999.00000000000
  7	28	28.22000000000	14.11000000000	19.48000000000	10.12000000000	4.42000000000	13.82000000000	-9999.00000000000	0.32000000000	
  -9999.00000000000	-9999.00000000000	-9999.00000000000
  7	29	15.82000000000	14.13000000000	19.13000000000	11.58000000000	3.72000000000	13.84000000000	-9999.00000000000	0.31000000000	
  -9999.00000000000	-9999.00000000000	-9999.00000000000
  7	30	26.98000000000	15.22000000000	20.35000000000	10.95000000000	5.92000000000	14.05000000000	-9999.00000000000	0.30000000000	
  -9999.00000000000	-9999.00000000000	-9999.00000000000
  7	31	21.62000000000	14.17000000000	18.70000000000	11.46000000000	3.76000000000	14.25000000000	-9999.00000000000	0.28000000000	
  -9999.00000000000	-9999.00000000000	-9999.00000000000
  8	1	17.83000000000	12.91000000000	16.75000000000	10.52000000000	2.63000000000	14.13000000000	-9999.00000000000	0.27000000000	
  -9999.00000000000	-9999.00000000000	-9999.00000000000
  8	2	28.22000000000	12.79000000000	17.54000000000	9.66000000000	4.26000000000	14.40000000000	-9999.00000000000	0.27000000000	
  -9999.00000000000	-9999.00000000000	-9999.00000000000
  8	3	27.30000000000	13.79000000000	18.88000000000	9.92000000000	4.64000000000	14.14000000000	-9999.00000000000	0.25000000000	
  -9999.00000000000	-9999.00000000000	-9999.00000000000
  8	4	25.20000000000	13.37000000000	17.96000000000	10.17000000000	2.83000000000	14.22000000000	-9999.00000000000	0.33000000000	
  -9999.00000000000	-9999.00000000000	-9999.00000000000
  8	5	28.28000000000	13.74000000000	18.36000000000	10.27000000000	4.74000000000	14.70000000000	-9999.00000000000	0.31000000000	
  -9999.00000000000	-9999.00000000000	-9999.00000000000
  8	6	8.20000000000	9.52000000000	11.19000000000	7.30000000000	1.64000000000	13.34000000000	-9999.00000000000	0.29000000000	
  -9999.00000000000	-9999.00000000000	-9999.00000000000
  8	7	25.33000000000	11.62000000000	16.99000000000	7.86000000000	5.92000000000	13.51000000000	-9999.00000000000	0.29000000000	
  -9999.00000000000	-9999.00000000000	-9999.00000000000
  8	8	23.60000000000	11.81000000000	16.85000000000	7.44000000000	5.76000000000	13.11000000000	-9999.00000000000	0.27000000000	
  -9999.00000000000	-9999.00000000000	-9999.00000000000
  8	9	9.07000000000	8.84000000000	10.56000000000	7.57000000000	0.89000000000	12.54000000000	-9999.00000000000	0.27000000000	
  -9999.00000000000	-9999.00000000000	-9999.00000000000
  8	10	8.16000000000	8.03000000000	9.56000000000	7.28000000000	0.55000000000	11.92000000000	-9999.00000000000	0.27000000000	
  -9999.00000000000	-9999.00000000000	-9999.00000000000
  8	11	8.27000000000	8.22000000000	10.70000000000	6.63000000000	1.00000000000	11.45000000000	-9999.00000000000	0.39000000000	
  -9999.00000000000	-9999.00000000000	-9999.00000000000
  8	12	19.38000000000	9.87000000000	15.90000000000	6.18000000000	3.82000000000	11.61000000000	-9999.00000000000	0.41000000000	
  -9999.00000000000	-9999.00000000000	-9999.00000000000
  8	13	23.61000000000	11.16000000000	15.49000000000	6.70000000000	6.10000000000	11.92000000000	-9999.00000000000	0.37000000000	
  -9999.00000000000	-9999.00000000000	-9999.00000000000
  8	14	27.92000000000	12.69000000000	18.76000000000	7.24000000000	7.77000000000	12.45000000000	-9999.00000000000	0.35000000000	
  -9999.00000000000	-9999.00000000000	-9999.00000000000
  8	15	27.06000000000	13.69000000000	19.13000000000	9.06000000000	6.85000000000	13.18000000000	-9999.00000000000	0.32000000000	
  -9999.00000000000	-9999.00000000000	-9999.00000000000
  8	16	20.75000000000	13.98000000000	18.89000000000	9.65000000000	7.36000000000	13.24000000000	-9999.00000000000	0.31000000000	
  -9999.00000000000	-9999.00000000000	-9999.00000000000
  8	17	22.43000000000	13.66000000000	18.95000000000	10.63000000000	5.59000000000	13.40000000000	-9999.00000000000	0.29000000000	
  -9999.00000000000	-9999.00000000000	-9999.00000000000
  8	18	20.82000000000	12.50000000000	16.85000000000	9.50000000000	3.42000000000	13.83000000000	-9999.00000000000	0.28000000000	
  -9999.00000000000	-9999.00000000000	-9999.00000000000
  8	19	25.67000000000	13.77000000000	19.17000000000	9.95000000000	4.05000000000	14.12000000000	-9999.00000000000	0.28000000000	
  -9999.00000000000	-9999.00000000000	-9999.00000000000
  8	20	21.82000000000	13.19000000000	17.89000000000	9.91000000000	3.46000000000	14.41000000000	-9999.00000000000	0.27000000000	
  -9999.00000000000	-9999.00000000000	-9999.00000000000
  8	21	12.15000000000	9.81000000000	14.49000000000	6.54000000000	1.43000000000	13.46000000000	-9999.00000000000	0.29000000000	
  -9999.00000000000	-9999.00000000000	-9999.00000000000
  8	22	19.15000000000	10.69000000000	15.51000000000	6.34000000000	3.98000000000	12.63000000000	-9999.00000000000	0.34000000000	
  -9999.00000000000	-9999.00000000000	-9999.00000000000
  8	23	18.60000000000	11.48000000000	15.46000000000	9.08000000000	2.71000000000	13.25000000000	-9999.00000000000	0.31000000000	
  -9999.00000000000	-9999.00000000000	-9999.00000000000
  8	24	23.13000000000	12.40000000000	16.75000000000	9.76000000000	2.57000000000	13.92000000000	-9999.00000000000	0.30000000000	
  -9999.00000000000	-9999.00000000000	-9999.00000000000
  8	25	22.39000000000	12.54000000000	18.51000000000	9.29000000000	2.82000000000	13.74000000000	-9999.00000000000	0.33000000000	
  -9999.00000000000	-9999.00000000000	-9999.00000000000
  8	26	17.35000000000	12.10000000000	16.19000000000	9.56000000000	1.96000000000	13.30000000000	-9999.00000000000	0.42000000000	
  -9999.00000000000	-9999.00000000000	-9999.00000000000
  8	27	16.29000000000	10.68000000000	14.42000000000	8.66000000000	1.53000000000	13.42000000000	-9999.00000000000	0.45000000000	
  -9999.00000000000	-9999.00000000000	-9999.00000000000
  8	28	14.85000000000	11.43000000000	15.61000000000	8.19000000000	2.72000000000	13.34000000000	-9999.00000000000	0.42000000000	
  -9999.00000000000	-9999.00000000000	-9999.00000000000
  8	29	18.20000000000	13.46000000000	17.13000000000	10.92000000000	5.42000000000	13.74000000000	-9999.00000000000	0.39000000000	
  -9999.00000000000	-9999.00000000000	-9999.00000000000
  8	30	17.63000000000	13.11000000000	18.45000000000	10.60000000000	4.54000000000	13.73000000000	-9999.00000000000	0.37000000000	
  -9999.00000000000	-9999.00000000000	-9999.00000000000
  8	31	16.18000000000	12.15000000000	18.45000000000	9.37000000000	2.27000000000	13.84000000000	-9999.00000000000	0.35000000000	
  -9999.00000000000	-9999.00000000000	-9999.00000000000
  9	1	12.73000000000	11.56000000000	15.39000000000	8.65000000000	3.31000000000	13.39000000000	-9999.00000000000	0.35000000000	
  -9999.00000000000	-9999.00000000000	-9999.00000000000
  9	2	16.06000000000	11.21000000000	15.60000000000	8.47000000000	3.35000000000	13.05000000000	-9999.00000000000	0.34000000000	
  -9999.00000000000	-9999.00000000000	-9999.00000000000
  9	3	8.17000000000	7.44000000000	9.30000000000	5.47000000000	0.74000000000	8.98000000000	-9999.00000000000	0.49000000000	
  -9999.00000000000	-9999.00000000000	-9999.00000000000
  9	4	13.88000000000	8.93000000000	12.47000000000	6.78000000000	1.90000000000	10.51000000000	-9999.00000000000	0.45000000000	
  -9999.00000000000	-9999.00000000000	-9999.00000000000
  9	5	15.51000000000	8.76000000000	11.80000000000	6.13000000000	1.55000000000	11.34000000000	-9999.00000000000	0.48000000000	
  -9999.00000000000	-9999.00000000000	-9999.00000000000
  9	6	17.33000000000	10.18000000000	15.79000000000	7.10000000000	3.04000000000	11.61000000000	-9999.00000000000	0.44000000000	
  -9999.00000000000	-9999.00000000000	-9999.00000000000
  9	7	19.90000000000	10.01000000000	14.50000000000	7.55000000000	2.61000000000	12.37000000000	-9999.00000000000	0.43000000000	
  -9999.00000000000	-9999.00000000000	-9999.00000000000
  9	8	23.99000000000	10.72000000000	15.22000000000	7.59000000000	3.22000000000	12.70000000000	-9999.00000000000	0.42000000000	
  -9999.00000000000	-9999.00000000000	-9999.00000000000
  9	9	18.45000000000	10.55000000000	14.19000000000	8.47000000000	2.26000000000	12.75000000000	-9999.00000000000	0.40000000000	
  -9999.00000000000	-9999.00000000000	-9999.00000000000
  9	10	10.19000000000	9.58000000000	12.77000000000	6.59000000000	1.92000000000	12.44000000000	-9999.00000000000	0.40000000000	
  -9999.00000000000	-9999.00000000000	-9999.00000000000
  9	11	10.11000000000	7.61000000000	10.99000000000	4.82000000000	1.83000000000	11.68000000000	-9999.00000000000	0.40000000000	
  -9999.00000000000	-9999.00000000000	-9999.00000000000
  9	12	19.14000000000	9.54000000000	14.40000000000	6.78000000000	3.13000000000	11.78000000000	-9999.00000000000	0.39000000000	
  -9999.00000000000	-9999.00000000000	-9999.00000000000
  9	13	17.26000000000	7.34000000000	12.52000000000	4.62000000000	1.70000000000	11.73000000000	-9999.00000000000	0.38000000000	
  -9999.00000000000	-9999.00000000000	-9999.00000000000
  9	14	18.56000000000	7.67000000000	14.10000000000	3.48000000000	3.40000000000	11.14000000000	-9999.00000000000	0.38000000000	
  -9999.00000000000	-9999.00000000000	-9999.00000000000
  9	15	18.31000000000	7.20000000000	12.10000000000	3.43000000000	4.64000000000	10.53000000000	-9999.00000000000	0.37000000000	
  -9999.00000000000	-9999.00000000000	-9999.00000000000
  9	16	20.50000000000	5.65000000000	10.45000000000	2.46000000000	3.45000000000	10.07000000000	-9999.00000000000	0.37000000000	
  -9999.00000000000	-9999.00000000000	-9999.00000000000
  9	17	21.06000000000	7.78000000000	13.58000000000	4.69000000000	2.18000000000	10.65000000000	-9999.00000000000	0.36000000000	
  -9999.00000000000	-9999.00000000000	-9999.00000000000
  9	18	20.76000000000	9.16000000000	14.68000000000	5.46000000000	2.40000000000	11.08000000000	-9999.00000000000	0.36000000000	
  -9999.00000000000	-9999.00000000000	-9999.00000000000
  9	19	13.12000000000	9.86000000000	14.18000000000	7.54000000000	1.58000000000	11.50000000000	-9999.00000000000	0.35000000000	
  -9999.00000000000	-9999.00000000000	-9999.00000000000
  9	20	15.89000000000	10.88000000000	16.32000000000	8.72000000000	1.56000000000	11.77000000000	-9999.00000000000	0.35000000000	
  -9999.00000000000	-9999.00000000000	-9999.00000000000
  9	21	16.82000000000	9.81000000000	14.58000000000	7.10000000000	2.09000000000	11.62000000000	-9999.00000000000	0.35000000000	
  -9999.00000000000	-9999.00000000000	-9999.00000000000
  9	22	10.29000000000	6.88000000000	10.22000000000	3.28000000000	1.16000000000	11.20000000000	-9999.00000000000	0.35000000000	
  -9999.00000000000	-9999.00000000000	-9999.00000000000
  9	23	6.31000000000	2.86000000000	4.73000000000	0.37000000000	1.89000000000	9.76000000000	-9999.00000000000	0.35000000000	
  -9999.00000000000	-9999.00000000000	-9999.00000000000
  9	24	4.79000000000	-0.05000000000	1.54000000000	-1.02000000000	0.19000000000	8.41000000000	-9999.00000000000	0.37000000000	
  -9999.00000000000	-9999.00000000000	-9999.00000000000
  9	25	9.25000000000	0.26000000000	2.95000000000	-1.56000000000	0.53000000000	7.80000000000	-9999.00000000000	0.39000000000	
  -9999.00000000000	-9999.00000000000	-9999.00000000000
  9	26	17.60000000000	3.23000000000	7.94000000000	-1.61000000000	2.65000000000	7.74000000000	-9999.00000000000	0.38000000000	
  -9999.00000000000	-9999.00000000000	-9999.00000000000
  9	27	15.01000000000	4.09000000000	8.71000000000	1.28000000000	3.29000000000	8.03000000000	-9999.00000000000	0.37000000000	
  -9999.00000000000	-9999.00000000000	-9999.00000000000
  9	28	21.28000000000	2.80000000000	7.12000000000	0.04000000000	4.24000000000	7.80000000000	-9999.00000000000	0.37000000000	
  -9999.00000000000	-9999.00000000000	-9999.00000000000
  9	29	20.43000000000	3.64000000000	8.62000000000	-1.27000000000	4.31000000000	7.39000000000	-9999.00000000000	0.36000000000	
  -9999.00000000000	-9999.00000000000	-9999.00000000000
  9	30	20.09000000000	5.67000000000	11.29000000000	1.30000000000	5.05000000000	7.71000000000	-9999.00000000000	0.36000000000	
  -9999.00000000000	-9999.00000000000	-9999.00000000000
 10	1	19.61000000000	7.99000000000	15.04000000000	2.57000000000	5.84000000000	8.07000000000	-9999.00000000000	0.35000000000	
  -9999.00000000000	-9999.00000000000	-9999.00000000000
 10	2	16.98000000000	8.43000000000	14.89000000000	5.33000000000	5.53000000000	8.33000000000	-9999.00000000000	0.35000000000	
  -9999.00000000000	-9999.00000000000	-9999.00000000000
 10	3	16.63000000000	8.01000000000	12.77000000000	5.29000000000	3.82000000000	8.71000000000	-9999.00000000000	0.34000000000	
  -9999.00000000000	-9999.00000000000	-9999.00000000000
 10	4	8.63000000000	7.56000000000	10.13000000000	5.72000000000	3.83000000000	8.46000000000	-9999.00000000000	0.34000000000	
  -9999.00000000000	-9999.00000000000	-9999.00000000000
 10	5	17.46000000000	7.07000000000	11.78000000000	3.57000000000	3.51000000000	8.66000000000	-9999.00000000000	0.34000000000	
  -9999.00000000000	-9999.00000000000	-9999.00000000000
 10	6	9.38000000000	4.65000000000	8.30000000000	3.13000000000	1.58000000000	8.39000000000	-9999.00000000000	0.34000000000	
  -9999.00000000000	-9999.00000000000	-9999.00000000000
 10	7	17.42000000000	4.70000000000	8.27000000000	2.22000000000	3.52000000000	7.80000000000	-9999.00000000000	0.34000000000	
  -9999.00000000000	-9999.00000000000	-9999.00000000000
 10	8	10.95000000000	3.64000000000	7.61000000000	1.64000000000	0.93000000000	7.87000000000	-9999.00000000000	0.34000000000	
  -9999.00000000000	-9999.00000000000	-9999.00000000000
 10	9	6.45000000000	4.17000000000	6.30000000000	2.60000000000	0.73000000000	7.84000000000	-9999.00000000000	0.34000000000	
  -9999.00000000000	-9999.00000000000	-9999.00000000000
 10	10	6.08000000000	6.03000000000	8.35000000000	4.04000000000	1.09000000000	7.98000000000	-9999.00000000000	0.34000000000	
  -9999.00000000000	-9999.00000000000	-9999.00000000000
 10	11	11.20000000000	7.80000000000	10.64000000000	5.53000000000	1.10000000000	8.73000000000	-9999.00000000000	0.34000000000	
  -9999.00000000000	-9999.00000000000	-9999.00000000000
 10	12	5.06000000000	6.51000000000	8.68000000000	3.75000000000	2.13000000000	8.50000000000	-9999.00000000000	0.34000000000	
  -9999.00000000000	-9999.00000000000	-9999.00000000000
 10	13	17.81000000000	6.16000000000	10.18000000000	2.66000000000	3.35000000000	7.99000000000	-9999.00000000000	0.34000000000	
  -9999.00000000000	-9999.00000000000	-9999.00000000000
 10	14	7.86000000000	4.79000000000	6.80000000000	3.38000000000	0.78000000000	8.15000000000	-9999.00000000000	0.33000000000	
  -9999.00000000000	-9999.00000000000	-9999.00000000000
 10	15	7.53000000000	6.39000000000	8.41000000000	5.04000000000	0.56000000000	8.40000000000	-9999.00000000000	0.33000000000	
  -9999.00000000000	-9999.00000000000	-9999.00000000000
 10	16	2.87000000000	6.74000000000	7.46000000000	6.08000000000	0.18000000000	8.48000000000	-9999.00000000000	0.36000000000	
  -9999.00000000000	-9999.00000000000	-9999.00000000000
 10	17	2.30000000000	6.46000000000	7.85000000000	0.58000000000	0.35000000000	8.34000000000	-9999.00000000000	0.38000000000	
  -9999.00000000000	-9999.00000000000	-9999.00000000000
 10	18	13.36000000000	0.65000000000	5.65000000000	-1.67000000000	1.16000000000	7.26000000000	-9999.00000000000	0.45000000000	
  -9999.00000000000	-9999.00000000000	-9999.00000000000
 10	19	13.97000000000	0.88000000000	6.23000000000	-1.18000000000	2.64000000000	6.28000000000	-9999.00000000000	0.43000000000	
  -9999.00000000000	-9999.00000000000	-9999.00000000000
 10	20	14.55000000000	1.21000000000	5.18000000000	-1.86000000000	2.58000000000	5.46000000000	-9999.00000000000	0.41000000000	
  -9999.00000000000	-9999.00000000000	-9999.00000000000
 10	21	3.38000000000	2.31000000000	3.48000000000	1.08000000000	0.75000000000	5.45000000000	-9999.00000000000	0.41000000000	
  -9999.00000000000	-9999.00000000000	-9999.00000000000
 10	22	4.03000000000	4.51000000000	5.28000000000	2.94000000000	0.14000000000	6.13000000000	-9999.00000000000	0.48000000000	
  -9999.00000000000	-9999.00000000000	-9999.00000000000
 10	23	4.61000000000	4.07000000000	5.18000000000	0.50000000000	0.14000000000	6.59000000000	-9999.00000000000	0.47000000000	
  -9999.00000000000	-9999.00000000000	-9999.00000000000
 10	24	15.38000000000	1.73000000000	4.84000000000	-1.69000000000	2.19000000000	6.01000000000	-9999.00000000000	0.46000000000	
  -9999.00000000000	-9999.00000000000	-9999.00000000000
 10	25	4.83000000000	1.73000000000	2.87000000000	0.18000000000	0.53000000000	5.80000000000	-9999.00000000000	0.44000000000	
  -9999.00000000000	-9999.00000000000	-9999.00000000000
 10	26	13.14000000000	5.55000000000	10.87000000000	2.98000000000	2.84000000000	6.28000000000	-9999.00000000000	0.43000000000	
  -9999.00000000000	-9999.00000000000	-9999.00000000000
 10	27	13.56000000000	5.84000000000	9.40000000000	3.10000000000	4.65000000000	5.99000000000	-9999.00000000000	0.42000000000	
  -9999.00000000000	-9999.00000000000	-9999.00000000000
 10	28	13.63000000000	2.62000000000	7.31000000000	-0.34000000000	4.48000000000	5.52000000000	-9999.00000000000	0.42000000000	
  -9999.00000000000	-9999.00000000000	-9999.00000000000
 10	29	13.91000000000	3.15000000000	8.91000000000	-0.30000000000	5.07000000000	4.81000000000	-9999.00000000000	0.41000000000	
  -9999.00000000000	-9999.00000000000	-9999.00000000000
 10	30	11.62000000000	3.51000000000	8.33000000000	0.64000000000	3.22000000000	4.74000000000	-9999.00000000000	0.41000000000	
  -9999.00000000000	-9999.00000000000	-9999.00000000000
 10	31	11.09000000000	4.28000000000	8.97000000000	1.76000000000	1.57000000000	5.10000000000	-9999.00000000000	0.40000000000	
  -9999.00000000000	-9999.00000000000	-9999.00000000000
 11	1	13.45000000000	5.93000000000	11.82000000000	3.38000000000	2.92000000000	5.31000000000	-9999.00000000000	0.40000000000	
  -9999.00000000000	-9999.00000000000	-9999.00000000000
 11	2	4.30000000000	3.16000000000	4.02000000000	2.43000000000	0.76000000000	5.37000000000	-9999.00000000000	0.40000000000	
  -9999.00000000000	-9999.00000000000	-9999.00000000000
 11	3	4.57000000000	3.67000000000	4.87000000000	0.81000000000	1.50000000000	5.30000000000	-9999.00000000000	0.40000000000	
  -9999.00000000000	-9999.00000000000	-9999.00000000000
 11	4	10.14000000000	0.88000000000	4.21000000000	-0.78000000000	1.97000000000	5.00000000000	-9999.00000000000	0.40000000000	
  -9999.00000000000	-9999.00000000000	-9999.00000000000
 11	5	11.47000000000	-0.71000000000	4.05000000000	-3.71000000000	2.39000000000	4.13000000000	-9999.00000000000	0.40000000000	
  -9999.00000000000	-9999.00000000000	-9999.00000000000
 11	6	13.43000000000	-1.65000000000	3.73000000000	-4.78000000000	2.25000000000	3.29000000000	-9999.00000000000	0.39000000000	
  -9999.00000000000	-9999.00000000000	-9999.00000000000
 11	7	7.41000000000	-3.96000000000	-1.22000000000	-5.61000000000	0.44000000000	2.97000000000	-9999.00000000000	0.39000000000	
  -9999.00000000000	-9999.00000000000	-9999.00000000000
 11	8	11.42000000000	-2.03000000000	1.89000000000	-4.66000000000	2.67000000000	2.70000000000	-9999.00000000000	0.39000000000	
  -9999.00000000000	-9999.00000000000	-9999.00000000000
 11	9	5.91000000000	-2.52000000000	1.34000000000	-5.84000000000	1.79000000000	2.24000000000	-9999.00000000000	0.39000000000	
  -9999.00000000000	-9999.00000000000	-9999.00000000000
 11	10	12.77000000000	-0.04000000000	4.37000000000	-3.02000000000	3.31000000000	2.13000000000	-9999.00000000000	0.39000000000	
  -9999.00000000000	-9999.00000000000	-9999.00000000000
 11	11	10.26000000000	0.45000000000	3.38000000000	-1.92000000000	2.38000000000	2.26000000000	-9999.00000000000	0.39000000000	
  -9999.00000000000	-9999.00000000000	-9999.00000000000
 11	12	12.02000000000	2.01000000000	6.43000000000	-0.08000000000	3.01000000000	2.38000000000	-9999.00000000000	0.39000000000	
  -9999.00000000000	-9999.00000000000	-9999.00000000000
 11	13	2.44000000000	0.78000000000	2.10000000000	-0.22000000000	0.11000000000	2.75000000000	-9999.00000000000	0.39000000000	
  -9999.00000000000	-9999.00000000000	-9999.00000000000
 11	14	2.25000000000	3.06000000000	4.09000000000	1.92000000000	0.30000000000	3.44000000000	-9999.00000000000	0.41000000000	
  -9999.00000000000	-9999.00000000000	-9999.00000000000
 11	15	1.99000000000	3.87000000000	4.49000000000	3.21000000000	0.12000000000	4.04000000000	-9999.00000000000	0.54000000000	
  -9999.00000000000	-9999.00000000000	-9999.00000000000
 11	16	1.92000000000	4.81000000000	6.69000000000	1.60000000000	0.51000000000	4.34000000000	-9999.00000000000	0.51000000000	
  -9999.00000000000	-9999.00000000000	-9999.00000000000
 11	17	2.96000000000	1.36000000000	2.14000000000	-0.07000000000	0.18000000000	3.87000000000	-9999.00000000000	0.49000000000	
  -9999.00000000000	-9999.00000000000	-9999.00000000000
 11	18	2.25000000000	0.87000000000	2.08000000000	-0.26000000000	0.13000000000	3.29000000000	-9999.00000000000	0.51000000000	
  -9999.00000000000	-9999.00000000000	-9999.00000000000
 11	19	2.75000000000	-0.03000000000	0.91000000000	-0.45000000000	0.01000000000	2.72000000000	-9999.00000000000	0.50000000000	
  -9999.00000000000	-9999.00000000000	-9999.00000000000
 11	20	6.62000000000	0.07000000000	3.26000000000	-0.83000000000	0.34000000000	2.96000000000	-9999.00000000000	0.48000000000	
  -9999.00000000000	-9999.00000000000	-9999.00000000000
 11	21	3.66000000000	0.98000000000	2.41000000000	0.03000000000	0.10000000000	3.15000000000	-9999.00000000000	0.47000000000	
  -9999.00000000000	-9999.00000000000	-9999.00000000000
 11	22	2.30000000000	-0.45000000000	1.43000000000	-2.66000000000	0.07000000000	2.64000000000	-9999.00000000000	0.51000000000	
  -9999.00000000000	-9999.00000000000	-9999.00000000000
 11	23	9.39000000000	-1.17000000000	2.52000000000	-3.68000000000	0.88000000000	2.25000000000	-9999.00000000000	0.48000000000	
  -9999.00000000000	-9999.00000000000	-9999.00000000000
 11	24	3.56000000000	0.78000000000	2.44000000000	-0.79000000000	0.20000000000	2.23000000000	-9999.00000000000	0.47000000000	
  -9999.00000000000	-9999.00000000000	-9999.00000000000
 11	25	2.30000000000	2.95000000000	4.63000000000	0.07000000000	0.33000000000	2.13000000000	-9999.00000000000	0.52000000000	
  -9999.00000000000	-9999.00000000000	-9999.00000000000
 11	26	2.45000000000	4.38000000000	5.10000000000	3.55000000000	0.21000000000	3.11000000000	-9999.00000000000	0.53000000000	
  -9999.00000000000	-9999.00000000000	-9999.00000000000
 11	27	3.66000000000	4.21000000000	5.15000000000	3.60000000000	0.35000000000	3.86000000000	-9999.00000000000	0.49000000000	
  -9999.00000000000	-9999.00000000000	-9999.00000000000
 11	28	3.60000000000	3.53000000000	4.97000000000	2.61000000000	0.30000000000	4.16000000000	-9999.00000000000	0.48000000000	
  -9999.00000000000	-9999.00000000000	-9999.00000000000
 11	29	2.96000000000	1.24000000000	2.95000000000	-1.15000000000	0.17000000000	3.77000000000	-9999.00000000000	0.50000000000	
  -9999.00000000000	-9999.00000000000	-9999.00000000000
 11	30	8.18000000000	-1.19000000000	1.89000000000	-3.33000000000	0.96000000000	2.96000000000	-9999.00000000000	0.49000000000	
  -9999.00000000000	-9999.00000000000	-9999.00000000000
 12	1	9.97000000000	-2.02000000000	1.76000000000	-4.01000000000	1.81000000000	2.19000000000	-9999.00000000000	0.48000000000	
  -9999.00000000000	-9999.00000000000	-9999.00000000000
 12	2	5.91000000000	-2.47000000000	0.19000000000	-4.52000000000	1.32000000000	1.65000000000	-9999.00000000000	0.47000000000	
  -9999.00000000000	-9999.00000000000	-9999.00000000000
 12	3	5.44000000000	-2.74000000000	-1.04000000000	-4.21000000000	0.94000000000	1.45000000000	-9999.00000000000	0.46000000000	
  -9999.00000000000	-9999.00000000000	-9999.00000000000
 12	4	5.19000000000	0.08000000000	2.16000000000	-3.26000000000	2.01000000000	1.28000000000	-9999.00000000000	0.46000000000	
  -9999.00000000000	-9999.00000000000	-9999.00000000000
 12	5	4.94000000000	1.70000000000	2.92000000000	0.02000000000	1.80000000000	1.29000000000	-9999.00000000000	0.46000000000	
  -9999.00000000000	-9999.00000000000	-9999.00000000000
 12	6	5.57000000000	2.09000000000	3.75000000000	0.80000000000	2.09000000000	1.47000000000	-9999.00000000000	0.46000000000	
  -9999.00000000000	-9999.00000000000	-9999.00000000000
 12	7	5.08000000000	1.10000000000	2.71000000000	-0.08000000000	2.25000000000	1.62000000000	-9999.00000000000	0.46000000000	
  -9999.00000000000	-9999.00000000000	-9999.00000000000
 12	8	6.83000000000	-0.61000000000	2.78000000000	-4.01000000000	1.73000000000	1.72000000000	-9999.00000000000	0.45000000000	
  -9999.00000000000	-9999.00000000000	-9999.00000000000
 12	9	4.15000000000	-6.58000000000	-3.90000000000	-10.00000000000	0.45000000000	1.45000000000	-9999.00000000000	0.45000000000	
  -9999.00000000000	-9999.00000000000	-9999.00000000000
 12	10	10.06000000000	-8.43000000000	-3.51000000000	-10.98000000000	0.49000000000	0.87000000000	-9999.00000000000	0.45000000000	
  -9999.00000000000	-9999.00000000000	-9999.00000000000
 12	11	9.83000000000	-5.20000000000	-0.63000000000	-9.13000000000	1.07000000000	0.34000000000	-9999.00000000000	0.45000000000	
  -9999.00000000000	-9999.00000000000	-9999.00000000000
 12	12	3.54000000000	-3.05000000000	-1.26000000000	-4.90000000000	0.56000000000	0.22000000000	-9999.00000000000	0.45000000000	
  -9999.00000000000	-9999.00000000000	-9999.00000000000
 12	13	5.25000000000	-0.92000000000	1.57000000000	-2.46000000000	1.72000000000	0.19000000000	-9999.00000000000	0.45000000000	
  -9999.00000000000	-9999.00000000000	-9999.00000000000
 12	14	5.70000000000	-1.87000000000	0.46000000000	-2.86000000000	1.33000000000	0.18000000000	-9999.00000000000	0.44000000000	
  -9999.00000000000	-9999.00000000000	-9999.00000000000
 12	15	2.98000000000	-2.76000000000	-1.93000000000	-3.78000000000	0.35000000000	0.19000000000	-9999.00000000000	0.44000000000	
  -9999.00000000000	-9999.00000000000	-9999.00000000000
 12	16	6.55000000000	-2.06000000000	1.60000000000	-4.13000000000	0.94000000000	0.17000000000	-9999.00000000000	0.44000000000	
  -9999.00000000000	-9999.00000000000	-9999.00000000000
 12	17	6.50000000000	-1.58000000000	0.78000000000	-3.20000000000	0.74000000000	0.17000000000	-9999.00000000000	0.44000000000	
  -9999.00000000000	-9999.00000000000	-9999.00000000000
 12	18	5.90000000000	-2.19000000000	-0.34000000000	-4.19000000000	2.19000000000	0.16000000000	-9999.00000000000	0.44000000000	
  -9999.00000000000	-9999.00000000000	-9999.00000000000
 12	19	9.29000000000	-1.96000000000	4.41000000000	-5.61000000000	3.53000000000	0.02000000000	-9999.00000000000	0.44000000000	
  -9999.00000000000	-9999.00000000000	-9999.00000000000
 12	20	9.07000000000	-0.71000000000	3.74000000000	-5.66000000000	3.96000000000	-0.17000000000	-9999.00000000000	0.44000000000	
  -9999.00000000000	-9999.00000000000	-9999.00000000000
 12	21	4.77000000000	1.79000000000	4.86000000000	0.26000000000	3.08000000000	-0.21000000000	-9999.00000000000	0.44000000000	
  -9999.00000000000	-9999.00000000000	-9999.00000000000
 12	22	5.49000000000	0.69000000000	3.96000000000	-1.77000000000	1.67000000000	-0.17000000000	-9999.00000000000	0.44000000000	
  -9999.00000000000	-9999.00000000000	-9999.00000000000
 12	23	7.91000000000	3.49000000000	8.69000000000	-1.94000000000	3.70000000000	-0.15000000000	-9999.00000000000	0.43000000000	
  -9999.00000000000	-9999.00000000000	-9999.00000000000
 12	24	5.82000000000	2.09000000000	5.10000000000	0.08000000000	2.83000000000	-0.11000000000	-9999.00000000000	0.43000000000	
  -9999.00000000000	-9999.00000000000	-9999.00000000000
 12	25	4.79000000000	1.01000000000	2.44000000000	-1.09000000000	1.15000000000	-0.07000000000	-9999.00000000000	0.43000000000	
  -9999.00000000000	-9999.00000000000	-9999.00000000000
 12	26	2.84000000000	-1.17000000000	-0.33000000000	-2.15000000000	0.20000000000	0.00000000000	-9999.00000000000	0.43000000000	
  -9999.00000000000	-9999.00000000000	-9999.00000000000
 12	27	2.00000000000	-1.25000000000	0.54000000000	-2.45000000000	0.11000000000	0.06000000000	-9999.00000000000	0.43000000000	
  -9999.00000000000	-9999.00000000000	-9999.00000000000
 12	28	1.94000000000	-0.15000000000	0.42000000000	-0.62000000000	0.09000000000	0.09000000000	-9999.00000000000	0.43000000000	
  -9999.00000000000	-9999.00000000000	-9999.00000000000
 12	29	5.41000000000	-0.70000000000	1.67000000000	-2.55000000000	1.68000000000	0.13000000000	-9999.00000000000	0.43000000000	
  -9999.00000000000	-9999.00000000000	-9999.00000000000
 12	30	5.96000000000	1.59000000000	4.95000000000	-1.26000000000	2.83000000000	0.22000000000	-9999.00000000000	0.44000000000	
  -9999.00000000000	-9999.00000000000	-9999.00000000000
 12	31	1.54000000000	-0.20000000000	0.79000000000	-1.90000000000	0.91000000000	0.28000000000	-9999.00000000000	0.44000000000	
  -9999.00000000000	-9999.00000000000	-9999.00000000000
