Month	n_days	Rg_f	Ta_f	Tmax	Tmin	VPD_f	Ts_f	Precip	SWC	LAI	ET	LITTERFALL
1	1	1	-9999	0.47	-1.83	0.711	-9999	0	-9999	0	-9999	-9999
1	2	1	-9999	-0.33	-2.13	0.711	-9999	7.2	-9999	0	-9999	-9999
1	3	4	-9999	2.87	-3.43	0.634	-9999	5.2	-9999	0	-9999	-9999
1	4	4	-9999	6.17	-2.13	0.568	-9999	0	-9999	0	-9999	-9999
1	5	5	-9999	6.27	-2.73	0.621	-9999	0	-9999	0	-9999	-9999
1	6	6	-9999	8.47	-2.33	0.674	-9999	0	-9999	0	-9999	-9999
1	7	2	-9999	6.57	-1.93	0.694	-9999	0	-9999	0	-9999	-9999
1	8	5	-9999	7.67	-2.73	0.711	-9999	0	-9999	0	-9999	-9999
1	9	5	-9999	6.87	-3.03	0.661	-9999	0	-9999	0	-9999	-9999
1	10	6	-9999	10.17	-1.33	0.588	-9999	0	-9999	0	-9999	-9999
1	11	6	-9999	8.77	-1.23	0.474	-9999	0	-9999	0	-9999	-9999
1	12	2	-9999	5.17	-3.13	0.581	-9999	0	-9999	0	-9999	-9999
1	13	1	-9999	1.27	-3.43	0.641	-9999	0	-9999	0	-9999	-9999
1	14	1	-9999	0.27	-1.63	0.668	-9999	0	-9999	0	-9999	-9999
1	15	5	-9999	6.47	-1.13	0.734	-9999	8	-9999	0	-9999	-9999
1	16	1	-9999	1.57	-1.23	0.764	-9999	0	-9999	0	-9999	-9999
1	17	6	-9999	6.57	-2.83	0.508	-9999	1.4	-9999	0	-9999	-9999
1	18	4	-9999	3.47	-4.23	0.374	-9999	0	-9999	0	-9999	-9999
1	19	5	-9999	4.67	-3.63	0.564	-9999	0	-9999	0	-9999	-9999
1	20	6	-9999	3.77	-1.73	0.361	-9999	2.6	-9999	0	-9999	-9999
1	21	6	-9999	6.17	-4.23	0.298	-9999	0	-9999	0	-9999	-9999
1	22	6	-9999	5.37	-5.53	0.328	-9999	0	-9999	0	-9999	-9999
1	23	7	-9999	5.97	-5.93	0.391	-9999	0	-9999	0	-9999	-9999
1	24	7	-9999	2.97	-5.63	0.481	-9999	0	-9999	0	-9999	-9999
1	25	4	-9999	0.97	-6.73	0.508	-9999	0.8	-9999	0	-9999	-9999
1	26	7	-9999	2.47	-6.83	0.438	-9999	2.4	-9999	0	-9999	-9999
1	27	6	-9999	0.97	-8.43	0.408	-9999	0	-9999	0	-9999	-9999
1	28	8	-9999	1.17	-9.53	0.398	-9999	0	-9999	0	-9999	-9999
1	29	8	-9999	0.77	-7.73	0.408	-9999	0	-9999	0	-9999	-9999
1	30	7	-9999	0.07	-8.63	0.428	-9999	0	-9999	0	-9999	-9999
1	31	7	-9999	2.57	-8.03	0.454	-9999	0	-9999	0	-9999	-9999
2	1	7	-9999	0.57	-7.33	0.451	-9999	0	-9999	0	-9999	-9999
2	2	7	-9999	-1.13	-8.03	0.411	-9999	0	-9999	0	-9999	-9999
2	3	8	-9999	0.97	-8.73	0.458	-9999	0	-9999	0	-9999	-9999
2	4	8	-9999	5.17	-8.43	0.454	-9999	0	-9999	0	-9999	-9999
2	5	8	-9999	3.07	-6.43	0.441	-9999	0	-9999	0	-9999	-9999
2	6	8	-9999	5.97	-4.83	0.414	-9999	0	-9999	0	-9999	-9999
2	7	7	-9999	6.47	-3.93	0.408	-9999	0	-9999	0	-9999	-9999
2	8	9	-9999	8.37	-3.73	0.344	-9999	0	-9999	0	-9999	-9999
2	9	8	-9999	4.87	-5.23	0.441	-9999	0	-9999	0	-9999	-9999
2	10	9	-9999	8.47	-2.73	0.488	-9999	0	-9999	0	-9999	-9999
2	11	9	-9999	11.97	0.67	0.521	-9999	0	-9999	0	-9999	-9999
2	12	9	-9999	14.37	1.57	0.614	-9999	0	-9999	0	-9999	-9999
2	13	10	-9999	17.47	3.37	0.588	-9999	0	-9999	0	-9999	-9999
2	14	9	-9999	14.07	3.97	0.651	-9999	0	-9999	0	-9999	-9999
2	15	9	-9999	13.17	2.17	0.781	-9999	0	-9999	0	-9999	-9999
2	16	8	-9999	15.17	2.17	0.801	-9999	0	-9999	0	-9999	-9999
2	17	10	-9999	15.67	2.67	0.638	-9999	0	-9999	0	-9999	-9999
2	18	10	-9999	10.57	-0.03	0.624	-9999	0	-9999	0	-9999	-9999
2	19	10	-9999	12.57	-0.13	0.711	-9999	0	-9999	0	-9999	-9999
2	20	10	-9999	11.97	0.47	0.798	-9999	0	-9999	0	-9999	-9999
2	21	10	-9999	12.17	0.97	0.794	-9999	0	-9999	0	-9999	-9999
2	22	1	-9999	3.17	-0.53	0.901	-9999	0	-9999	0	-9999	-9999
2	23	5	-9999	6.07	-0.63	0.808	-9999	15.6	-9999	0	-9999	-9999
2	24	12	-9999	11.37	-1.23	0.718	-9999	1.2	-9999	0	-9999	-9999
2	25	10	-9999	12.67	1.57	0.814	-9999	0	-9999	0	-9999	-9999
2	26	10	-9999	10.27	0.17	0.824	-9999	0	-9999	0	-9999	-9999
2	27	12	-9999	12.17	0.07	0.841	-9999	0	-9999	0	-9999	-9999
2	28	11	-9999	10.07	0.07	0.881	-9999	0	-9999	0	-9999	-9999
3	1	13	-9999	10.97	-0.33	0.711	-9999	0	-9999	0	-9999	-9999
3	2	12	-9999	9.97	-2.73	0.758	-9999	0	-9999	0	-9999	-9999
3	3	11	-9999	9.07	-1.83	0.731	-9999	0	-9999	0	-9999	-9999
3	4	6	-9999	8.47	0.77	0.938	-9999	0	-9999	0	-9999	-9999
3	5	13	-9999	9.67	2.97	0.751	-9999	0	-9999	0	-9999	-9999
3	6	14	-9999	12.17	-2.13	0.328	-9999	0.2	-9999	0	-9999	-9999
3	7	13	-9999	11.57	0.87	0.698	-9999	0	-9999	0	-9999	-9999
3	8	6	-9999	9.47	0.07	0.684	-9999	0	-9999	0	-9999	-9999
3	9	16	-9999	9.27	-3.73	0.451	-9999	0	-9999	0	-9999	-9999
3	10	16	-9999	7.17	-6.93	0.164	-9999	0	-9999	0	-9999	-9999
3	11	11	-9999	4.17	-4.63	0.331	-9999	0	-9999	0	-9999	-9999
3	12	14	-9999	5.67	-5.93	0.521	-9999	0	-9999	0	-9999	-9999
3	13	14	-9999	9.07	-5.23	0.551	-9999	0	-9999	0	-9999	-9999
3	14	16	-9999	14.37	-3.03	0.571	-9999	0	-9999	0	-9999	-9999
3	15	16	-9999	15.27	2.47	0.504	-9999	0	-9999	0	-9999	-9999
3	16	15	-9999	16.77	0.87	0.651	-9999	0	-9999	0	-9999	-9999
3	17	16	-9999	18.17	2.67	0.738	-9999	0	-9999	0	-9999	-9999
3	18	16	-9999	16.97	2.27	0.738	-9999	0	-9999	0	-9999	-9999
3	19	16	-9999	14.77	-0.13	0.748	-9999	0	-9999	0	-9999	-9999
3	20	17	-9999	13.17	-1.73	0.664	-9999	0	-9999	0	-9999	-9999
3	21	16	-9999	12.87	-1.33	0.561	-9999	0	-9999	0	-9999	-9999
3	22	16	-9999	9.37	-2.63	0.504	-9999	0	-9999	0	-9999	-9999
3	23	6	-9999	0.97	-3.53	0.564	-9999	0	-9999	0	-9999	-9999
3	24	18	-9999	4.37	-4.63	0.528	-9999	0.2	-9999	0	-9999	-9999
3	25	18	-9999	7.87	-6.23	0.434	-9999	0.6	-9999	0	-9999	-9999
3	26	16	-9999	7.77	-2.73	0.404	-9999	0	-9999	0	-9999	-9999
3	27	14	-9999	8.07	-3.03	0.491	-9999	0	-9999	0	-9999	-9999
3	28	15	-9999	13.17	-1.23	0.581	-9999	0	-9999	0	-9999	-9999
3	29	16	-9999	15.17	2.67	0.604	-9999	0	-9999	0	-9999	-9999
3	30	17	-9999	16.87	1.77	0.624	-9999	0	-9999	0	-9999	-9999
3	31	15	-9999	15.07	1.97	0.738	-9999	0	-9999	0	-9999	-9999
4	1	10	-9999	12.47	2.17	0.918	-9999	0	-9999	0	-9999	-9999
4	2	4	-9999	8.37	-9999	1.044	-9999	0	-9999	0	-9999	-9999
4	3	2	-9999	6.87	5.07	1.171	-9999	3.8	-9999	0	-9999	-9999
4	4	0	-9999	7.37	4.07	1.098	-9999	4.8	-9999	0	-9999	-9999
4	5	5	-9999	6.47	1.77	1.041	-9999	55.4	-9999	0	-9999	-9999
4	6	16	-9999	13.17	0.97	0.908	-9999	49.4	-9999	0	-9999	-9999
4	7	2	-9999	4.87	-1.93	0.898	-9999	0.6	-9999	0	-9999	-9999
4	8	19	-9999	12.17	-2.33	0.824	-9999	42.4	-9999	0	-9999	-9999
4	9	12	-9999	6.37	-1.33	0.844	-9999	3	-9999	0	-9999	-9999
4	10	-9999	-9999	-9999	-1.73	0.854	-9999	17.2	-9999	0	-9999	-9999
4	11	1	-9999	1.27	-2.13	0.754	-9999	23.6	-9999	0	-9999	-9999
4	12	16	-9999	6.47	-2.33	0.654	-9999	3	-9999	0	-9999	-9999
4	13	9	-9999	3.67	-2.53	0.628	-9999	40.6	-9999	0	-9999	-9999
4	14	21	-9999	8.57	-3.03	0.501	-9999	16.6	-9999	0	-9999	-9999
4	15	3	-9999	0.07	-2.33	0.698	-9999	9.8	-9999	0	-9999	-9999
4	16	17	-9999	8.27	-3.73	0.751	-9999	9.8	-9999	0	-9999	-9999
4	17	6	-9999	2.27	-1.93	0.831	-9999	21.2	-9999	0	-9999	-9999
4	18	20	-9999	8.17	-2.23	0.601	-9999	5.6	-9999	0	-9999	-9999
4	19	25	-9999	9.37	-1.23	0.394	-9999	0.2	-9999	0	-9999	-9999
4	20	24	-9999	12.17	-2.33	0.634	-9999	0	-9999	0	-9999	-9999
4	21	23	-9999	16.97	0.97	0.864	-9999	0	-9999	0	-9999	-9999
4	22	23	-9999	18.07	2.27	0.998	-9999	0	-9999	0	-9999	-9999
4	23	17	-9999	14.97	5.57	0.981	-9999	0	-9999	0	-9999	-9999
4	24	20	-9999	18.67	4.27	1.021	-9999	0	-9999	0	-9999	-9999
4	25	23	-9999	19.67	4.37	1.114	-9999	0	-9999	0	-9999	-9999
4	26	3	-9999	11.17	6.57	1.118	-9999	0	-9999	0	-9999	-9999
4	27	2	-9999	10.67	2.57	1.068	-9999	0	-9999	0	-9999	-9999
4	28	5	-9999	5.07	0.07	0.934	-9999	38.8	-9999	0	-9999	-9999
4	29	12	-9999	9.67	-0.43	0.938	-9999	15.6	-9999	0	-9999	-9999
4	30	5	-9999	4.37	2.47	0.928	-9999	3.2	-9999	0	-9999	-9999
5	1	11	-9999	8.57	2.17	0.951	-9999	23.2	-9999	0	-9999	-9999
5	2	15	-9999	11.47	2.87	0.938	-9999	4	-9999	0	-9999	-9999
5	3	20	-9999	15.27	3.67	0.994	-9999	0.2	-9999	0	-9999	-9999
5	4	19	-9999	18.07	4.27	0.998	-9999	0	-9999	0	-9999	-9999
5	5	26	-9999	19.47	2.47	0.964	-9999	0	-9999	0	-9999	-9999
5	6	9	-9999	10.97	3.37	0.994	-9999	0	-9999	0	-9999	-9999
5	7	20	-9999	15.17	2.57	1.034	-9999	0	-9999	0	-9999	-9999
5	8	11	-9999	15.87	6.87	1.124	-9999	0	-9999	0	-9999	-9999
5	9	24	-9999	22.07	6.17	1.174	-9999	0	-9999	0	-9999	-9999
5	10	26	-9999	24.47	7.27	1.211	-9999	0	-9999	0	-9999	-9999
5	11	25	-9999	24.17	7.97	1.178	-9999	0	-9999	0	-9999	-9999
5	12	25	-9999	25.17	8.67	1.191	-9999	0	-9999	0	-9999	-9999
5	13	26	-9999	25.67	9.37	1.258	-9999	0	-9999	0	-9999	-9999
5	14	24	-9999	23.17	9.07	1.431	-9999	0	-9999	0	-9999	-9999
5	15	27	-9999	20.87	6.27	1.311	-9999	2.2	-9999	0	-9999	-9999
5	16	20	-9999	16.17	7.77	1.074	-9999	0.2	-9999	0	-9999	-9999
5	17	28	-9999	18.27	3.77	1.061	-9999	0.4	-9999	0	-9999	-9999
5	18	29	-9999	20.07	1.57	0.901	-9999	0	-9999	0	-9999	-9999
5	19	28	-9999	21.77	3.97	0.928	-9999	0	-9999	0	-9999	-9999
5	20	26	-9999	22.37	6.37	1.024	-9999	0	-9999	0	-9999	-9999
5	21	24	-9999	20.07	8.17	1.331	-9999	0	-9999	0	-9999	-9999
5	22	28	-9999	22.57	8.07	1.364	-9999	0	-9999	0	-9999	-9999
5	23	26	-9999	19.87	5.07	1.348	-9999	0	-9999	0	-9999	-9999
5	24	17	-9999	15.47	5.67	1.291	-9999	0.4	-9999	0	-9999	-9999
5	25	26	-9999	19.07	4.17	1.211	-9999	4	-9999	0	-9999	-9999
5	26	18	-9999	16.67	8.37	1.278	-9999	0	-9999	0	-9999	-9999
5	27	6	-9999	9.37	6.77	1.311	-9999	2.2	-9999	0	-9999	-9999
5	28	2	-9999	8.47	5.47	1.371	-9999	32.4	-9999	0	-9999	-9999
5	29	6	-9999	10.87	5.47	1.338	-9999	103.2	-9999	0	-9999	-9999
5	30	22	-9999	15.67	4.37	1.324	-9999	26.8	-9999	0	-9999	-9999
5	31	6	-9999	13.17	6.87	1.348	-9999	0.8	-9999	0	-9999	-9999
6	1	26	-9999	18.77	3.97	1.318	-9999	25.8	-9999	0	-9999	-9999
6	2	22	-9999	19.27	6.77	1.504	-9999	0.2	-9999	0	-9999	-9999
6	3	7	-9999	17.57	9.77	1.668	-9999	0	-9999	0	-9999	-9999
6	4	25	-9999	22.77	9.57	1.808	-9999	11	-9999	0	-9999	-9999
6	5	21	-9999	23.77	12.27	1.991	-9999	0.2	-9999	0	-9999	-9999
6	6	14	-9999	22.07	12.37	1.961	-9999	1	-9999	0	-9999	-9999
6	7	13	-9999	17.27	10.67	1.811	-9999	30.2	-9999	0	-9999	-9999
6	8	30	-9999	22.67	7.37	1.554	-9999	37.6	-9999	0	-9999	-9999
6	9	29	-9999	23.17	7.67	1.601	-9999	0.2	-9999	0	-9999	-9999
6	10	5	-9999	18.97	10.17	1.654	-9999	0	-9999	0	-9999	-9999
6	11	18	-9999	18.27	5.87	1.404	-9999	25.6	-9999	0	-9999	-9999
6	12	23	-9999	14.17	6.27	0.978	-9999	3.8	-9999	0	-9999	-9999
6	13	32	-9999	17.67	4.17	0.671	-9999	0	-9999	0	-9999	-9999
6	14	23	-9999	18.17	3.77	1.088	-9999	0	-9999	0	-9999	-9999
6	15	24	-9999	15.57	5.37	1.404	-9999	0	-9999	0	-9999	-9999
6	16	28	-9999	18.37	4.47	1.288	-9999	1.4	-9999	0	-9999	-9999
6	17	30	-9999	20.87	5.97	1.244	-9999	0.2	-9999	0	-9999	-9999
6	18	28	-9999	21.07	6.17	1.358	-9999	0	-9999	0	-9999	-9999
6	19	30	-9999	24.87	7.87	1.551	-9999	0	-9999	0	-9999	-9999
6	20	28	-9999	23.77	10.67	1.751	-9999	0	-9999	0	-9999	-9999
6	21	27	-9999	24.87	12.57	1.811	-9999	0	-9999	0	-9999	-9999
6	22	26	-9999	27.87	14.77	2.051	-9999	0	-9999	0	-9999	-9999
6	23	27	-9999	26.97	12.97	1.934	-9999	0	-9999	0	-9999	-9999
6	24	26	-9999	23.07	12.27	1.871	-9999	13	-9999	0	-9999	-9999
6	25	22	-9999	24.37	13.87	1.881	-9999	0.4	-9999	0	-9999	-9999
6	26	8	-9999	19.97	13.37	1.964	-9999	0.8	-9999	0	-9999	-9999
6	27	18	-9999	23.37	12.67	2.068	-9999	4	-9999	0	-9999	-9999
6	28	21	-9999	24.17	12.47	2.164	-9999	6.6	-9999	0	-9999	-9999
6	29	27	-9999	24.77	11.17	2.131	-9999	0.2	-9999	0	-9999	-9999
6	30	16	-9999	22.87	12.97	2.181	-9999	0	-9999	0	-9999	-9999
7	1	11	-9999	21.77	12.57	2.194	-9999	0	-9999	0	-9999	-9999
7	2	25	-9999	24.77	11.87	2.068	-9999	23.6	-9999	0	-9999	-9999
7	3	14	-9999	20.17	11.47	1.814	-9999	24.6	-9999	0	-9999	-9999
7	4	30	-9999	25.37	11.17	1.371	-9999	0.6	-9999	0	-9999	-9999
7	5	28	-9999	25.97	9.87	1.534	-9999	0	-9999	0	-9999	-9999
7	6	27	-9999	24.17	10.07	1.878	-9999	0	-9999	0	-9999	-9999
7	7	12	-9999	19.77	10.87	1.884	-9999	0	-9999	0	-9999	-9999
7	8	27	-9999	19.07	7.87	1.201	-9999	0.4	-9999	0	-9999	-9999
7	9	23	-9999	22.87	5.97	1.061	-9999	0	-9999	0	-9999	-9999
7	10	28	-9999	24.27	9.37	1.431	-9999	0	-9999	0	-9999	-9999
7	11	28	-9999	24.87	10.47	1.784	-9999	0	-9999	0	-9999	-9999
7	12	28	-9999	26.97	10.97	1.971	-9999	0	-9999	0	-9999	-9999
7	13	13	-9999	22.57	12.27	2.024	-9999	0	-9999	0	-9999	-9999
7	14	27	-9999	25.07	9.37	1.831	-9999	4	-9999	0	-9999	-9999
7	15	27	-9999	21.07	7.47	1.501	-9999	0	-9999	0	-9999	-9999
7	16	23	-9999	19.67	8.47	1.494	-9999	0	-9999	0	-9999	-9999
7	17	28	-9999	25.17	8.17	1.724	-9999	0	-9999	0	-9999	-9999
7	18	24	-9999	25.17	10.57	1.968	-9999	0	-9999	0	-9999	-9999
7	19	20	-9999	26.67	13.17	2.191	-9999	0	-9999	0	-9999	-9999
7	20	22	-9999	28.07	14.77	2.388	-9999	0	-9999	0	-9999	-9999
7	21	15	-9999	25.57	15.07	2.348	-9999	0	-9999	0	-9999	-9999
7	22	17	-9999	27.07	14.57	2.061	-9999	0.4	-9999	0	-9999	-9999
7	23	23	-9999	29.27	13.77	1.878	-9999	0	-9999	0	-9999	-9999
7	24	25	-9999	28.77	14.07	2.064	-9999	0	-9999	0	-9999	-9999
7	25	21	-9999	26.37	14.77	2.308	-9999	0	-9999	0	-9999	-9999
7	26	24	-9999	26.27	14.37	2.131	-9999	0	-9999	0	-9999	-9999
7	27	7	-9999	19.87	10.57	2.121	-9999	0	-9999	0	-9999	-9999
7	28	22	-9999	25.17	10.17	1.591	-9999	15.4	-9999	0	-9999	-9999
7	29	27	-9999	24.47	9.77	1.731	-9999	0.2	-9999	0	-9999	-9999
7	30	20	-9999	24.77	12.27	1.871	-9999	0	-9999	0	-9999	-9999
7	31	10	-9999	21.27	13.97	2.094	-9999	0	-9999	0	-9999	-9999
8	1	7	-9999	17.97	12.67	2.058	-9999	5.4	-9999	0	-9999	-9999
8	2	15	-9999	23.17	12.97	1.988	-9999	97.2	-9999	0	-9999	-9999
8	3	8	-9999	17.97	11.57	1.918	-9999	7.8	-9999	0	-9999	-9999
8	4	14	-9999	23.77	11.47	1.811	-9999	13.8	-9999	0	-9999	-9999
8	5	25	-9999	26.77	12.57	1.974	-9999	0	-9999	0	-9999	-9999
8	6	25	-9999	25.17	10.67	1.811	-9999	0	-9999	0	-9999	-9999
8	7	24	-9999	25.97	13.77	1.718	-9999	0	-9999	0	-9999	-9999
8	8	24	-9999	27.37	14.17	1.884	-9999	0	-9999	0	-9999	-9999
8	9	24	-9999	27.47	14.77	1.988	-9999	0	-9999	0	-9999	-9999
8	10	22	-9999	27.87	15.27	2.214	-9999	0	-9999	0	-9999	-9999
8	11	22	-9999	29.57	15.07	2.064	-9999	0	-9999	0	-9999	-9999
8	12	16	-9999	26.77	15.57	2.081	-9999	0	-9999	0	-9999	-9999
8	13	15	-9999	26.67	13.17	2.038	-9999	0.4	-9999	0	-9999	-9999
8	14	21	-9999	25.57	13.07	2.078	-9999	0.2	-9999	0	-9999	-9999
8	15	12	-9999	26.27	13.97	2.191	-9999	0	-9999	0	-9999	-9999
8	16	18	-9999	27.37	13.37	2.181	-9999	0.6	-9999	0	-9999	-9999
8	17	14	-9999	25.87	12.27	1.998	-9999	0	-9999	0	-9999	-9999
8	18	14	-9999	22.77	11.47	2.008	-9999	62	-9999	0	-9999	-9999
8	19	21	-9999	24.87	10.47	1.904	-9999	3.4	-9999	0	-9999	-9999
8	20	22	-9999	23.67	9.97	1.821	-9999	25	-9999	0	-9999	-9999
8	21	14	-9999	21.97	11.87	1.908	-9999	0.2	-9999	0	-9999	-9999
8	22	18	-9999	25.07	11.57	1.718	-9999	0	-9999	0	-9999	-9999
8	23	22	-9999	27.17	12.97	1.788	-9999	0	-9999	0	-9999	-9999
8	24	9	-9999	19.27	10.67	1.851	-9999	0	-9999	0	-9999	-9999
8	25	22	-9999	21.57	7.37	1.178	-9999	0	-9999	0	-9999	-9999
8	26	21	-9999	21.47	8.67	1.468	-9999	0	-9999	0	-9999	-9999
8	27	19	-9999	22.77	8.77	1.634	-9999	0	-9999	0	-9999	-9999
8	28	22	-9999	18.57	5.87	1.278	-9999	0	-9999	0	-9999	-9999
8	29	21	-9999	18.47	7.17	1.128	-9999	0	-9999	0	-9999	-9999
8	30	19	-9999	18.77	7.17	1.131	-9999	0	-9999	0	-9999	-9999
8	31	20	-9999	19.97	5.87	1.378	-9999	0	-9999	0	-9999	-9999
9	1	10	-9999	20.27	9.37	1.678	-9999	0	-9999	0	-9999	-9999
9	2	14	-9999	19.77	10.07	1.884	-9999	0	-9999	0	-9999	-9999
9	3	7	-9999	17.07	10.67	1.971	-9999	0	-9999	0	-9999	-9999
9	4	10	-9999	18.77	10.47	1.938	-9999	21.2	-9999	0	-9999	-9999
9	5	18	-9999	20.57	8.17	1.401	-9999	25	-9999	0	-9999	-9999
9	6	20	-9999	21.27	6.57	1.121	-9999	56.6	-9999	0	-9999	-9999
9	7	2	-9999	13.17	8.77	1.484	-9999	0	-9999	0	-9999	-9999
9	8	16	-9999	20.07	9.67	1.558	-9999	0.2	-9999	0	-9999	-9999
9	9	19	-9999	21.97	9.77	1.601	-9999	0.2	-9999	0	-9999	-9999
9	10	7	-9999	19.87	10.17	1.738	-9999	0	-9999	0	-9999	-9999
9	11	2	-9999	13.47	10.67	1.781	-9999	0	-9999	0	-9999	-9999
9	12	15	-9999	16.17	4.97	1.214	-9999	112.8	-9999	0	-9999	-9999
9	13	15	-9999	14.77	2.27	0.751	-9999	3.2	-9999	0	-9999	-9999
9	14	15	-9999	13.97	3.47	0.611	-9999	0	-9999	0	-9999	-9999
9	15	19	-9999	17.67	3.07	0.768	-9999	0	-9999	0	-9999	-9999
9	16	16	-9999	18.37	4.77	1.101	-9999	0	-9999	0	-9999	-9999
9	17	18	-9999	17.37	6.17	1.041	-9999	0	-9999	0	-9999	-9999
9	18	17	-9999	19.97	4.37	1.021	-9999	0	-9999	0	-9999	-9999
9	19	16	-9999	18.07	4.77	1.261	-9999	0	-9999	0	-9999	-9999
9	20	13	-9999	15.17	5.97	1.168	-9999	0	-9999	0	-9999	-9999
9	21	16	-9999	18.07	5.17	1.168	-9999	0	-9999	0	-9999	-9999
9	22	2	-9999	11.27	4.77	1.224	-9999	0	-9999	0	-9999	-9999
9	23	10	-9999	14.27	4.37	1.254	-9999	0	-9999	0	-9999	-9999
9	24	15	-9999	17.17	5.87	1.278	-9999	0.2	-9999	0	-9999	-9999
9	25	2	-9999	10.07	6.57	1.371	-9999	0	-9999	0	-9999	-9999
9	26	1	-9999	9.87	7.67	1.441	-9999	0	-9999	0	-9999	-9999
9	27	7	-9999	13.67	6.87	1.448	-9999	26	-9999	0	-9999	-9999
9	28	12	-9999	16.97	5.47	1.284	-9999	3.8	-9999	0	-9999	-9999
9	29	12	-9999	15.87	4.57	1.341	-9999	0.2	-9999	0	-9999	-9999
9	30	1	-9999	10.87	8.37	1.424	-9999	0.6	-9999	0	-9999	-9999
10	1	2	-9999	9.07	2.67	1.268	-9999	34.6	-9999	0	-9999	-9999
10	2	8	-9999	12.27	2.37	1.091	-9999	32.6	-9999	0	-9999	-9999
10	3	13	-9999	13.77	2.47	1.151	-9999	1.2	-9999	0	-9999	-9999
10	4	2	-9999	7.27	5.47	1.224	-9999	0.2	-9999	0	-9999	-9999
10	5	3	-9999	8.17	5.47	1.198	-9999	9.8	-9999	0	-9999	-9999
10	6	3	-9999	10.27	5.57	1.291	-9999	8	-9999	0	-9999	-9999
10	7	10	-9999	13.97	4.77	1.231	-9999	58.6	-9999	0	-9999	-9999
10	8	2	-9999	7.17	5.57	1.178	-9999	19.2	-9999	0	-9999	-9999
10	9	7	-9999	9.37	4.27	1.124	-9999	17.2	-9999	0	-9999	-9999
10	10	10	-9999	10.87	3.27	1.051	-9999	9.4	-9999	0	-9999	-9999
10	11	10	-9999	12.67	2.27	1.058	-9999	0.2	-9999	0	-9999	-9999
10	12	12	-9999	15.87	3.07	1.018	-9999	0	-9999	0	-9999	-9999
10	13	12	-9999	14.57	1.17	0.691	-9999	0	-9999	0	-9999	-9999
10	14	12	-9999	14.07	2.47	0.871	-9999	0	-9999	0	-9999	-9999
10	15	11	-9999	13.97	4.07	1.111	-9999	0	-9999	0	-9999	-9999
10	16	10	-9999	12.87	3.97	1.241	-9999	0	-9999	0	-9999	-9999
10	17	1	-9999	9.57	7.97	1.364	-9999	0	-9999	0	-9999	-9999
10	18	6	-9999	12.97	7.67	1.331	-9999	2.8	-9999	0	-9999	-9999
10	19	2	-9999	9.07	1.87	1.204	-9999	4.2	-9999	0	-9999	-9999
10	20	11	-9999	13.87	0.67	0.754	-9999	4.6	-9999	0	-9999	-9999
10	21	6	-9999	8.67	0.17	0.838	-9999	0	-9999	0	-9999	-9999
10	22	10	-9999	10.67	0.37	0.911	-9999	0	-9999	0	-9999	-9999
10	23	8	-9999	12.57	1.27	0.908	-9999	0	-9999	0	-9999	-9999
10	24	10	-9999	16.27	3.27	0.958	-9999	0	-9999	0	-9999	-9999
10	25	7	-9999	12.87	3.27	0.981	-9999	0.2	-9999	0	-9999	-9999
10	26	10	-9999	11.97	1.77	0.574	-9999	15.6	-9999	0	-9999	-9999
10	27	10	-9999	14.07	2.07	0.551	-9999	0	-9999	0	-9999	-9999
10	28	10	-9999	14.77	1.87	0.834	-9999	0	-9999	0	-9999	-9999
10	29	8	-9999	13.97	3.17	0.758	-9999	0	-9999	0	-9999	-9999
10	30	8	-9999	12.07	3.27	0.391	-9999	0	-9999	0	-9999	-9999
10	31	8	-9999	12.47	1.57	0.731	-9999	0	-9999	0	-9999	-9999
11	1	7	-9999	12.07	1.57	0.908	-9999	0	-9999	0	-9999	-9999
11	2	8	-9999	12.97	2.17	0.894	-9999	0.6	-9999	0	-9999	-9999
11	3	2	-9999	6.57	3.47	1.058	-9999	0	-9999	0	-9999	-9999
11	4	4	-9999	8.87	4.27	1.078	-9999	0.2	-9999	0	-9999	-9999
11	5	8	-9999	11.57	-1.03	0.641	-9999	0	-9999	0	-9999	-9999
11	6	8	-9999	9.07	-2.23	0.714	-9999	0	-9999	0	-9999	-9999
11	7	8	-9999	8.77	-1.33	0.628	-9999	0	-9999	0	-9999	-9999
11	8	8	-9999	8.47	-2.63	0.634	-9999	0	-9999	0	-9999	-9999
11	9	7	-9999	13.27	0.37	0.801	-9999	0	-9999	0	-9999	-9999
11	10	3	-9999	6.67	1.77	0.901	-9999	0	-9999	0	-9999	-9999
11	11	8	-9999	10.17	-2.33	0.581	-9999	0	-9999	0	-9999	-9999
11	12	5	-9999	5.67	-3.03	0.418	-9999	0	-9999	0	-9999	-9999
11	13	6	-9999	6.57	-2.83	0.538	-9999	0	-9999	0	-9999	-9999
11	14	5	-9999	4.27	-2.93	0.588	-9999	0	-9999	0	-9999	-9999
11	15	6	-9999	8.47	-2.63	0.438	-9999	0	-9999	0	-9999	-9999
11	16	6	-9999	6.57	-0.93	0.321	-9999	0	-9999	0	-9999	-9999
11	17	7	-9999	6.17	-4.73	0.264	-9999	0	-9999	0	-9999	-9999
11	18	6	-9999	2.27	-6.73	0.391	-9999	0	-9999	0	-9999	-9999
11	19	6	-9999	1.37	-8.33	0.458	-9999	0	-9999	0	-9999	-9999
11	20	6	-9999	4.27	-7.33	0.378	-9999	0	-9999	0	-9999	-9999
11	21	6	-9999	0.77	-9.43	0.294	-9999	0	-9999	0	-9999	-9999
11	22	5	-9999	-1.73	-11.13	0.298	-9999	0	-9999	0	-9999	-9999
11	23	6	-9999	0.77	-8.03	0.334	-9999	0	-9999	0	-9999	-9999
11	24	4	-9999	1.87	-3.83	0.548	-9999	0	-9999	0	-9999	-9999
11	25	3	-9999	2.57	-4.13	0.644	-9999	0	-9999	0	-9999	-9999
11	26	6	-9999	2.27	-4.63	0.638	-9999	1	-9999	0	-9999	-9999
11	27	5	-9999	4.67	-4.23	0.618	-9999	0	-9999	0	-9999	-9999
11	28	6	-9999	5.27	-4.93	0.518	-9999	0	-9999	0	-9999	-9999
11	29	5	-9999	1.57	-5.23	0.484	-9999	0	-9999	0	-9999	-9999
11	30	2	-9999	0.07	-4.43	0.561	-9999	0	-9999	0	-9999	-9999
12	1	5	-9999	3.47	-3.33	0.588	-9999	0	-9999	0	-9999	-9999
12	2	1	-9999	-0.73	-3.13	0.548	-9999	0	-9999	0	-9999	-9999
12	3	1	-9999	1.47	-3.03	0.584	-9999	0	-9999	0	-9999	-9999
12	4	5	-9999	7.57	-3.43	0.548	-9999	0	-9999	0	-9999	-9999
12	5	5	-9999	3.07	-3.93	0.331	-9999	0	-9999	0	-9999	-9999
12	6	6	-9999	-0.43	-4.23	0.234	-9999	0	-9999	0	-9999	-9999
12	7	5	-9999	1.57	-5.53	0.194	-9999	0	-9999	0	-9999	-9999
12	8	5	-9999	2.47	-7.43	0.224	-9999	0	-9999	0	-9999	-9999
12	9	4	-9999	-0.73	-7.63	0.314	-9999	0	-9999	0	-9999	-9999
12	10	5	-9999	2.47	-5.03	0.464	-9999	0	-9999	0	-9999	-9999
12	11	3	-9999	0.67	-5.43	0.448	-9999	0	-9999	0	-9999	-9999
12	12	3	-9999	4.07	-4.83	0.464	-9999	0	-9999	0	-9999	-9999
12	13	5	-9999	15.67	-1.73	0.458	-9999	0	-9999	0	-9999	-9999
12	14	4	-9999	11.17	1.57	0.428	-9999	0	-9999	0	-9999	-9999
12	15	4	-9999	12.67	2.27	0.454	-9999	0	-9999	0	-9999	-9999
12	16	4	-9999	13.87	1.57	0.478	-9999	0	-9999	0	-9999	-9999
12	17	4	-9999	7.97	-1.23	0.494	-9999	0	-9999	0	-9999	-9999
12	18	4	-9999	8.77	-0.63	0.468	-9999	0	-9999	0	-9999	-9999
12	19	4	-9999	8.17	-1.73	0.581	-9999	0	-9999	0	-9999	-9999
12	20	1	-9999	-0.93	-3.83	0.611	-9999	0	-9999	0	-9999	-9999
12	21	5	-9999	3.27	-6.43	0.521	-9999	0.2	-9999	0	-9999	-9999
12	22	5	-9999	0.77	-7.33	0.334	-9999	0	-9999	0	-9999	-9999
12	23	5	-9999	-0.83	-8.33	0.384	-9999	0	-9999	0	-9999	-9999
12	24	2	-9999	-3.03	-8.03	0.401	-9999	0	-9999	0	-9999	-9999
12	25	5	-9999	1.47	-7.93	0.388	-9999	0	-9999	0	-9999	-9999
12	26	4	-9999	2.47	-5.43	0.391	-9999	0	-9999	0	-9999	-9999
12	27	3	-9999	3.07	-4.13	0.494	-9999	0	-9999	0	-9999	-9999
12	28	1	-9999	2.47	-1.73	0.538	-9999	0	-9999	0	-9999	-9999
12	29	1	-9999	2.47	-3.03	0.601	-9999	0	-9999	0	-9999	-9999
12	30	-9999	-9999	1.87	-1.03	0.651	-9999	0	-9999	0	-9999	-9999
12	31	-9999	-9999	-1.03	-2.33	0.654	-9999	0	-9999	0	-9999	-9999

