
n_days	Rg_f	Ta_min	Ta_max	VPD_f 	 Ts_f  	Precip 	SWC	LAI
1	8.98	5,9	13,1	-9999	0.20	0,4	-9999	0.00
2	8.98	6,4	13,2	-9999	0.20	2	-9999	0.00
3	8.98	1,6	8,5	-9999	0.20	3	-9999	0.00
4	8.98	0,3	4,8	-9999	0.20	4	-9999	0.00
5	8.98	2,1	8,6	-9999	0.20	5	-9999	0.00
6	8.98	3,8	12,9	-9999	0.20	6	-9999	0.00
7	8.98	9,8	14	-9999	0.20	7	-9999	0.00
8	8.98	8,3	16,3	-9999	0.20	8	-9999	0.00
9	8.98	5,6	16,1	-9999	0.20	9	-9999	0.00
10	8.98	8,6	16,9	-9999	0.20	10	-9999	0.00
11	8.98	7,2	14,3	-9999	0.20	11	-9999	0.00
12	8.98	5,7	12,6	-9999	0.20	12	-9999	0.00
13	8.98	3,5	15,1	-9999	0.20	13	-9999	0.00
14	8.98	3,6	13,9	-9999	0.20	14	-9999	0.00
15	8.98	6,8	15,8	-9999	0.20	15	-9999	0.00
16	8.98	5,3	18,4	-9999	0.20	16	-9999	0.00
17	8.98	4,4	16,9	-9999	0.20	17	-9999	0.00
18	8.98	4,8	12,9	-9999	0.20	18	-9999	0.00
19	8.98	7,1	10,1	-9999	0.20	19	-9999	0.00
20	8.98	2,3	8,6	-9999	0.20	20	-9999	0.00
21	8.98	0,5	4,1	-9999	0.20	21	-9999	0.00
22	8.98	0,7	4,5	-9999	0.20	22	-9999	0.00
23	8.98	0,8	4,5	-9999	0.20	23	-9999	0.00
24	8.98	-0,3	6,9	-9999	0.20	24	-9999	0.00
25	8.98	-0,4	11	-9999	0.20	25	-9999	0.00
26	8.98	1,2	8,3	-9999	0.20	26	-9999	0.00
27	8.98	3,3	11,8	-9999	0.20	27	-9999	0.00
28	8.98	3,7	10,3	-9999	0.16	28	-9999	0.00
29	8.98	4,4	10,2	-9999	0.16	29	-9999	0.00
30	8.98	4	9,7	-9999	0.16	30	-9999	0.00
31	8.98	3,2	11,4	-9999	0.16	31	-9999	0.00
1	12.63	3,7	10,8	-9999	0.16	0	-9999	0.00
2	12.63	3,5	12,1	-9999	0.16	0,6	-9999	0.00
3	12.63	2,7	10,8	-9999	0.16	0	-9999	0.00
4	12.63	4,3	15,2	-9999	0.16	0	-9999	0.00
5	12.63	6,2	19,5	-9999	0.16	1,4	-9999	0.00
6	12.63	7,2	20	-9999	0.16	0,2	-9999	0.00
7	12.63	5,8	21,5	-9999	0.16	0	-9999	0.00
8	12.63	5,5	20,5	-9999	0.16	0	-9999	0.00
9	12.63	6,8	17,1	-9999	0.16	0	-9999	0.00
10	12.63	4,6	15,3	-9999	0.16	0	-9999	0.00
11	12.63	4,9	14,4	-9999	0.16	3,2	-9999	0.00
12	12.63	3,8	12,6	-9999	0.16	0	-9999	0.00
13	12.63	4,7	12,8	-9999	0.16	0	-9999	0.00
14	12.63	3,2	15,5	-9999	0.16	0	-9999	0.00
15	12.63	3,3	13,9	-9999	0.16	0	-9999	0.00
16	12.63	7,6	12,1	-9999	0.16	0	-9999	0.00
17	12.63	7,1	12,7	-9999	0.16	0	-9999	0.00
18	12.63	6,8	14,6	-9999	0.16	0	-9999	0.00
19	12.63	6,9	15,1	-9999	0.16	0	-9999	0.00
20	12.63	6,8	14	-9999	0.16	7,2	-9999	0.00
21	12.63	3,4	10,4	-9999	0.16	8,2	-9999	0.00
22	12.63	2,4	13,3	-9999	0.16	8,2	-9999	0.00
23	12.63	0	6,9	-9999	0.16	0	-9999	0.00
24	12.63	-0,8	7,1	-9999	0.16	0	-9999	0.00
25	12.63	0,4	7,7	-9999	0.16	0	-9999	0.00
26	12.63	0	7,5	-9999	0.16	0	-9999	0.00
27	12.63	0,8	7,7	-9999	0.16	0	-9999	0.00
28	12.63	4,8	12,7	-9999	0.16	0	-9999	0.00
1	15.61	3,6	11	-9999	0.26	11,6	-9999	0.00
2	15.61	2,5	8,1	-9999	0.26	0	-9999	0.00
3	15.61	2,9	11,8	-9999	0.26	0	-9999	0.00
4	15.61	4,7	11,1	-9999	0.26	0	-9999	0.00
5	15.61	4,9	7,4	-9999	0.26	0	-9999	0.00
6	15.61	4,5	14	-9999	0.26	0	-9999	0.00
7	15.61	0,4	8	-9999	0.26	0	-9999	0.00
8	15.61	-1,3	9,8	-9999	0.26	0	-9999	0.00
9	15.61	-1,1	11,2	-9999	0.26	0	-9999	0.00
10	15.61	0,3	13,1	-9999	0.26	0	-9999	0.00
11	15.61	1,4	15,1	-9999	0.26	0	-9999	0.00
12	15.61	2,8	13,1	-9999	0.26	0	-9999	0.00
13	15.61	7,4	12,4	-9999	0.26	0	-9999	0.00
14	15.61	11,6	16,9	-9999	0.26	0	-9999	0.00
15	15.61	11,6	20,7	-9999	0.26	0	-9999	0.00
16	15.61	9,6	14,7	-9999	0.26	21,6	-9999	0.00
17	15.61	9,1	13	-9999	0.26	3,8	-9999	0.00
18	15.61	7,4	16,8	-9999	0.26	0	-9999	0.00
19	15.61	8,2	16,2	-9999	0.26	0	-9999	0.00
20	15.61	4,5	10,5	-9999	0.26	16	-9999	0.00
21	15.61	3,6	10,5	-9999	0.26	6,4	-9999	0.00
22	15.61	4,3	17,2	-9999	0.26	0	-9999	0.00
23	15.61	5,2	19,1	-9999	0.26	0	-9999	0.00
24	15.61	7,4	22,1	-9999	0.26	0	-9999	0.00
25	15.61	5,1	18,1	-9999	0.26	0	-9999	0.00
26	15.61	7,3	18	-9999	0.26	0	-9999	0.00
27	15.61	7,2	18,2	-9999	0.26	7	-9999	0.00
28	15.61	8,9	15,7	-9999	0.26	0,2	-9999	0.00
29	15.61	7,1	16,6	-9999	0.26	0	-9999	0.00
30	15.61	6,7	20,6	-9999	0.26	15,8	-9999	0.00
31	15.61	8,7	21	-9999	0.26	0,2	-9999	0.00
1	20.52	9,8	23,7	-9999	0.20	0	-9999	0.78
2	20.52	12,9	26,2	-9999	0.20	18,2	-9999	0.78
3	20.52	10,5	25,4	-9999	0.20	9,2	-9999	0.78
4	20.52	11,3	23,6	-9999	0.20	0,2	-9999	0.78
5	20.52	9,6	16,9	-9999	0.20	3,6	-9999	0.78
6	20.52	9,6	21,7	-9999	0.20	0	-9999	0.78
7	20.52	14	27,7	-9999	0.20	0	-9999	0.78
8	20.52	13,6	26,8	-9999	0.20	0	-9999	0.78
9	20.52	9	24,8	-9999	0.20	0	-9999	0.78
10	20.52	10,5	24,1	-9999	0.20	0	-9999	0.78
11	20.52	12,2	25	-9999	0.20	0	-9999	0.78
12	20.52	10,4	23,3	-9999	0.20	0	-9999	0.78
13	20.52	5,9	15,2	-9999	0.20	10,6	-9999	0.78
14	20.52	4,6	15,8	-9999	0.20	0,2	-9999	0.78
15	20.52	7	12,3	-9999	0.20	1,8	-9999	0.78
16	20.52	6,9	16,4	-9999	0.20	32,6	-9999	0.78
17	20.52	7,1	18	-9999	0.20	12	-9999	0.78
18	20.52	8,1	20,2	-9999	0.20	0	-9999	0.78
19	20.52	8,4	21,5	-9999	0.20	0	-9999	0.78
20	20.52	9	23	-9999	0.20	0	-9999	0.78
21	20.52	9,6	23,1	-9999	0.20	0	-9999	0.78
22	20.52	10,4	22,1	-9999	0.20	0	-9999	0.78
23	20.52	12,2	18,1	-9999	0.20	0	-9999	0.78
24	20.52	11,5	23,2	-9999	0.20	0	-9999	0.78
25	20.52	12,5	16,9	-9999	0.20	0	-9999	0.78
26	20.52	12,3	18,8	-9999	0.20	0	-9999	0.78
27	20.52	11,1	19,4	-9999	0.20	0	-9999	0.78
28	20.52	9,8	20,1	-9999	0.16	9,2	-9999	0.78
29	20.52	10,3	21,1	-9999	0.16	0,2	-9999	0.78
30	20.52	11,2	16,4	-9999	0.16	14,2	-9999	0.78
1	26.13	12,1	23,4	-9999	0.16	0	-9999	1.98
2	26.13	9,7	19,6	-9999	0.16	0	-9999	1.98
3	26.13	12,6	24,3	-9999	0.16	0	-9999	1.98
4	26.13	11,9	23,7	-9999	0.16	0	-9999	1.98
5	26.13	8,8	21,1	-9999	0.16	0	-9999	1.98
6	26.13	8,8	23,2	-9999	0.16	0	-9999	1.98
7	26.13	9,8	23,8	-9999	0.16	0	-9999	1.98
8	26.13	9,4	24,6	-9999	0.16	0	-9999	1.98
9	26.13	10,2	18,1	-9999	0.16	0	-9999	1.98
10	26.13	11,9	23,1	-9999	0.16	0	-9999	1.98
11	26.13	12,1	27,5	-9999	0.16	0	-9999	1.98
12	26.13	15,6	28,7	-9999	0.16	0	-9999	1.98
13	26.13	14,2	28,2	-9999	0.16	1	-9999	1.98
14	26.13	12,1	26,5	-9999	0.16	3,2	-9999	1.98
15	26.13	10	22,2	-9999	0.16	7,2	-9999	1.98
16	26.13	9,1	18,9	-9999	0.16	0	-9999	1.98
17	26.13	8,6	20,6	-9999	0.16	0	-9999	1.98
18	26.13	11,3	24,2	-9999	0.16	0	-9999	1.98
19	26.13	12,3	26,7	-9999	0.16	0	-9999	1.98
20	26.13	13,2	28,5	-9999	0.16	0	-9999	1.98
21	26.13	14,6	29,1	-9999	0.16	0	-9999	1.98
22	26.13	14,2	29,5	-9999	0.16	0	-9999	1.98
23	26.13	14,7	29,4	-9999	0.16	3,8	-9999	1.98
24	26.13	17,7	29,2	-9999	0.16	0,4	-9999	1.98
25	26.13	16,9	29,2	-9999	0.16	7,2	-9999	1.98
26	26.13	18,6	31,9	-9999	0.16	0,2	-9999	1.98
27	26.13	16,5	28,6	-9999	0.16	0	-9999	1.98
28	26.13	15,6	26,5	-9999	0.16	0	-9999	1.98
29	26.13	15,1	25,9	-9999	0.16	0,4	-9999	1.98
30	26.13	14,6	28,7	-9999	0.26	0,8	-9999	1.98
31	26.13	14,3	25,8	-9999	0.26	0	-9999	1.98
1	27.92	15,3	25,9	-9999	0.26	0	-9999	2.98
2	27.92	15,6	26,1	-9999	0.26	3	-9999	2.98
3	27.92	17	31,1	-9999	0.26	0,2	-9999	2.98
4	27.92	17,4	30	-9999	0.26	1,8	-9999	2.98
5	27.92	16,2	27,5	-9999	0.26	0	-9999	2.98
6	27.92	15,9	29,5	-9999	0.26	0	-9999	2.98
7	27.92	17,5	26,5	-9999	0.26	0	-9999	2.98
8	27.92	16,6	24,5	-9999	0.26	0	-9999	2.98
9	27.92	15,8	27	-9999	0.26	0	-9999	2.98
10	27.92	14,3	26,4	-9999	0.26	0	-9999	2.98
11	27.92	15,9	26,6	-9999	0.26	0	-9999	2.98
12	27.92	15,1	27,8	-9999	0.26	0	-9999	2.98
13	27.92	16,4	28,4	-9999	0.26	0	-9999	2.98
14	27.92	15,5	29	-9999	0.26	0	-9999	2.98
15	27.92	16,6	29,9	-9999	0.26	10	-9999	2.98
16	27.92	16,7	30,8	-9999	0.26	0	-9999	2.98
17	27.92	16	29,4	-9999	0.26	0	-9999	2.98
18	27.92	17,6	29,9	-9999	0.26	0	-9999	2.98
19	27.92	19,1	31	-9999	0.26	0	-9999	2.98
20	27.92	17	30,3	-9999	0.26	0	-9999	2.98
21	27.92	15,6	32	-9999	0.26	0	-9999	2.98
22	27.92	16,7	32,6	-9999	0.26	0,4	-9999	2.98
23	27.92	16,3	32,6	-9999	0.26	0	-9999	2.98
24	27.92	17,5	32,2	-9999	0.26	0	-9999	2.98
25	27.92	19,4	29,5	-9999	0.26	0	-9999	2.98
26	27.92	17,8	32,3	-9999	0.26	0	-9999	2.98
27	27.92	19	33,5	-9999	0.26	0	-9999	2.98
28	27.92	20,4	35,3	-9999	0.26	0	-9999	2.98
29	27.92	22,3	33,7	-9999	0.26	0	-9999	2.98
30	27.92	19,9	31,3	-9999	0.20	0	-9999	2.98
1	27.76	19,2	29,9	-9999	0.20	0	-9999	4.30
2	27.76	16,9	28,7	-9999	0.20	11	-9999	4.30
3	27.76	16	29,9	-9999	0.20	1	-9999	4.30
4	27.76	16,9	29,9	-9999	0.20	3,6	-9999	4.30
5	27.76	16,6	28,8	-9999	0.20	4,4	-9999	4.30
6	27.76	18,1	31,8	-9999	0.20	2,4	-9999	4.30
7	27.76	18,6	32	-9999	0.20	1,8	-9999	4.30
8	27.76	19,3	32,6	-9999	0.20	0	-9999	4.30
9	27.76	21,4	34,6	-9999	0.20	8,2	-9999	4.30
10	27.76	19,2	35,6	-9999	0.20	0	-9999	4.30
11	27.76	19,9	34,1	-9999	0.20	0	-9999	4.30
12	27.76	21,2	37,4	-9999	0.20	0	-9999	4.30
13	27.76	23,1	36,8	-9999	0.20	0	-9999	4.30
14	27.76	19,2	30,5	-9999	0.20	2,2	-9999	4.30
15	27.76	18	30,4	-9999	0.20	0	-9999	4.30
16	27.76	15,6	30,4	-9999	0.20	0	-9999	4.30
17	27.76	17,2	30,4	-9999	0.20	0	-9999	4.30
18	27.76	20	29,2	-9999	0.20	0	-9999	4.30
19	27.76	18,7	28,6	-9999	0.20	0	-9999	4.30
20	27.76	17,6	26	-9999	0.20	0	-9999	4.30
21	27.76	15,4	29,2	-9999	0.20	0	-9999	4.30
22	27.76	17	29,6	-9999	0.20	0	-9999	4.30
23	27.76	18,5	27,7	-9999	0.20	0	-9999	4.30
24	27.76	16,4	26,5	-9999	0.20	0	-9999	4.30
25	27.76	14,5	24,9	-9999	0.20	0	-9999	4.30
26	27.76	14,4	28,7	-9999	0.20	0	-9999	4.30
27	27.76	17,7	23,5	-9999	0.16	0	-9999	4.30
28	27.76	17,3	27,4	-9999	0.16	0	-9999	4.30
29	27.76	17,4	27,6	-9999	0.16	0	-9999	4.30
30	27.76	17,5	29,3	-9999	0.16	0	-9999	4.30
31	27.76	16,3	29,3	-9999	0.16	-9999	-9999	4.30
1	24.88	16,5	30,7	-9999	0.16	4,4	-9999	2.36
2	24.88	18,1	33	-9999	0.16	54	-9999	2.36
3	24.88	19,8	34,5	-9999	0.16	0	-9999	2.36
4	24.88	19,7	31,1	-9999	0.16	0	-9999	2.36
5	24.88	19,7	33,1	-9999	0.16	21,6	-9999	2.36
6	24.88	19,5	32,2	-9999	0.16	0	-9999	2.36
7	24.88	17,9	32,1	-9999	0.16	0	-9999	2.36
8	24.88	19,5	30,3	-9999	0.16	0	-9999	2.36
9	24.88	20,7	32,1	-9999	0.16	0	-9999	2.36
10	24.88	17,8	27,6	-9999	0.16	0	-9999	2.36
11	24.88	15,7	31,2	-9999	0.16	0	-9999	2.36
12	24.88	16,5	31,8	-9999	0.16	0	-9999	2.36
13	24.88	18,3	31,7	-9999	0.16	0	-9999	2.36
14	24.88	16,7	32,8	-9999	0.16	0	-9999	2.36
15	24.88	18,4	30,8	-9999	0.16	0	-9999	2.36
16	24.88	18,5	35	-9999	0.16	0	-9999	2.36
17	24.88	21,5	36,1	-9999	0.16	0	-9999	2.36
18	24.88	20,7	35,9	-9999	0.16	0	-9999	2.36
19	24.88	20,2	34,7	-9999	0.16	0	-9999	2.36
20	24.88	20,7	38,5	-9999	0.16	0	-9999	2.36
21	24.88	24,4	37,9	-9999	0.16	0	-9999	2.36
22	24.88	23,9	39,1	-9999	0.16	0	-9999	2.36
23	24.88	23,3	37,2	-9999	0.16	3,4	-9999	2.36
24	24.88	23,9	37,6	-9999	0.16	0	-9999	2.36
25	24.88	22	37,8	-9999	0.16	4,8	-9999	2.36
26	24.88	21,7	37,4	-9999	0.16	0	-9999	2.36
27	24.88	20,6	32,6	-9999	0.16	29,8	-9999	2.36
28	24.88	18	32,6	-9999	0.26	0	-9999	2.36
29	24.88	17,4	31,2	-9999	0.26	0	-9999	2.36
30	24.88	16,4	31,5	-9999	0.26	0	-9999	2.36
31	24.88	16	32,3	-9999	0.26	0	-9999	2.36
1	18.53	17,6	32	-9999	0.26	0	-9999	1.30
2	18.53	19,7	34,9	-9999	0.26	0	-9999	1.30
3	18.53	22,1	35,1	-9999	0.26	0	-9999	1.30
4	18.53	19,6	31,6	-9999	0.26	0,2	-9999	1.30
5	18.53	17,2	27,8	-9999	0.26	0	-9999	1.30
6	18.53	17,6	32,8	-9999	0.26	0	-9999	1.30
7	18.53	18,5	30,3	-9999	0.26	0	-9999	1.30
8	18.53	17,2	31,7	-9999	0.26	0	-9999	1.30
9	18.53	16,6	31,3	-9999	0.26	0	-9999	1.30
10	18.53	17,6	32,5	-9999	0.26	0	-9999	1.30
11	18.53	17,8	33,4	-9999	0.26	0	-9999	1.30
12	18.53	17	30,9	-9999	0.26	0	-9999	1.30
13	18.53	17,1	33,1	-9999	0.26	0	-9999	1.30
14	18.53	18,9	32	-9999	0.26	0	-9999	1.30
15	18.53	18,7	33,3	-9999	0.26	0	-9999	1.30
16	18.53	19,5	33,6	-9999	0.26	0	-9999	1.30
17	18.53	17,5	31,9	-9999	0.26	0	-9999	1.30
18	18.53	16,3	29,5	-9999	0.26	0	-9999	1.30
19	18.53	12,3	23,3	-9999	0.26	0	-9999	1.30
20	18.53	11,3	20,5	-9999	0.26	0	-9999	1.30
21	18.53	15,1	26	-9999	0.26	0	-9999	1.30
22	18.53	17,2	30,1	-9999	0.26	0	-9999	1.30
23	18.53	16,9	29,1	-9999	0.26	0	-9999	1.30
24	18.53	15	28,3	-9999	0.26	0	-9999	1.30
25	18.53	16,3	28,5	-9999	0.26	0	-9999	1.30
26	18.53	16,4	27,5	-9999	0.26	0	-9999	1.30
27	18.53	18,1	27,6	-9999	0.26	0	-9999	1.30
28	18.53	17,6	26,9	-9999	0.20	0	-9999	1.30
29	18.53	16,6	27,6	-9999	0.20	0	-9999	1.30
30	18.53	15,7	27,9	-9999	0.20	0	-9999	1.30
1	14.36	16,5	29,7	-9999	0.20	0	-9999	0.00
2	14.36	16,5	29,4	-9999	0.20	0	-9999	0.00
3	14.36	15,8	29,6	-9999	0.20	0	-9999	0.00
4	14.36	14,9	29	-9999	0.20	1	-9999	0.00
5	14.36	16,6	29,8	-9999	0.20	0,8	-9999	0.00
6	14.36	13,9	26,4	-9999	0.20	0	-9999	0.00
7	14.36	13,5	23,7	-9999	0.20	0	-9999	0.00
8	14.36	9,8	19,7	-9999	0.20	0	-9999	0.00
9	14.36	8	16,2	-9999	0.20	0	-9999	0.00
10	14.36	7,3	19,6	-9999	0.20	0	-9999	0.00
11	14.36	13,3	29,4	-9999	0.20	0	-9999	0.00
12	14.36	12,8	28,2	-9999	0.20	0	-9999	0.00
13	14.36	13,7	23,7	-9999	0.20	0	-9999	0.00
14	14.36	10,9	19,1	-9999	0.20	0	-9999	0.00
15	14.36	8,4	16,6	-9999	0.20	0	-9999	0.00
16	14.36	8	16,9	-9999	0.20	0	-9999	0.00
17	14.36	7,3	20,7	-9999	0.20	0	-9999	0.00
18	14.36	8,6	21,4	-9999	0.20	0,6	-9999	0.00
19	14.36	11,3	19,5	-9999	0.20	65	-9999	0.00
20	14.36	9,7	18,8	-9999	0.20	0	-9999	0.00
21	14.36	8,5	15,1	-9999	0.20	0	-9999	0.00
22	14.36	7,4	19,6	-9999	0.20	0	-9999	0.00
23	14.36	8	19,2	-9999	0.20	0	-9999	0.00
24	14.36	8,7	20,7	-9999	0.20	0	-9999	0.00
25	14.36	13,5	21,8	-9999	0.16	0,2	-9999	0.00
26	14.36	12,8	21,9	-9999	0.16	0	-9999	0.00
27	14.36	10,6	16,4	-9999	0.16	0	-9999	0.00
28	14.36	9,4	19,3	-9999	0.16	0	-9999	0.00
29	14.36	11,6	21,9	-9999	0.16	0	-9999	0.00
30	14.36	11,2	19,4	-9999	0.16	0	-9999	0.00
31	14.36	9,6	19,3	-9999	0.16	-9999	-9999	0.00
1	9.25	10,4	18,8	-9999	0.16	0	-9999	0.00
2	9.25	10	19,1	-9999	0.16	0	-9999	0.00
3	9.25	9,8	20,3	-9999	0.16	0	-9999	0.00
4	9.25	14,3	20,4	-9999	0.16	0	-9999	0.00
5	9.25	16	18,3	-9999	0.16	0	-9999	0.00
6	9.25	11,7	19,1	-9999	0.16	0	-9999	0.00
7	9.25	12,1	19,2	-9999	0.16	0	-9999	0.00
8	9.25	11,9	19,1	-9999	0.16	0	-9999	0.00
9	9.25	10,5	22,1	-9999	0.16	0	-9999	0.00
10	9.25	10	19,7	-9999	0.16	0	-9999	0.00
11	9.25	8,9	16,9	-9999	0.16	0	-9999	0.00
12	9.25	6,8	14,6	-9999	0.16	0	-9999	0.00
13	9.25	5,2	15,3	-9999	0.16	0	-9999	0.00
14	9.25	5,1	14,5	-9999	0.16	0	-9999	0.00
15	9.25	3,4	16,5	-9999	0.16	0	-9999	0.00
16	9.25	5,2	16,2	-9999	0.16	0	-9999	0.00
17	9.25	5,2	17,3	-9999	0.16	0	-9999	0.00
18	9.25	4,1	17	-9999	0.16	0	-9999	0.00
19	9.25	4,1	13,4	-9999	0.16	0,8	-9999	0.00
20	9.25	4,5	15,8	-9999	0.16	6,6	-9999	0.00
21	9.25	5,7	14,9	-9999	0.16	0	-9999	0.00
22	9.25	7,9	12,2	-9999	0.16	0	-9999	0.00
23	9.25	10,1	16,4	-9999	0.16	0,2	-9999	0.00
24	9.25	8,3	15,6	-9999	0.16	0	-9999	0.00
25	9.25	7,8	18,3	-9999	0.16	0	-9999	0.00
26	9.25	7,4	16,3	-9999	0.26	24,6	-9999	0.00
27	9.25	5,5	17,1	-9999	0.26	0,2	-9999	0.00
28	9.25	5,9	14,7	-9999	0.26	0	-9999	0.00
29	9.25	6,9	18,2	-9999	0.26	0	-9999	0.00
30	9.25	5,5	15,4	-9999	0.26	0	-9999	0.00
1	7.15	6,9	18,6	-9999	0.26	0	-9999	0.00
2	7.15	8,5	17,4	-9999	0.26	0	-9999	0.00
3	7.15	11,5	17,5	-9999	0.26	0	-9999	0.00
4	7.15	10,9	17,7	-9999	0.26	0	-9999	0.00
5	7.15	11,8	14,6	-9999	0.26	0,2	-9999	0.00
6	7.15	6,9	15	-9999	0.26	10,4	-9999	0.00
7	7.15	6,3	15,2	-9999	0.26	8	-9999	0.00
8	7.15	7,5	17,6	-9999	0.26	1,8	-9999	0.00
9	7.15	7,2	14,9	-9999	0.26	0	-9999	0.00
10	7.15	11,1	15,6	-9999	0.26	0	-9999	0.00
11	7.15	9,8	15,3	-9999	0.26	0	-9999	0.00
12	7.15	9,8	14,8	-9999	0.26	0	-9999	0.00
13	7.15	5,7	14,5	-9999	0.26	0	-9999	0.00
14	7.15	7,7	14,8	-9999	0.26	0	-9999	0.00
15	7.15	9,3	15,1	-9999	0.26	0	-9999	0.00
16	7.15	7,9	13,8	-9999	0.26	0	-9999	0.00
17	7.15	2,9	13,4	-9999	0.26	0	-9999	0.00
18	7.15	1,2	6,1	-9999	0.26	0	-9999	0.00
19	7.15	1,6	7,6	-9999	0.26	0	-9999	0.00
20	7.15	0	9,2	-9999	0.26	0	-9999	0.00
21	7.15	1,6	9,4	-9999	0.26	0	-9999	0.00
22	7.15	2,8	8,8	-9999	0.26	2,4	-9999	0.00
23	7.15	3,1	12,9	-9999	0.26	0	-9999	0.00
24	7.15	2,7	10,3	-9999	0.26	0	-9999	0.00
25	7.15	4,9	10,6	-9999	0.26	0	-9999	0.00
26	7.15	3	11	-9999	0.26	0	-9999	0.00
27	7.15	4,6	12	-9999	0.16	0	-9999	0.00
28	7.15	1,6	13,6	-9999	0.16	0	-9999	0.00
29	7.15	2,1	12,1	-9999	0.16	0	-9999	0.00
30	7.15	3,5	11,7	-9999	0.16	0	-9999	0.00
31	7.15	1,9	10,2	-9999	0.16	-9999	-9999	0.00

