Month	n_days	Rg_f	Ta_f	Tmax	Tmin	VPD_f	Ts_f	Precip	SWC	LAI	ET	Litterfall
1	1	1.28133	-3.89219	-2.5	-5.89	0.199551	2.21458	0	25.9548	-9999	-9999	-9999
1	2	2.31394	-3.53187	-2.72	-4.7	0.745531	1.68083	0	25.6814	-9999	-9999	-9999
1	3	1.29474	-3.47396	-2.08	-5.16	0.606482	1.21583	0	25.3756	-9999	-9999	-9999
1	4	1.35272	-3.55437	-2.21	-4.58	0.970835	1.065	0	25.2418	-9999	-9999	-9999
1	5	2.93746	-4.61792	-3.16	-5.95	0.828536	0.670833	0	24.829	-9999	-9999	-9999
1	6	0.61434	-3.05375	-0.36	-5.23	0.886245	0.35625	0.2	24.6231	-9999	-9999	-9999
1	7	0.827568	2.60833	3.83	-0.17	0	0.60875	2.4	25.6062	-9999	-9999	-9999
1	8	0.593622	0.069375	0.98	-0.89	0.0205672	0.906667	0.6	26.3076	-9999	-9999	-9999
1	9	0.249588	-0.750833	0.31	-1.82	0.127227	1.28583	0	26.1553	-9999	-9999	-9999
1	10	1.01122	-1.33604	-0.89	-1.79	0.0301707	1.70375	0.2	26.0387	-9999	-9999	-9999
1	11	0.228222	0.846667	4.74	-1.05	0.0554932	1.85833	13.4	27.2894	-9999	-9999	-9999
1	12	1.11501	2.90375	4.04	2.17	0.29313	2.35604	0.6	28.1677	-9999	-9999	-9999
1	13	0.272808	1.54313	2.72	-0.39	0.0101419	2.62833	12	28.3872	-9999	-9999	-9999
1	14	0.428994	0.952292	2.26	0.29	0.0279322	2.34083	2.6	28.6576	-9999	-9999	-9999
1	15	2.62944	-0.22875	0.63	-0.87	0	1.9125	0.4	27.2742	-9999	-9999	-9999
1	16	0.325566	0.372292	1.59	-0.41	0	1.87542	6.8	28.1669	-9999	-9999	-9999
1	17	1.31877	-0.293542	0.8	-2.61	0.413762	2.13021	1.2	27.971	-9999	-9999	-9999
1	18	3.34472	-1.99083	0.4	-3.7	0.479482	1.72292	0	26.8407	-9999	-9999	-9999
1	19	1.91669	0.631667	2.24	-1.24	0.39557	1.62125	4	27.5934	-9999	-9999	-9999
1	20	1.60265	-1.47312	-0.22	-3.92	0.92733	1.63646	0	26.9158	-9999	-9999	-9999
1	21	4.08812	-5.51333	-4.16	-6.88	0.950893	1.2525	0	26.1202	-9999	-9999	-9999
1	22	2.44321	-6.71042	-4.03	-9.97	0.63577	0.610208	0	25.6317	-9999	-9999	-9999
1	23	1.27028	-2.65833	-1.31	-4.39	0.598147	0.392292	0	25.8384	-9999	-9999	-9999
1	24	0.54702	-1.99458	-1.13	-3.63	0.91232	0.492708	0	25.722	-9999	-9999	-9999
1	25	1.84885	-4.10604	-3.55	-4.67	0.328483	0.498958	0	25.4835	-9999	-9999	-9999
1	26	2.32202	-4.50292	-3.19	-5.64	0.437243	0.426667	0	25.452	-9999	-9999	-9999
1	27	5.06462	-5.15958	-3.9	-6.6	0.301809	0.0735417	0	24.889	-9999	-9999	-9999
1	28	1.45802	-2.00521	-0.99	-4.19	0.155973	0.0483333	0	25.1566	-9999	-9999	-9999
1	29	1.73224	-2.85938	-1.17	-5.07	0.105195	0.249167	0.6	25.3265	-9999	-9999	-9999
1	30	2.18592	-2.36021	1.25	-5.77	0.1547	0.306458	0.8	25.2881	-9999	-9999	-9999
1	31	0.563184	1.33104	3.77	0.05	0.473893	0.387292	16.6	26.416	-9999	-9999	-9999
2	1	2.75695	2.22479	5.34	0.43	0.282878	0.523125	4.8	29.2381	-9999	-9999	-9999
2	2	0.783774	3.75917	5.67	0.66	0.0741929	1.61958	10.6	28.8473	-9999	-9999	-9999
2	3	0.392742	6.83562	9.35	2.87	0.0394624	3.05437	6.2	28.2868	-9999	-9999	-9999
2	4	0.753786	7.60333	8.74	6.76	0.00563191	4.36042	5.4	28.5745	-9999	-9999	-9999
2	5	2.52949	7.79771	8.93	5.92	0.469938	4.69354	0.4	27.4478	-9999	-9999	-9999
2	6	1.2425	5.81104	7.44	3.84	0.257182	4.31792	1.4	26.9575	-9999	-9999	-9999
2	7	1.60812	3.98875	5.37	2.3	0.421284	3.99417	0.4	26.9736	-9999	-9999	-9999
2	8	1.86343	0.709167	2.48	-1.61	0.342116	3.37292	0.8	27.1681	-9999	-9999	-9999
2	9	5.56348	-0.493542	1.11	-1.46	1.1481	2.63458	0.4	26.9214	-9999	-9999	-9999
2	10	1.59556	-0.193958	1.56	-1.26	0.429543	2.03354	1	26.7341	-9999	-9999	-9999
2	11	5.11456	-1.49083	-0.31	-3.64	0.89794	2.02521	0.4	27.0959	-9999	-9999	-9999
2	12	1.72525	-2.35375	0.42	-4.34	0.719312	1.60063	0.2	26.3049	-9999	-9999	-9999
2	13	1.39133	0.244792	2.02	-2.22	0	1.76417	1.8	26.7412	-9999	-9999	-9999
2	14	4.00817	1.19479	4.45	-1.09	0.149722	2.45625	0.2	26.7893	-9999	-9999	-9999
2	15	4.02239	0.6	3.97	-1.78	0.280472	2.45833	0	26.4636	-9999	-9999	-9999
2	16	1.46223	1.11708	3.76	-0.76	0.0179696	2.49521	0	26.3737	-9999	-9999	-9999
2	17	4.40831	3.84979	5.82	2.68	0.971729	3.08792	0	26.2237	-9999	-9999	-9999
2	18	6.50846	1.45833	3.83	-0.51	1.16342	2.57833	0	26.1506	-9999	-9999	-9999
2	19	8.47726	-1.77417	0.3	-3.79	1.25124	1.93292	0	25.9422	-9999	-9999	-9999
2	20	9.06953	-1.04708	1.81	-2.64	1.27307	1.35187	0	25.7622	-9999	-9999	-9999
2	21	8.45114	-0.692083	1.79	-2.15	1.4243	1.09292	0	25.7905	-9999	-9999	-9999
2	22	3.55307	-0.541458	1.65	-2.39	0.674652	1.02542	0	25.7967	-9999	-9999	-9999
2	23	5.68598	-1.45854	-0.4	-2.42	0.907737	1.11542	0	25.7686	-9999	-9999	-9999
2	24	1.84635	-0.84125	0.31	-3.05	0.32668	0.994167	0.2	26.2342	-9999	-9999	-9999
2	25	6.55817	-0.274792	1.29	-1.56	0.67494	1.06917	0	26.5139	-9999	-9999	-9999
2	26	4.01801	0.0279167	1.04	-0.83	0.526091	1.15875	1	26.8133	-9999	-9999	-9999
2	27	3.63458	-1.12979	-0.55	-1.84	0.723085	1.28979	0	26.8953	-9999	-9999	-9999
2	28	5.78428	-0.916458	1.06	-2.48	1.06177	1.38292	0	26.5382	-9999	-9999	-9999
3	1	2.01704	1.06417	3.79	-3.92	0.330203	1.02167	0	26.0846	-9999	-9999	-9999
3	2	9.191	3.21563	7.14	0.62	0.788127	1.68292	0	26.0309	-9999	-9999	-9999
3	3	11.4248	-0.957708	1.02	-2.65	1.59632	1.40229	0	25.9435	-9999	-9999	-9999
3	4	7.74353	-2.65833	-1.36	-4.92	1.18922	0.9775	0	25.8544	-9999	-9999	-9999
3	5	10.3489	-1.48229	0.19	-2.73	1.53609	0.889167	0	25.7457	-9999	-9999	-9999
3	6	9.1913	-1.20979	0.77	-3.06	1.47372	0.773333	0	25.6809	-9999	-9999	-9999
3	7	5.59246	-0.826458	1.41	-2.31	0.980529	0.799583	0	25.6641	-9999	-9999	-9999
3	8	12.4499	-0.029375	1.84	-1.78	1.38501	0.832292	0	25.5994	-9999	-9999	-9999
3	9	4.53564	0.321042	2.01	-1.03	1.49612	0.999167	0	25.4822	-9999	-9999	-9999
3	10	2.83716	-0.148333	1.1	-1.65	0.719674	1.24333	0	25.4739	-9999	-9999	-9999
3	11	4.9925	1.34854	3.04	0.51	0.683891	1.82688	0	25.3056	-9999	-9999	-9999
3	12	4.50461	1.27479	2.74	0.61	0.852131	1.97833	0	25.245	-9999	-9999	-9999
3	13	1.7579	1.85938	5.22	0.13	0.473913	2.03667	3.4	25.6397	-9999	-9999	-9999
3	14	9.86976	6.06396	9.27	2.6	1.43475	2.82667	0.6	25.7451	-9999	-9999	-9999
3	15	7.5285	7.5925	9.59	6.1	1.32433	4.04542	0.8	25.6722	-9999	-9999	-9999
3	16	5.70679	7.71021	9.09	7.17	0.236917	4.83792	0.8	25.6408	-9999	-9999	-9999
3	17	12.6358	10.1487	14.18	6.43	1.38618	5.53812	0	25.39	-9999	-9999	-9999
3	18	11.0512	7.00083	10.55	3.83	1.81404	5.09625	1.2	25.3021	-9999	-9999	-9999
3	19	6.78791	6.50021	7.86	5.48	0.828842	5.31063	10	26.7116	-9999	-9999	-9999
3	20	6.55508	5.2675	8.04	3.18	1.19047	4.8675	10.4	27.5979	-9999	-9999	-9999
3	21	2.69158	3.56396	6.91	0.89	0.384253	4.705	11.2	28.961	-9999	-9999	-9999
3	22	7.31097	3.78708	6.04	2.79	0.613293	4.48729	2	28.4383	-9999	-9999	-9999
3	23	7.46638	3.56458	5.38	1.97	0.603756	4.40375	0	27.9563	-9999	-9999	-9999
3	24	2.55832	2.18521	3.37	0.45	0.306315	4.19542	0	27.5642	-9999	-9999	-9999
3	25	14.2309	0.198125	1.75	-0.98	1.37086	3.40625	0	27.4021	-9999	-9999	-9999
3	26	11.3889	-0.153542	1.4	-1.5	1.59329	2.96875	0	27.1938	-9999	-9999	-9999
3	27	5.36621	1.87146	3.9	-0.84	0.573511	2.72917	0.2	26.9542	-9999	-9999	-9999
3	28	11.7117	4.75521	8.34	1.96	0.860692	4.04417	1	26.8606	-9999	-9999	-9999
3	29	3.95048	5.89292	7.1	4.91	0.691558	4.69354	0	26.862	-9999	-9999	-9999
3	30	14.1704	5.84104	10.21	0.62	0.993529	4.52646	0	26.6743	-9999	-9999	-9999
3	31	17.1419	6.28969	10.62	2.62	2.10215	4.56255	0	26.5327	-9999	-9999	-9999
4	1	18.7796	3.59479	7.03	0.11	2.50867	4.41453	0	26.3341	-9999	-9999	-9999
4	2	18.9766	2.61833	4.67	0.2	2.26129	3.84646	0	26.2221	-9999	-9999	-9999
4	3	10.1494	4.12208	7.35	2.03	1.71947	3.98292	2.4	26.2121	-9999	-9999	-9999
4	4	4.82746	6.98396	8.65	4.34	0.754818	4.9925	3	26.7425	-9999	-9999	-9999
4	5	10.4287	5.05167	7.73	2.68	0.981975	4.72333	0.2	26.7264	-9999	-9999	-9999
4	6	3.497	2.91333	3.88	2.12	0.0459434	4.63646	9.2	27.4996	-9999	-9999	-9999
4	7	5.21433	3.28375	5.32	1.87	0.220593	4.67229	3	27.7457	-9999	-9999	-9999
4	8	5.01494	2.76563	4.85	0.74	0.121773	4.54417	0.6	27.5331	-9999	-9999	-9999
4	9	19.9493	6.36521	10.44	2.53	2.38938	4.85208	0.2	27.2361	-9999	-9999	-9999
4	10	21.7408	5.89146	8.81	2.52	3.63979	5.13688	0.2	26.9469	-9999	-9999	-9999
4	11	14.1057	5.09104	8.43	1.6	1.92314	4.5975	0	26.7688	-9999	-9999	-9999
4	12	8.15701	6.27583	9.15	4.91	1.40834	5.32104	0	26.5364	-9999	-9999	-9999
4	13	17.434	7.60854	11.64	3.94	2.75367	5.06625	0	26.3826	-9999	-9999	-9999
4	14	21.0899	8.1975	11.45	3.53	3.18858	5.36917	0	26.2002	-9999	-9999	-9999
4	15	21.7136	8.95979	14	4.87	4.8794	5.76979	0	26.0715	-9999	-9999	-9999
4	16	19.2385	9.735	15.41	4.49	5.55783	6.14479	0	26.0351	-9999	-9999	-9999
4	17	17.8197	9.55208	13.94	4.84	4.29749	6.50938	0	25.9281	-9999	-9999	-9999
4	18	16.5401	10.4179	14.22	7.13	3.08827	6.96708	0	25.9144	-9999	-9999	-9999
4	19	7.13293	8.605	11.63	5.45	0.868851	7.10333	8.2	26.5853	-9999	-9999	-9999
4	20	17.0349	7.65188	12.71	4.78	2.09822	7.25854	2	27.1097	-9999	-9999	-9999
4	21	19.9662	9.51165	14.48	5.08	3.79589	7.19273	0	26.5627	-9999	-9999	-9999
4	22	18.9085	10.6885	14.31	7.54	5.04621	7.7375	0	26.2592	-9999	-9999	-9999
4	23	3.78221	8.29979	10.24	7.06	1.29838	7.49021	0.4	26.1348	-9999	-9999	-9999
4	24	19.9858	9.62438	12.13	7.59	2.32793	7.90521	0	25.9964	-9999	-9999	-9999
4	25	15.2251	10.2554	12.88	7.24	2.12021	7.67458	1.6	25.8409	-9999	-9999	-9999
4	26	6.42809	7.91208	9.43	6.15	0.533907	7.96854	0.8	26.2159	-9999	-9999	-9999
4	27	11.0849	8.02417	10.52	4.96	2.06808	7.40333	0	25.9119	-9999	-9999	-9999
4	28	23.2297	8.57771	11.71	4.74	5.60744	7.43792	0	25.7015	-9999	-9999	-9999
4	29	18.5084	7.34708	11.16	3.99	4.14334	7.05333	0	25.6157	-9999	-9999	-9999
4	30	22.2386	9.40057	13.95	6.07	5.33015	7.42651	0	25.4909	-9999	-9999	-9999
5	1	14.1016	10.6671	14.9	6.4	4.71692	7.68	0	25.3808	-9999	-9999	-9999
5	2	21.9137	13.6092	18.84	7.68	4.58113	8.59083	0	25.3101	-9999	-9999	-9999
5	3	8.64423	10.0817	16.427	8.37	0.876455	8.50849	0.685714	25.2523	-9999	-9999	-9999
5	4	15.628	11.8119	15.6	8.12	2.53706	8.59625	0.8	25.007	-9999	-9999	-9999
5	5	12.8847	12.4388	18.2	9.41	1.85152	9.18854	5.4	25.7929	-9999	-9999	-9999
5	6	21.3123	13.6035	18.18	9.47	2.94928	9.58333	0	25.4049	-9999	-9999	-9999
5	7	12.1869	12.4512	14.41	11.04	3.06688	9.58708	0	24.9991	-9999	-9999	-9999
5	8	3.47449	10.4783	11.96	9.55	0.364702	9.25708	2.2	24.9477	-9999	-9999	-9999
5	9	22.5272	15.1512	19.29	11.44	5.46046	9.88708	0	24.912	-9999	-9999	-9999
5	10	20.6183	15.4829	18.83	11.12	5.94731	10.209	2	24.5411	-9999	-9999	-9999
5	11	8.32651	10.8739	12.46	9.35	1.21882	9.88255	0	24.6995	-9999	-9999	-9999
5	12	4.88202	9.61099	11.1	5.53	0.959732	9.47062	7.14894	24.8627	-9999	-9999	-9999
5	13	22.1666	7.496	10.088	4.5	3.06214	8.72202	0	25.9991	-9999	-9999	-9999
5	14	16.4914	8.88027	11.87	5.39	3.03257	8.28594	0	25.3652	-9999	-9999	-9999
5	15	11.4776	10.5788	13.23	7.42	2.1873	8.80781	1.42979	25.2017	-9999	-9999	-9999
5	16	23.1723	11.5062	15.55	8.22	3.29167	9.14083	0	24.8351	-9999	-9999	-9999
5	17	24.8495	11.8654	15.71	8.58	2.64631	9.44563	0	24.5255	-9999	-9999	-9999
5	18	23.3286	11.4779	14.44	8.86	3.97493	9.54604	0	24.1976	-9999	-9999	-9999
5	19	14.7746	10.655	13.74	7.96	3.22186	9.26937	0.2	24.012	-9999	-9999	-9999
5	20	23.6182	9.41021	11.5	6.45	4.18586	8.87833	0	23.9215	-9999	-9999	-9999
5	21	20.9093	7.03604	9.63	4.37	4.08205	8.20438	0	23.8076	-9999	-9999	-9999
5	22	20.0896	6.07552	9.42	3.27	2.08321	7.72458	4.48	24.1528	-9999	-9999	-9999
5	23	26.4158	8.12906	11.52	3.33	3.98763	7.77094	0.213333	24.6122	-9999	-9999	-9999
5	24	18.8153	9.82524	12.99	6.55667	3.52628	8.17552	0	24.021	-9999	-9999	-9999
5	25	16.5019	8.80401	10.73	6.3	3.38256	8.24432	0	23.8991	-9999	-9999	-9999
5	26	12.2799	8.35786	11.44	5.82	1.79522	8.03238	4.36364	24.1823	-9999	-9999	-9999
5	27	20.8809	11.1176	14.6	7.33	4.26844	8.50854	0	24.2292	-9999	-9999	-9999
5	28	10.646	8.79656	10.46	6.25	2.81353	8.43417	0	23.8839	-9999	-9999	-9999
5	29	23.242	11.5248	15.93	7.43	4.73055	8.72354	0	23.5593	-9999	-9999	-9999
5	30	23.3362	14.3096	18.89	10.11	5.83211	9.35875	0	23.2316	-9999	-9999	-9999
5	31	28.5528	11.2623	14.79	8.63	4.89385	9.36688	0	22.9834	-9999	-9999	-9999
6	1	29.3878	11.5583	15.16	7.36	6.07619	9.18495	0	22.7577	-9999	-9999	-9999
6	2	28.3064	12.966	17.05	7.15	6.80982	9.29125	0	22.4827	-9999	-9999	-9999
6	3	29.7682	15.0461	18.78	10.65	8.68333	9.64724	0	22.1267	-9999	-9999	-9999
6	4	6.05162	11.3827	12.32	9.75	1.30794	9.42542	0.4	21.9146	-9999	-9999	-9999
6	5	26.4385	14.0681	17.44	10.94	4.80603	9.97417	0	21.703	-9999	-9999	-9999
6	6	9.0122	13.1392	16.58	9.49	2.53679	10.0023	0	21.5959	-9999	-9999	-9999
6	7	17.3069	15.3767	18.7	12.77	3.17021	10.765	0	21.3144	-9999	-9999	-9999
6	8	20.9157	13.3017	15.75	10.48	3.96631	10.5656	0	21.1118	-9999	-9999	-9999
6	9	10.6693	11.6944	14.14	9.54	1.19517	10.1846	1.02128	20.9497	-9999	-9999	-9999
6	10	24.0484	16.6242	21.18	12.4	5.76102	11.0244	0	20.5806	-9999	-9999	-9999
6	11	16.6387	15.1048	17.77	11.55	3.25415	11.174	1	20.3207	-9999	-9999	-9999
6	12	21.7383	13.9848	16.88	11.1	3.72807	11.0419	0	20.0775	-9999	-9999	-9999
6	13	26.9872	14.5379	19.2	11.04	3.90328	11.1502	0	19.7377	-9999	-9999	-9999
6	14	11.749	14.7671	18.38	10.79	3.06347	11.2744	0	19.3872	-9999	-9999	-9999
6	15	11.2309	13.8281	15.55	10.53	3.2124	11.2931	0.612766	19.1982	-9999	-9999	-9999
6	16	24.6012	10.9585	13.24	8.56	5.04993	10.3177	0	18.9919	-9999	-9999	-9999
6	17	7.02535	10.3834	12.46	8.76	1.2158	10.0751	3.75652	19.4476	-9999	-9999	-9999
6	18	11.2729	11.4542	13.58	10.14	1.9832	10.4115	2.2	20.1896	-9999	-9999	-9999
6	19	15.5493	9.06479	11.62	6.86	1.74669	9.70896	15.1149	24.487	-9999	-9999	-9999
6	20	19.6431	10.4438	13.1	7.53	2.75954	9.64125	0.4	24.1886	-9999	-9999	-9999
6	21	22.7924	12.511	15.83	8.79	3.84896	10.0042	0	22.8337	-9999	-9999	-9999
6	22	22.7481	13.0531	16.16	10.4	3.68016	10.4692	0.6	21.9975	-9999	-9999	-9999
6	23	7.56893	12.96	15.05	10.14	0.725599	10.5931	13.2766	22.7024	-9999	-9999	-9999
6	24	5.18636	12.4187	13.13	11.5	1.0417	10.8117	10.417	26.3902	-9999	-9999	-9999
6	25	4.91953	11.7094	13.34	9.81	0.366776	10.7083	21.4	28.9698	-9999	-9999	-9999
6	26	10.0494	11.8248	14.73	10.08	1.9547	10.6952	0.612766	27.6361	-9999	-9999	-9999
6	27	12.6066	11.6925	14.62	8.48	1.986	10.4104	0.2	26.4989	-9999	-9999	-9999
6	28	15.9299	13.1452	15.98	10.51	2.38679	10.9408	5.2	27.1028	-9999	-9999	-9999
6	29	7.9677	11.8119	14.58	9.94	2.1512	10.6343	6.33192	27.5905	-9999	-9999	-9999
6	30	18.3147	13.5761	16.86	10.07	2.62555	10.9506	0	26.892	-9999	-9999	-9999
7	1	9.74957	13.381	16.34	11.02	0.912873	11.4519	13.2	28.0605	-9999	-9999	-9999
7	2	20.4355	12.9259	16.08	9.779	3.01907	11.1847	0.204255	27.6785	-9999	-9999	-9999
7	3	17.7413	13.1252	16.06	11.24	1.69203	11.3787	8.6	27.7167	-9999	-9999	-9999
7	4	18.6615	13.1915	15.3	10.85	2.2164	11.4267	3.4	27.9644	-9999	-9999	-9999
7	5	22.0329	13.3837	15.91	11.09	2.72122	11.5223	0.408511	26.9364	-9999	-9999	-9999
7	6	17.2377	12.6603	15.26	9.993	3.28616	11.2268	0	26.18	-9999	-9999	-9999
7	7	24.4484	13.4399	16.47	9.842	4.94305	11.21	0	25.5245	-9999	-9999	-9999
7	8	12.0926	13.6702	17.23	10.95	2.17266	11.3342	8	25.6674	-9999	-9999	-9999
7	9	17.8386	16.339	20.5	13.57	3.57583	12.1398	0	26.5571	-9999	-9999	-9999
7	10	8.52787	13.5069	14.94	11.26	1.61631	12.0752	3	25.664	-9999	-9999	-9999
7	11	7.35745	12.5683	15	10.64	0.916192	11.6648	6.6	27.7929	-9999	-9999	-9999
7	12	12.8096	12.9067	14.41	11.64	2.70594	11.6631	0	26.7991	-9999	-9999	-9999
7	13	9.9453	12.4873	15.39	9.899	3.25736	11.39	0	25.9561	-9999	-9999	-9999
7	14	13.9168	12.7501	15.89	11.11	2.93176	11.3291	1.63404	25.3568	-9999	-9999	-9999
7	15	16.5618	13.7163	16.39	11.81	2.92451	11.7269	0.4	25.076	-9999	-9999	-9999
7	16	23.304	14.2934	16.9	11.43	5.38152	11.5747	0	24.464	-9999	-9999	-9999
7	17	25.5883	15.8742	19.22	12.35	4.7425	11.7854	0	23.8853	-9999	-9999	-9999
7	18	13.7086	17.5313	19.94	14.39	3.17554	12.7229	0.408511	23.3532	-9999	-9999	-9999
7	19	11.5663	15.389	17.33	12.63	1.87209	12.8812	2.6	23.4286	-9999	-9999	-9999
7	20	16.9986	15.4336	19.1	10.88	3.31134	12.5239	18.7733	23.6328	-9999	-9999	-9999
7	21	4.08003	11.9879	13.73	10.24	0.336716	12.0371	4.90213	29.0305	-9999	-9999	-9999
7	22	6.04309	14.5852	16.53	12.84	1.07058	12.4019	0.204255	27.4891	-9999	-9999	-9999
7	23	18.0241	16.2575	21.09	13.06	2.94432	13.0004	10.4	27.028	-9999	-9999	-9999
7	24	16.7472	16.1985	18.97	13.62	3.61046	13.3044	0.2	28.2845	-9999	-9999	-9999
7	25	7.35918	13.2302	15.44	11.58	0.847927	12.7169	6.4	27.7664	-9999	-9999	-9999
7	26	20.5445	14.3588	17.1	11.61	3.64386	12.4623	0.4	27.8181	-9999	-9999	-9999
7	27	20.6721	14.6608	18	11.41	3.64266	12.5079	0.626087	27.0502	-9999	-9999	-9999
7	28	20.7587	15.3298	18.82	11.66	3.76431	12.5823	0	26.2121	-9999	-9999	-9999
7	29	25.9917	17.686	22.53	12.81	6.20567	12.8892	0	25.571	-9999	-9999	-9999
7	30	23.8071	19.8919	23.34	15.87	9.17214	13.4283	0	24.7426	-9999	-9999	-9999
7	31	13.4983	18.5827	22.86	16.49	5.80153	13.5823	0	24.0379	-9999	-9999	-9999
8	1	24.4628	18.9927	22.08	15.99	4.94077	14.0183	0	23.5939	-9999	-9999	-9999
8	2	21.0507	18.6196	21.44	15.68	4.10616	14.1902	0	23.1086	-9999	-9999	-9999
8	3	16.5042	17.7896	20.64	16.04	2.52111	14.2733	0.2	22.6335	-9999	-9999	-9999
8	4	13.1248	18.5896	23.14	16.59	2.83444	14.6675	3.26809	23.0837	-9999	-9999	-9999
8	5	21.2387	19.864	24.25	16.23	5.1686	15.1167	0	22.4895	-9999	-9999	-9999
8	6	24.379	21.1558	24.62	17.54	9.0204	15.3056	0	21.7578	-9999	-9999	-9999
8	7	24.1195	20.4902	24.68	17	8.12996	15.3115	0	21.1116	-9999	-9999	-9999
8	8	23.653	20.9371	24.65	17.27	8.05482	15.4521	0	20.4186	-9999	-9999	-9999
8	9	23.2246	21.27	25.02	16.99	8.6117	15.5517	0	19.7279	-9999	-9999	-9999
8	10	23.4276	20.9783	24.23	17	7.9736	15.4056	0	19.0658	-9999	-9999	-9999
8	11	17.7461	18.6935	21.39	16.59	4.22851	15.2738	0	18.485	-9999	-9999	-9999
8	12	17.2293	18.3046	22.63	14.63	3.1004	15.2223	6.94468	19.3284	-9999	-9999	-9999
8	13	3.41506	16.8175	18.54	14.63	0.279181	15.2052	4	20.5568	-9999	-9999	-9999
8	14	24.6342	16.4227	19.32	12.76	6.62338	14.4504	0.2	20.7903	-9999	-9999	-9999
8	15	15.5478	17.4681	20.42	15.28	4.51802	14.4275	0	19.7345	-9999	-9999	-9999
8	16	8.62141	16.7642	19.78	15.16	1.43118	14.7023	6.74043	19.7696	-9999	-9999	-9999
8	17	16.6368	17.9352	20.55	15.66	2.92879	14.9706	2.4	20.8801	-9999	-9999	-9999
8	18	7.61433	18.1927	20.27	15.62	1.74242	14.794	0	20.5083	-9999	-9999	-9999
8	19	13.2812	18.5467	21.4	16.28	3.92364	15.1415	2.6	19.7537	-9999	-9999	-9999
8	20	15.4767	16.6383	19.81	15.02	3.1404	14.7917	2.2	19.288	-9999	-9999	-9999
8	21	11.0241	15.1271	17.35	12.58	3.69853	14.274	0	18.8483	-9999	-9999	-9999
8	22	18.5109	13.3638	15.74	10.81	5.01793	13.1381	0	18.2111	-9999	-9999	-9999
8	23	17.5571	13.9821	17.04	11.25	4.61687	12.7179	0.4	17.5817	-9999	-9999	-9999
8	24	7.66562	15.5385	18.1	12.32	2.41137	13.2921	2.24681	16.9463	-9999	-9999	-9999
8	25	12.6088	14.7992	17.74	13.45	1.16173	13.6506	3.6	16.8389	-9999	-9999	-9999
8	26	11.1333	15.1698	17.45	13.76	1.52355	13.6777	6.26087	18.0261	-9999	-9999	-9999
8	27	3.54609	13.7896	14.59	12.85	0.747008	13.4079	6.6	19.6644	-9999	-9999	-9999
8	28	10.731	14.4508	16.34	12.42	2.53947	13.261	0.6	20.5952	-9999	-9999	-9999
8	29	16.9433	14.7916	17.16	11.8	3.81312	12.8377	1.87826	19.6007	-9999	-9999	-9999
8	30	9.60766	13.9575	16.52	11.63	1.7595	13.1463	0.2	18.8984	-9999	-9999	-9999
8	31	14.7532	13.1215	16.39	11.15	1.6006	12.7606	7.2	19.109	-9999	-9999	-9999
9	1	6.82992	13.779	16.49	12.14	1.32115	12.9412	7.8	23.4901	-9999	-9999	-9999
9	2	14.1146	15.0115	18.31	12.6	3.22143	13.1263	0	22.9243	-9999	-9999	-9999
9	3	16.0113	15.9696	19.64	12.89	3.80399	12.9162	0	21.4131	-9999	-9999	-9999
9	4	17.2396	17.3063	22.66	12.83	4.2958	13.3373	0	20.0783	-9999	-9999	-9999
9	5	16.4559	18.754	22.86	13.68	4.87493	13.8604	0	18.8731	-9999	-9999	-9999
9	6	13.9132	18.1281	21.81	15.38	3.36497	14.1719	0	17.8417	-9999	-9999	-9999
9	7	18.0827	16.1431	19.6	12.8	5.64364	13.7398	0	17.1769	-9999	-9999	-9999
9	8	18.2842	14.0655	16.12	12.61	5.26824	12.8413	0	16.4641	-9999	-9999	-9999
9	9	17.8431	14.7866	18.05	11.5013	5.05494	12.2161	0	15.7892	-9999	-9999	-9999
9	10	17.5465	15.2125	19.04	12.22	5.28231	12.2133	0	15.1778	-9999	-9999	-9999
9	11	11.8747	16.5012	20.12	12.95	3.10157	12.9434	0.834783	14.4239	-9999	-9999	-9999
9	12	8.09852	14.316	15.94	12.34	2.09191	13.0808	4	14.17	-9999	-9999	-9999
9	13	7.30802	14.5867	16.59	12.87	3.43717	12.8155	1.02128	13.9202	-9999	-9999	-9999
9	14	12.6756	14.2333	16.65	12.14	3.67967	12.7463	0.626087	13.3354	-9999	-9999	-9999
9	15	11.1054	12.9073	15.65	10.286	3.81841	12.3126	2.29565	12.8616	-9999	-9999	-9999
9	16	14.713	11.596	13.78	9.579	4.39574	11.4183	0	12.4553	-9999	-9999	-9999
9	17	12.7027	13.1794	16.5547	9.905	4.43121	11.4872	0	12.0052	-9999	-9999	-9999
9	18	8.00564	14.6833	17.15	12.37	3.68594	12.2044	3.47234	11.4781	-9999	-9999	-9999
9	19	9.32955	13.9692	16.35	10.79	2.71142	12.586	3	12.5967	-9999	-9999	-9999
9	20	2.16478	11.4373	12.47	10.79	0.760663	11.7304	13.8	13.6592	-9999	-9999	-9999
9	21	10.579	11.6113	13.72	10.01	2.09404	11.606	3.12558	17.5959	-9999	-9999	-9999
9	22	9.21946	10.7949	12.77	8.76	2.17346	11.2814	0	17.3178	-9999	-9999	-9999
9	23	11.1752	10.7777	13.18	8.708	1.85409	11.0472	0	16.7194	-9999	-9999	-9999
9	24	9.97193	11.6403	14.66	9.181	1.78492	11.1067	0	16.1044	-9999	-9999	-9999
9	25	7.7526	10.9214	12.89	9.116	1.55798	10.962	0.417391	15.5399	-9999	-9999	-9999
9	26	9.98266	11.7688	13.82	9.257	1.68081	11.2389	1.30909	15.0892	-9999	-9999	-9999
9	27	10.5382	12.1633	13.59	10.65	2.47901	11.4319	3.06383	14.8487	-9999	-9999	-9999
9	28	7.62766	10.9292	12.5633	9.735	2.15258	11.0375	0.669767	14.2734	-9999	-9999	-9999
9	29	6.16751	10.4666	12.72	8.841	1.25754	10.8635	3.2	14.6253	-9999	-9999	-9999
9	30	12.8649	10.94	13.78	8.64057	2.50781	10.5367	0	14.2127	-9999	-9999	-9999
10	1	10.502	9.82413	12.6887	6.75487	2.22972	10.0257	-9999	-9999	-9999	-9999	-9999
10	2	6.19737	11.2148	13.8477	8.7335	1.78871	10.7691	-9999	-9999	-9999	-9999	-9999
10	3	10.4211	11.6518	14.4757	9.5091	2.12692	11.2438	-9999	-9999	-9999	-9999	-9999
10	4	4.21391	13.223	15.2307	10.8467	3.4179	11.5492	-9999	-9999	-9999	-9999	-9999
10	5	3.3833	12.271	14.2873	9.91293	0.808424	11.5841	-9999	-9999	-9999	-9999	-9999
10	6	6.61401	11.9132	13.8477	10.2241	2.03445	11.4768	-9999	-9999	-9999	-9999	-9999
10	7	7.7284	10.316	11.751	8.046	2.07581	10.8088	-9999	-9999	-9999	-9999	-9999
10	8	7.14625	10.1884	12.407	7.156	2.55962	10.7524	-9999	-9999	-9999	-9999	-9999
10	9	9.79715	7.19412	10.0062	4.7858	3.47318	9.2415	-9999	-9999	-9999	-9999	-9999
10	10	9.77527	6.41125	9.9752	3.4987	3.1945	8.11258	-9999	-9999	-9999	-9999	-9999
10	11	10.0957	4.99046	8.05227	2.2158	2.50546	7.56743	-9999	-9999	-9999	-9999	-9999
10	12	8.50575	5.74257	7.65027	2.64303	2.5269	7.47601	-9999	-9999	-9999	-9999	-9999
10	13	9.35283	6.98713	9.5712	4.4789	2.89707	7.66842	-9999	-9999	-9999	-9999	-9999
10	14	6.93264	7.14759	8.8575	5.61527	2.2778	8.05503	-9999	-9999	-9999	-9999	-9999
10	15	1.61444	7.50824	8.5476	5.52303	1.81351	8.23728	-9999	-9999	-9999	-9999	-9999
10	16	3.42753	7.92565	9.3849	7.2486	0.851934	8.72576	-9999	-9999	-9999	-9999	-9999
10	17	1.4292	8.33769	9.26077	7.156	0.827897	8.97863	-9999	-9999	-9999	-9999	-9999
10	18	1.65487	8.05319	8.67157	7.2486	1.32143	8.91792	-9999	-9999	-9999	-9999	-9999
10	19	7.12175	8.64717	10.878	6.9708	1.78297	9.09419	-9999	-9999	-9999	-9999	-9999
10	20	5.60751	7.19636	9.78867	2.12437	1.20877	8.08748	-9999	-9999	-9999	-9999	-9999
10	21	4.87136	10.2301	13.4403	7.9904	2.49999	9.20531	-9999	-9999	-9999	-9999	-9999
10	22	2.75465	10.6835	12.235	8.26893	2.91914	9.4404	-9999	-9999	-9999	-9999	-9999
10	23	0.972831	12.0628	13.033	11.3453	1.71355	10.2983	-9999	-9999	-9999	-9999	-9999
10	24	1.18398	12.0747	13.1897	11.065	1.14745	10.939	-9999	-9999	-9999	-9999	-9999
10	25	4.77431	12.8185	14.57	11.2517	2.39939	11.2604	-9999	-9999	-9999	-9999	-9999
10	26	5.31075	9.92305	11.5013	7.34127	2.41538	10.4291	-9999	-9999	-9999	-9999	-9999
10	27	6.19174	7.30202	10.006	4.50967	2.69328	8.95807	-9999	-9999	-9999	-9999	-9999
10	28	1.46795	7.2956	9.10563	5.03133	0.954733	8.6974	-9999	-9999	-9999	-9999	-9999
10	29	0.74478	7.78266	8.333	7.121	0.500809	9.05346	-9999	-9999	-9999	-9999	-9999
10	30	0.436447	7.90785	8.6	7.129	0.218516	9.03481	0.6	-9999	-9999	-9999	-9999
10	31	1.61418	7.42829	8.359	6.53	0.437454	8.88098	0	-9999	-9999	-9999	-9999
11	1	2.80465	8.50708	9.999	6.7	0.495845	8.48925	0	-9999	-9999	-9999	-9999
11	2	3.65106	8.31141	9.983	6.402	1.13761	8.87186	0	24.6647	-9999	-9999	-9999
11	3	0.601077	8.01873	8.963	7.413	0.590421	8.65923	0	24.3047	-9999	-9999	-9999
11	4	0.45001	8.19387	9.319	6.669	0.360149	8.57744	1.56522	23.9796	-9999	-9999	-9999
11	5	3.46366	6.8989	8.025	5.265	1.18715	8.21827	4	24.968	-9999	-9999	-9999
11	6	5.68922	6.70058	8.155	4.983	2.11079	7.71831	0	25.026	-9999	-9999	-9999
11	7	4.95907	5.35119	6.517	4.067	1.74923	7.20748	0	24.6413	-9999	-9999	-9999
11	8	4.37727	4.83929	7.614	3.345	1.11847	6.82333	0	24.3399	-9999	-9999	-9999
11	9	2.20378	4.45883	5.682	3.107	0.667037	6.42489	0.213333	24.1781	-9999	-9999	-9999
11	10	0.57272	5.03146	6.657	3.797	0.603309	7.0041	3	24.6186	-9999	-9999	-9999
11	11	1.80121	4.70363	6.779	3.522	1.10812	6.60057	0	24.5999	-9999	-9999	-9999
11	12	0.234525	5.76188	7.014	4.409	0.517591	6.8544	4	24.692	-9999	-9999	-9999
11	13	4.54757	4.08056	5.767	2.795	1.91723	6.0505	0	25.5056	-9999	-9999	-9999
11	14	4.12729	4.62469	7.554	1.945	1.03143	5.24431	0	25.2813	-9999	-9999	-9999
11	15	0.701293	8.16691	9.064	6.688	0.835486	6.75914	0.817021	25.0202	-9999	-9999	-9999
11	16	3.60118	5.13877	6.492	3.588	1.68895	6.24933	0	25.0363	-9999	-9999	-9999
11	17	1.10429	3.83543	8.413	1.056	0.768425	5.39709	6.26087	25.2533	-9999	-9999	-9999
11	18	2.9355	3.94725	6.385	0.7616	2.09177	5.72083	2	26.8361	-9999	-9999	-9999
11	19	4.09571	0.56994	2.614	-1.774	1.42445	4.44044	0	26.61	-9999	-9999	-9999
11	20	3.18059	1.01261	2.442	0.3056	0.838021	3.98224	0	26.2746	-9999	-9999	-9999
11	21	3.99054	0.971103	2.565	-0.6633	1.75156	3.59781	0.204255	26.0258	-9999	-9999	-9999
11	22	0.649921	4.13941	8.288	-0.4305	0.656029	3.72117	17.2	28.1492	-9999	-9999	-9999
11	23	1.92706	2.64233	4.73	0.3418	1.8362	4.26604	0.6	28.1323	-9999	-9999	-9999
11	24	3.1705	1.07539	2.585	-0.2526	0.866098	3.4956	0.204255	27.6548	-9999	-9999	-9999
11	25	1.40568	6.18328	8.041	2.968	0.445972	4.73498	0.204255	27.348	-9999	-9999	-9999
11	26	0.210728	4.17148	5.808	2.401	0.3566	4.90854	7.4	27.2954	-9999	-9999	-9999
11	27	1.14459	5.48211	6.326	3.952	0.525607	5.37856	4.4	29.4006	-9999	-9999	-9999
11	28	0.467745	4.1901	4.891	2.587	0.247134	5.28262	0.2	28.2296	-9999	-9999	-9999
11	29	1.19368	4.01303	5.331	2.921	0.238684	5.43301	0	27.884	-9999	-9999	-9999
11	30	1.42525	4.12634	5.296	2.848	1.02599	5.3207	0	27.5161	-9999	-9999	-9999
12	1	0.524999	1.46311	2.515	-0.2085	0.367187	5.01658	6.2	27.3677	-9999	-9999	-9999
12	2	0.826935	2.73984	4.949	-0.3277	0.320993	4.6509	2.45581	28.2858	-9999	-9999	-9999
12	3	1.67017	3.78296	4.503	2.898	0.520899	4.9366	0	27.9831	-9999	-9999	-9999
12	4	0.521304	5.43708	6.575	3.3	0.235367	5.09921	4.2	28.3419	-9999	-9999	-9999
12	5	1.02613	6.7194	8.201	5.218	0.911038	5.83252	0.6	28.1502	-9999	-9999	-9999
12	6	1.63403	6.25515	7.499	5.236	0.766977	5.569	0	27.7727	-9999	-9999	-9999
12	7	1.17109	6.87431	7.781	5.239	0.7841	6.02718	0	27.5417	-9999	-9999	-9999
12	8	2.10879	5.44168	6.413	3.34873	0.621596	5.60552	0	27.271	-9999	-9999	-9999
12	9	0.642862	3.49868	4.736	0.9142	0.383628	5.37101	0	27.0915	-9999	-9999	-9999
12	10	0.741686	0.441591	2.12407	-0.478	0.451101	5.00281	0	26.8693	-9999	-9999	-9999
12	11	0.514173	3.46475	6.227	-0.9174	0.320568	4.90404	0	26.8274	-9999	-9999	-9999
12	12	0.773299	4.45613	6.228	3.079	0.415825	5.38174	0	26.7626	-9999	-9999	-9999
12	13	0.313645	6.33352	6.748	5.575	0.508062	6.00292	0.8	26.7203	-9999	-9999	-9999
12	14	0.123532	1.61854	5.529	-0.5454	0.3991	5.56348	0.2	26.776	-9999	-9999	-9999
12	15	0.220202	4.21044	6.192	1.561	0.248389	5.29738	1.8	26.6996	-9999	-9999	-9999
12	16	0.340191	4.25835	5.24	1.85	0.47568	5.1595	1.8	26.8941	-9999	-9999	-9999
12	17	0.912813	4.27877	5.75	2.151	0.368529	5.33758	4	27.4274	-9999	-9999	-9999
12	18	1.38236	2.19137	3.358	0.6539	0.804898	4.62946	1.2	27.9391	-9999	-9999	-9999
12	19	1.49822	0.337794	2.219	-1.649	1.11401	3.98254	1	27.94	-9999	-9999	-9999
12	20	0.282871	1.84875	3.289	0.905	0.543366	3.80779	6.8	28.6265	-9999	-9999	-9999
12	21	1.65007	1.10039	2.161	-0.2225	1.00192	3.62881	0	28.7379	-9999	-9999	-9999
12	22	0.0475475	1.70855	6.132	-0.1451	0.220811	3.59021	8	28.7491	-9999	-9999	-9999
12	23	0.229664	6.00723	7.948	4.703	0.782633	4.63171	6.6	29.3502	-9999	-9999	-9999
12	24	0.79997	3.4074	5.122	1.539	0.365253	4.57396	23.4	30.7222	-9999	-9999	-9999
12	25	2.20033	3.3241	4.609	1.961	0.57718	4.23915	11	30.1844	-9999	-9999	-9999
12	26	0.615427	0.497885	1.718	-1.055	0.270321	3.71344	0	29.1041	-9999	-9999	-9999
12	27	0.763726	-2.11454	-1.108	-3.797	0.420245	3.47315	0	28.7657	-9999	-9999	-9999
12	28	0.933193	-1.06437	0.369	-2.299	0.461299	3.15219	0	28.3288	-9999	-9999	-9999
12	29	1.68056	0.798962	2.136	-0.5125	0.396873	3.1244	1.8	28.1765	-9999	-9999	-9999
12	30	0.106752	3.75629	6.464	1.559	0.257509	3.456	2.8	28.0393	-9999	-9999	-9999
12	31	0.759871	4.2344	6.481	1.056	0.189388	4.45744	2.4	28.623	-9999	-9999	-9999
