Month	n_days	Rg_f	Ta_f	Tmax	Tmin	VPD_f	Ts_f	Precip	SWC	LAI	ET	Litterfall
1	1	0.510624	0.581458	2.6	-0.65	0.0848455	1.42062	0.71	43.0381	-9999	-9999	-9999
1	2	2.40829	0.861667	2.08	0.25	0.18653	1.38354	0	43.1029	-9999	-9999	-9999
1	3	1.81696	1.78021	2.7	0.29	0.41766	1.35708	0	43.0894	-9999	-9999	-9999
1	4	0.491256	2.84333	4.82	1.92	0.328759	1.31854	6.69	43.5815	-9999	-9999	-9999
1	5	4.41578	2.62458	4.76	0.95	1.41168	1.48854	0	44.0802	-9999	-9999	-9999
1	6	1.91839	1.26521	2.77	-0.33	0.327194	1.13396	0	43.9698	-9999	-9999	-9999
1	7	0.829764	3.40542	4.37	2.42	0.350642	2.14042	0.28	43.919	-9999	-9999	-9999
1	8	2.10199	3.17208	3.8	2.21	1.2806	2.18812	0.14	43.8523	-9999	-9999	-9999
1	9	0.9243	2.5275	3.07	-0.01	0.362491	2.67625	1.14	43.8783	-9999	-9999	-9999
1	10	2.8606	-0.202708	1.33	-1.33	0.801171	2.02271	0	43.8769	-9999	-9999	-9999
1	11	4.85725	-1.6025	0.64	-4.89	0.444947	0.959375	0	43.7965	-9999	-9999	-9999
1	12	1.65947	-2.06021	-0.84	-3.88	0.37722	0.576042	0	43.7273	-9999	-9999	-9999
1	13	3.02161	-4.78896	-3.05	-6.05	0.355351	0.283125	0	43.6658	-9999	-9999	-9999
1	14	2.27599	-1.43687	-0.5	-2.93	0.466084	0.228958	0	43.6117	-9999	-9999	-9999
1	15	1.22661	-1.075	0.37	-2.11	0.57215	0.288125	0	43.5627	-9999	-9999	-9999
1	16	1.55378	-1.57854	0.33	-3.02	0.210945	0.310208	0	43.519	-9999	-9999	-9999
1	17	0.852804	3.38708	5.15	0.44	0.312063	0.837917	0.99	43.6008	-9999	-9999	-9999
1	18	1.44068	2.4925	4.1	-0.44	0.861217	1.91937	5.43	44.1831	-9999	-9999	-9999
1	19	5.50246	-1.27771	0.43	-2.52	0.956654	0.855	0	44.2873	-9999	-9999	-9999
1	20	0.492714	-1.16125	0.02	-3.03	0.0833684	0.463333	0	44.1398	-9999	-9999	-9999
1	21	1.53821	0.1675	1.78	-1.6	1.1676	0.603125	13.43	44.8735	-9999	-9999	-9999
1	22	0.751122	-0.926458	-0.36	-1.81	0.105323	0.690208	9.29	46.1671	-9999	-9999	-9999
1	23	2.22511	-5.72	-0.83	-9.7	0.131886	0.777083	0.14	45.8883	-9999	-9999	-9999
1	24	3.51071	-8.63479	-7.16	-9.84	0.198926	0.480833	0	45.236	-9999	-9999	-9999
1	25	4.83758	-8.33813	-6.24	-10.19	0.422771	0.269375	0	44.835	-9999	-9999	-9999
1	26	3.73064	-6.32438	-3.38	-9.09	0.402708	0.1575	0.14	44.5615	-9999	-9999	-9999
1	27	1.46009	-2.74625	-1.93	-3.72	0.29675	0.1675	0	44.3721	-9999	-9999	-9999
1	28	4.62143	-3.18292	0.33	-6.07	1.18016	0.150833	0	44.2069	-9999	-9999	-9999
1	29	0.3006	2.87938	5.67	0.3	0.512048	0.165417	16.27	44.7523	-9999	-9999	-9999
1	30	4.18163	4.52104	7.69	2.79	1.41761	0.271667	15.71	47.3373	-9999	-9999	-9999
1	31	1.04179	6.59167	7.75	5.68	0.914005	2.25583	11.7	46.8125	-9999	-9999	-9999
2	1	3.26331	5.60833	6.54	4.83	1.18458	3.22187	0	46.4283	-9999	-9999	-9999
2	2	0.904122	4.49646	5.13	3.31	0.962796	3.12479	1.14	45.5946	-9999	-9999	-9999
2	3	3.62549	2.635	3.94	1.12	1.17209	2.48208	5.27	45.7085	-9999	-9999	-9999
2	4	2.05202	2.61042	4.1	0.92	0.443355	2.28167	2.15	45.3148	-9999	-9999	-9999
2	5	6.04651	6.10458	8.9	3.89	1.61631	3.25333	0.14	45.1237	-9999	-9999	-9999
2	6	6.93956	7.24896	9.01	6.27	3.34556	3.53979	0	44.7596	-9999	-9999	-9999
2	7	2.16043	5.98396	7.46	4.16	1.82762	3.87917	2.27	44.6794	-9999	-9999	-9999
2	8	2.17107	6.56271	9.21	4.01	1.65218	4.02313	5.86	44.8225	-9999	-9999	-9999
2	9	2.16356	2.32854	6.15	-0.36	1.40744	3.30083	1.13	45.2242	-9999	-9999	-9999
2	10	7.51316	3.92937	6.7	1.71	2.09096	2.90396	2	44.924	-9999	-9999	-9999
2	11	7.40144	2.17646	4.67	0.06	1.56976	2.65521	1.57	45.0875	-9999	-9999	-9999
2	12	8.37625	0.404792	1.94	-1.61	1.20363	1.48771	0.28	44.7373	-9999	-9999	-9999
2	13	2.33474	1.26729	2.96	0.25	0.54694	1.53396	11.7	45.5137	-9999	-9999	-9999
2	14	4.82751	1.08896	3.4	-0.43	1.47005	1.22854	0.57	45.605	-9999	-9999	-9999
2	15	0.767448	3.43812	5.23	0.82	0.245947	2.00292	13.13	45.8667	-9999	-9999	-9999
2	16	3.98653	0.533958	2.76	-2.21	0.665469	2.1275	5.27	46.5373	-9999	-9999	-9999
2	17	3.07512	-1.88917	-1.04	-2.65	0.147908	1.26104	6.73	46.2871	-9999	-9999	-9999
2	18	3.70013	-1.00937	0.4	-2.1	0.238353	1.23104	0.99	45.7579	-9999	-9999	-9999
2	19	2.06824	0.861875	2.19	-0.12	0.118982	1.19083	8.83	46.0871	-9999	-9999	-9999
2	20	2.15516	-0.916875	0.61	-2.38	0.287283	1.11333	5.27	46.114	-9999	-9999	-9999
2	21	4.38876	-2.28333	-0.2	-4.11	0.678047	0.983958	0	45.4594	-9999	-9999	-9999
2	22	3.69936	-0.41375	1.98	-1.99	0.566446	0.904583	0.42	45.0246	-9999	-9999	-9999
2	23	8.348	0.506458	2.98	-1.6	0.627896	1.00417	0	44.7044	-9999	-9999	-9999
2	24	1.08347	2.68792	4.26	1.3	0.37511	1.01083	6.16	44.785	-9999	-9999	-9999
2	25	3.41951	1.45938	5.86	-0.13	0.48213	0.90875	24.15	47.2504	-9999	-9999	-9999
2	26	10.2356	1.55417	4.93	-1.08	1.59437	0.720625	0	46.3362	-9999	-9999	-9999
2	27	11.9764	4.495	8.01	0.21	2.67002	0.8525	0	45.4723	-9999	-9999	-9999
2	28	10.0638	8.44021	13.82	4.15	3.60437	2.54042	5.86	45.1379	-9999	-9999	-9999
3	1	4.52466	2.92896	5.03	0.66	0.64854	3.02292	8.58	45.8169	-9999	-9999	-9999
3	2	9.34767	1.0925	2.86	-0.63	1.39965	2.05437	0.85	45.636	-9999	-9999	-9999
3	3	1.30622	2.16333	4.88	0.31	0.537587	2.07167	10.58	45.9023	-9999	-9999	-9999
3	4	7.46189	-1.42771	0.23	-3.13	0.483049	1.62979	7.7	46.3525	-9999	-9999	-9999
3	5	6.17551	-2.05063	-0.54	-3.41	0.396309	1.31458	4.43	46.1344	-9999	-9999	-9999
3	6	5.62828	2.47563	6.01	-0.9	2.02867	1.18313	0	45.6058	-9999	-9999	-9999
3	7	4.72142	5.00812	7.11	3.2	1.76161	1.74937	0.14	45.0727	-9999	-9999	-9999
3	8	1.10097	7.27417	8.85	5.87	0.567699	3.62542	7.42	45.2856	-9999	-9999	-9999
3	9	3.53099	8.75333	10.54	5.61	1.39454	5.36292	24.43	47.035	-9999	-9999	-9999
3	10	10.9238	2.67729	4.79	0.14	2.01686	4.11979	2.57	46.8029	-9999	-9999	-9999
3	11	4.00795	5.5575	7.39	4.14	1.0104	4.26417	11.98	46.8521	-9999	-9999	-9999
3	12	3.33544	2.33521	3.94	0.57	1.07455	3.72937	1.43	46.2925	-9999	-9999	-9999
3	13	13.7821	5.70833	9.36	2.4	2.69218	3.87083	0.14	45.4694	-9999	-9999	-9999
3	14	1.03999	5.70417	7.65	0.56	0.655596	4.51062	10.15	45.6304	-9999	-9999	-9999
3	15	6.78373	0.239583	1.77	-1.77	1.18378	2.85354	4.85	45.116	-9999	-9999	-9999
3	16	9.34389	3.19521	5.17	0.35	2.2583	2.73042	2.15	45.4167	-9999	-9999	-9999
3	17	2.06813	4.62625	5.35	3.33	0.461953	3.60521	5.27	44.7704	-9999	-9999	-9999
3	18	4.44562	2.79958	4.03	0.36	0.164168	3.78542	19.75	46.744	-9999	-9999	-9999
3	19	13.6661	2.91813	5.27	1.12	1.77406	3.79625	3.42	46.1796	-9999	-9999	-9999
3	20	11.4881	4.28917	9.51	0.99	2.81118	3.57354	0	44.9617	-9999	-9999	-9999
3	21	14.0568	5.31	11.39	1.13	3.09247	3.6325	0.14	44.5658	-9999	-9999	-9999
3	22	17.0704	9.42604	14.13	3.96	6.02657	4.17875	0	44.331	-9999	-9999	-9999
3	23	15.2728	9.65146	13.77	6.02	5.40371	5.00604	0	44.1365	-9999	-9999	-9999
3	24	4.75445	6.82042	9.76	4.41	0.847243	5.26312	2.28	44.0921	-9999	-9999	-9999
3	25	6.90865	8.07771	11.01	5.05	1.9756	5.84583	0.85	44.1348	-9999	-9999	-9999
3	26	6.56325	6.07958	8.75	4.13	2.10565	5.40063	0	44.054	-9999	-9999	-9999
3	27	9.48442	3.92396	5.63	2.88	1.03512	4.58646	2.86	44.0527	-9999	-9999	-9999
3	28	3.53504	0.592083	2.82	-0.35	0.344734	3.91188	0.42	44.5629	-9999	-9999	-9999
3	29	1.36343	2.8875	4.67	0.38	0.0122717	3.57833	0.56	44.9396	-9999	-9999	-9999
3	30	1.13242	3.72583	4.94	2.35	0.310596	4.08792	17.87	46.0825	-9999	-9999	-9999
3	31	4.6604	3.72854	6.21	2.35	0.620882	4.11021	0.71	45.5102	-9999	-9999	-9999
4	1	11.4547	4.52375	7.74	2.67	1.44093	4.43042	1.28	44.9515	-9999	-9999	-9999
4	2	12.5856	6.32208	10.88	2.79	2.64882	4.77292	0.57	44.9665	-9999	-9999	-9999
4	3	19.8035	9.3425	15.81	2.36	5.09241	5.26563	0	44.6629	-9999	-9999	-9999
4	4	14.8245	10.3283	13.53	6.87	4.55418	6.45917	8.14	46.446	-9999	-9999	-9999
4	5	6.89366	4.15583	8.64	-0.69	1.93664	5.52187	0	45.8606	-9999	-9999	-9999
4	6	21.9103	2.09917	6.41	-2.52	3.69615	3.74917	0	45.4898	-9999	-9999	-9999
4	7	17.2535	4.86354	8.25	0.87	3.14607	4.08146	0	45.0985	-9999	-9999	-9999
4	8	12.7928	5.41771	8.27	1.55	2.71732	4.61354	0	44.786	-9999	-9999	-9999
4	9	13.269	4.45563	7.2	2.5	2.35021	4.90458	0	44.5083	-9999	-9999	-9999
4	10	17.8886	3.89083	7.76	-0.16	2.85628	4.63771	0	44.1644	-9999	-9999	-9999
4	11	15.5517	6.45	10.84	2.42	4.1784	4.81479	0	43.7604	-9999	-9999	-9999
4	12	7.95904	5.53	7.64	2.79	2.20566	4.98813	1.71	43.0371	-9999	-9999	-9999
4	13	16.1296	5.00125	10.28	0.18	2.84942	4.32604	10.43	45.3252	-9999	-9999	-9999
4	14	6.86038	5.66229	7.24	4.2	1.85091	4.93563	0.7	45.2165	-9999	-9999	-9999
4	15	9.13819	6.84771	12.71	3.8	1.7925	5.59146	0.57	44.9858	-9999	-9999	-9999
4	16	20.6189	8.70479	13.65	4.31	5.4665	5.99125	0	44.816	-9999	-9999	-9999
4	17	11.1929	9.80271	12.2	7.3	4.43243	6.63688	0	44.7021	-9999	-9999	-9999
4	18	10.0582	9.30292	12.22	7.34	3.50143	6.92938	1.42	44.4315	-9999	-9999	-9999
4	19	6.34763	9.26396	12.2	7.58	1.34436	7.40438	12.27	46.149	-9999	-9999	-9999
4	20	17.3076	12.8212	16.26	8.98	5.74869	7.89812	0	45.8062	-9999	-9999	-9999
4	21	21.4838	16.33	20.82	12.44	8.72568	9.145	0	45.1723	-9999	-9999	-9999
4	22	21.7805	18.3623	23.67	12.51	11.6044	10.4017	0	44.6085	-9999	-9999	-9999
4	23	15.985	19.6325	21.54	15.85	13.6438	11.1406	0	43.9827	-9999	-9999	-9999
4	24	2.41456	9.97104	14.63	6.84	1.23466	10.0531	1	43.6977	-9999	-9999	-9999
4	25	25.5878	10.3077	14.56	5.33	4.2343	8.98375	0.14	43.5438	-9999	-9999	-9999
4	26	24.4979	14.9708	21.79	7.1	7.29798	9.53875	0	43.1944	-9999	-9999	-9999
4	27	16.5201	17.5271	20.61	13.75	7.87243	10.6781	0	42.6583	-9999	-9999	-9999
4	28	16.2474	16.1958	20.32	11.05	5.83927	10.984	0	42.2821	-9999	-9999	-9999
4	29	12.7784	15.1233	19.51	12.86	3.37313	11.2779	6.3	42.6127	-9999	-9999	-9999
4	30	7.68289	13.85	15.96	12.64	0.777807	11.3156	2.01	44.8056	-9999	-9999	-9999
5	1	20.4121	14.6696	18.7	11.35	2.57526	11.5985	1.85	44.9662	-9999	-9999	-9999
5	2	12.8626	14.0175	16.74	11.41	2.11853	11.6417	0.56	45.2194	-9999	-9999	-9999
5	3	23.3419	14.2821	18.93	9.53	7.16263	11.3235	0	44.8075	-9999	-9999	-9999
5	4	23.2051	15.2225	19.02	12.11	9.479	11.2185	0	44.3698	-9999	-9999	-9999
5	5	25.2874	15.8854	20.24	11.2	9.60105	11.1419	0	43.9717	-9999	-9999	-9999
5	6	25.7671	16.6844	21.26	12.41	9.34726	11.4783	0	43.6779	-9999	-9999	-9999
5	7	19.4098	16.9429	21.24	11.47	8.34801	11.6908	1.57	43.2858	-9999	-9999	-9999
5	8	23.8571	17.2042	20.06	14.08	6.45801	12.2192	0	43.3627	-9999	-9999	-9999
5	9	20.4648	17.1579	19.9	14.1	5.85493	12.4948	0	43.1529	-9999	-9999	-9999
5	10	25.1693	19.1123	22.37	15.22	8.56093	12.8594	0	42.8737	-9999	-9999	-9999
5	11	24.1876	18.5379	22.41	15.04	8.52762	13.0385	0	42.456	-9999	-9999	-9999
5	12	26.9526	14.304	17.12	9.85	6.82099	12.524	0	41.8875	-9999	-9999	-9999
5	13	28.0306	12.1704	17.25	6.18	7.20102	11.2569	0	41.224	-9999	-9999	-9999
5	14	28.271	16.4888	21.1	10.84	11.3324	11.4231	0	40.5996	-9999	-9999	-9999
5	15	27.5047	19.9283	23.67	14.8	13.9452	12.2654	0	39.8577	-9999	-9999	-9999
5	16	27.6406	22.0171	25.71	18.42	18.2563	13.0215	0	38.9273	-9999	-9999	-9999
5	17	19.1765	17.7096	22.66	11.85	7.45065	13.2952	0.43	37.9348	-9999	-9999	-9999
5	18	13.2695	10.241	13.05	6.57	3.10182	11.6027	6.7	37.9342	-9999	-9999	-9999
5	19	16.4807	8.25938	11.64	6.38	1.88474	10.289	1.42	39.4875	-9999	-9999	-9999
5	20	13.4903	6.98313	10.71	4.75	1.17813	9.40646	7.13	41.3558	-9999	-9999	-9999
5	21	17.7243	8.89646	12.76	4.87	2.64509	9.32312	5.14	41.6296	-9999	-9999	-9999
5	22	13.3823	8.82646	11.25	6.71	1.06328	9.50396	4.42	43.1279	-9999	-9999	-9999
5	23	16.6495	10.9404	14.46	7.4	3.01862	9.79396	0.14	42.4929	-9999	-9999	-9999
5	24	13.9342	13.6725	16.38	10.71	4.56526	10.4213	0.29	41.989	-9999	-9999	-9999
5	25	9.95438	13.2219	15.75	8.86	2.72888	11.0033	8.14	43.1127	-9999	-9999	-9999
5	26	26.0834	11.8629	16.33	6.46	5.01518	10.4321	0	43.506	-9999	-9999	-9999
5	27	12.7765	12.5398	16.52	8.24	3.84385	10.7842	5.72	43.7429	-9999	-9999	-9999
5	28	10.6233	11.104	13.94	7.82	4.6934	10.0965	0.14	43.744	-9999	-9999	-9999
5	29	20.1632	7.34229	10.02	5.45	2.29319	9.25708	7.85	43.5873	-9999	-9999	-9999
5	30	19.2009	8.17812	12.28	4.28	2.65176	8.83042	0.14	44.285	-9999	-9999	-9999
5	31	19.3757	10.464	14.06	6.21	4.20709	9.25542	0.14	43.6708	-9999	-9999	-9999
6	1	18.7087	14.2654	17.93	9.81	6.01524	10.0085	0	43.1527	-9999	-9999	-9999
6	2	29.4343	20.0223	25.31	13.78	11.6607	11.6444	0	42.5431	-9999	-9999	-9999
6	3	22.1121	18.7758	23.72	15.38	6.3142	12.7877	19.42	42.864	-9999	-9999	-9999
6	4	19.8905	18.3475	23.11	14.43	3.95076	13.4117	14.27	45.186	-9999	-9999	-9999
6	5	14.0536	17.0348	21.21	14.82	2.25393	13.8338	18.72	46.0617	-9999	-9999	-9999
6	6	7.07171	11.9935	14.75	10.51	2.21801	12.7479	0.29	45.7367	-9999	-9999	-9999
6	7	17.2582	9.87604	12.85	8.39	1.63002	11.359	5.85	45.5458	-9999	-9999	-9999
6	8	22.1758	13.0427	17.02	8.59	4.67987	11.0873	0	45.5081	-9999	-9999	-9999
6	9	30.1662	18.2892	24.35	10.27	8.72063	12.1387	0	44.8946	-9999	-9999	-9999
6	10	22.0801	21.0325	26.67	17.21	7.84272	13.7198	12	44.6479	-9999	-9999	-9999
6	11	10.6993	16.1865	18.66	12.93	2.2766	14.0185	0.86	45.504	-9999	-9999	-9999
6	12	27.4344	16.3823	20.54	11.67	6.7412	13.2798	0	44.8821	-9999	-9999	-9999
6	13	30.1174	21.1496	25.29	16.17	12.2254	13.9646	0	44.1619	-9999	-9999	-9999
6	14	21.8584	18.3096	22.28	14.62	5.45081	14.4583	0	43.62	-9999	-9999	-9999
6	15	14.5615	14.2675	16.44	11.08	3.77371	13.7608	6.56	43.8917	-9999	-9999	-9999
6	16	21.182	10.0785	12.86	6.96	4.51154	11.8215	0	44.1598	-9999	-9999	-9999
6	17	30.4665	10.9344	15.63	5.32	5.8966	10.905	0	43.6746	-9999	-9999	-9999
6	18	29.6896	18.5675	24.61	10.42	14.2589	11.7935	0	43.3777	-9999	-9999	-9999
6	19	29.6898	24.6594	29.75	19.72	20.3737	13.8404	0	42.4573	-9999	-9999	-9999
6	20	29.2825	27.2798	30.62	23.29	25.1701	15.425	0	41.1756	-9999	-9999	-9999
6	21	27.4616	25.7125	29.04	20.3	22.0508	16.0017	0	39.6323	-9999	-9999	-9999
6	22	14.4001	19.0383	21.42	15.58	8.3731	15.3821	0	38.2687	-9999	-9999	-9999
6	23	15.7979	14.6154	16.95	12.38	5.14328	13.839	1.42	37.4096	-9999	-9999	-9999
6	24	15.5418	11.7681	13.59	9.93	2.9648	12.7879	6.29	37.4127	-9999	-9999	-9999
6	25	18.4611	10.9052	14.49	9.05	2.77718	11.9458	0.71	37.6781	-9999	-9999	-9999
6	26	15.0427	9.49	11.92	7.39	3.38333	11.051	0.43	37.4377	-9999	-9999	-9999
6	27	19.0861	9.64188	12.72	6.15	4.17743	10.4231	0	37.0375	-9999	-9999	-9999
6	28	20.4845	9.78021	12.12	7.29	4.53398	10.1385	0	36.4727	-9999	-9999	-9999
6	29	12.0047	9.74896	12.48	7.65	3.96464	10.0177	0	35.8796	-9999	-9999	-9999
6	30	25.8678	12.3125	17.2	7.24	5.50221	10.3588	0	35.2533	-9999	-9999	-9999
7	1	14.3617	14.9129	20.01	10.6	3.78009	11.4506	4.15	34.5767	-9999	-9999	-9999
7	2	14.7518	16.331	20.3	12.76	2.54954	12.7127	23.99	35.1046	-9999	-9999	-9999
7	3	15.1576	16.5083	20.78	13.97	2.69486	13.5206	14.42	40.3456	-9999	-9999	-9999
7	4	14.6519	15.8387	19.53	12.93	2.40504	13.6223	1	42.3129	-9999	-9999	-9999
7	5	11.1299	14.1054	16.87	12.12	2.48643	13.1298	8.01	43.6237	-9999	-9999	-9999
7	6	18.4284	14.4583	18.01	11.54	3.46499	12.9265	0.14	43.0977	-9999	-9999	-9999
7	7	4.99482	11.6519	13.1	10.09	0.837601	12.2994	5.7	42.6712	-9999	-9999	-9999
7	8	9.44894	9.74813	11.31	7.4	1.38682	11.3206	9.14	45.6917	-9999	-9999	-9999
7	9	14.5503	10.9831	13.67	8.52	2.02301	11.1615	2.42	44.3727	-9999	-9999	-9999
7	10	15.9281	13.3894	16.16	10.82	3.12689	11.6585	5.99	45.3796	-9999	-9999	-9999
7	11	11.8075	12.1633	14.42	10.9	2.70538	11.6656	7.72	44.5944	-9999	-9999	-9999
7	12	14.1456	10.7063	13.7	8.58	3.10386	11.1819	0.28	45.4673	-9999	-9999	-9999
7	13	12.6198	10.2165	13.33	6.33	1.9909	10.6698	0	44.5	-9999	-9999	-9999
7	14	8.4989	11.0329	12.5	9.32	0.802793	11.0631	11.58	45.8179	-9999	-9999	-9999
7	15	18.3638	10.1042	12.99	8.24	1.79131	10.7348	1.85	45.8162	-9999	-9999	-9999
7	16	20.182	11.636	15.79	7.66	3.07191	10.8063	0.14	44.9883	-9999	-9999	-9999
7	17	13.0429	11.8381	14.35	9.22	2.57531	11.0938	0.14	44.1448	-9999	-9999	-9999
7	18	7.91224	11.2854	12.63	10.03	1.92067	11.0481	0.29	43.7277	-9999	-9999	-9999
7	19	8.03918	10.9752	13.54	8.52	2.01028	10.741	0.42	43.3223	-9999	-9999	-9999
7	20	19.9509	14.094	17.01	11.2	5.0088	11.349	0	42.6504	-9999	-9999	-9999
7	21	8.47316	12.111	15.19	9.39	2.92297	11.2842	0.14	41.9629	-9999	-9999	-9999
7	22	7.40777	12.2583	14.49	10.12	1.48006	11.2796	0	41.544	-9999	-9999	-9999
7	23	26.8808	16.6165	21.85	11.98	6.86081	12.0325	0	41.1452	-9999	-9999	-9999
7	24	7.99178	15.121	17.63	12.62	2.47157	12.426	0.56	40.23	-9999	-9999	-9999
7	25	6.36194	14.7704	16.04	13.28	1.84112	12.7254	1.28	39.8171	-9999	-9999	-9999
7	26	16.2555	14.6562	17.91	12.05	2.46984	12.8101	0.142979	39.2604	-9999	-9999	-9999
7	27	18.7506	15.5714	19.91	12.11	3.41467	13.106	6.41362	38.4253	-9999	-9999	-9999
7	28	12.8227	13.9529	16.54	12.03	2.0801	13.0412	1.43	38.6396	-9999	-9999	-9999
7	29	15.1588	13.7352	17.81	11.03	2.53651	12.7329	0.85	38.4785	-9999	-9999	-9999
7	30	18.2517	14.195	18.3	11.73	2.45011	12.8821	1.42	37.9263	-9999	-9999	-9999
7	31	21.3156	15.8154	19.6	11.86	4.52771	13.1146	0	37.1906	-9999	-9999	-9999
8	1	24.5334	19.5967	24.38	13.55	9.91478	13.7054	0	36.0967	-9999	-9999	-9999
8	2	10.5244	17.6347	20.4	14.86	5.5274	14.2316	11.3668	37.1151	-9999	-9999	-9999
8	3	18.5541	15.7242	19.51	12.57	5.68722	13.641	0	37.4338	-9999	-9999	-9999
8	4	17.3053	15.5685	19.35	11.79	5.36399	13.3829	0	36.4579	-9999	-9999	-9999
8	5	21.2376	17.0081	20.53	13.64	6.6897	13.5748	0	35.5688	-9999	-9999	-9999
8	6	21.9954	16.5329	20.1	12.94	6.29535	13.651	0	34.6471	-9999	-9999	-9999
8	7	13.8763	15.3477	17.21	13.24	4.45253	13.566	2.58	33.9621	-9999	-9999	-9999
8	8	11.2827	14.559	17.54	12.52	2.35732	13.3977	2.72	33.6352	-9999	-9999	-9999
8	9	18.4361	16.34	20.38	12.27	5.08298	13.6127	0.14	33.3838	-9999	-9999	-9999
8	10	13.3922	18.0117	22.46	15.27	5.16705	14.2225	2.28	32.7852	-9999	-9999	-9999
8	11	16.6619	17.1481	20.22	14.48	5.70914	14.2594	0	32.2915	-9999	-9999	-9999
8	12	22.3988	19.5623	23.4	14.14	10.6097	14.3944	0	31.5706	-9999	-9999	-9999
8	13	18.7239	21.056	28.25	15.94	7.39687	15.009	0	30.1377	-9999	-9999	-9999
8	14	13.6684	21.7487	30.5	15.73	5.91219	15.6763	0	29.3631	-9999	-9999	-9999
8	15	16.7531	19.8523	25.39	14.65	6.04542	16.124	3.42	28.8388	-9999	-9999	-9999
8	16	20.5894	19.4537	25.01	14.59	7.90518	15.7887	0.29617	28.4689	-9999	-9999	-9999
8	17	17.423	20.7498	24.51	17.59	9.45101	15.8806	0	27.9552	-9999	-9999	-9999
8	18	15.4455	19.4148	22.8	16.04	7.0824	15.7002	0	27.3681	-9999	-9999	-9999
8	19	11.8819	19.5938	23.05	16.08	5.1297	15.979	2.85	27.0681	-9999	-9999	-9999
8	20	14.4003	18.4715	22.19	15.33	3.85761	16.165	51.13	31.6521	-9999	-9999	-9999
8	21	14.4088	15.2973	19.01	12.01	2.71167	15.2863	1.43	34.5942	-9999	-9999	-9999
8	22	17.6473	14.5619	18.63	11.01	4.3331	14.0821	4.72	35.0383	-9999	-9999	-9999
8	23	17.4303	15.2124	19.05	12.3	5.27178	13.7658	0.142979	33.9911	-9999	-9999	-9999
8	24	22.6098	16.7563	21.05	11.82	8.50435	13.7325	0	32.7583	-9999	-9999	-9999
8	25	15.7453	14.4748	17.9	11.24	5.21575	13.4875	0	31.846	-9999	-9999	-9999
8	26	22.68	15.525	21.3	9.6	7.48314	13.2662	0	31.059	-9999	-9999	-9999
8	27	18.1058	15.6563	20.5	10.84	5.86267	13.3017	0.71	30.2198	-9999	-9999	-9999
8	28	14.1239	15.529	19.01	12.74	5.1733	13.7877	0.14	29.671	-9999	-9999	-9999
8	29	17.4702	15.519	19.1	11.35	6.8925	13.3915	0	28.9935	-9999	-9999	-9999
8	30	12.6729	15.3281	18.16	13.09	4.98202	13.4665	1.71	28.311	-9999	-9999	-9999
8	31	14.3729	14.5508	17.95	11.56	3.78913	13.3608	0	27.6123	-9999	-9999	-9999
9	1	12.5624	14.7504	19.74	11.11	4.55676	13.4408	0	27.825	-9999	-9999	-9999
9	2	14.0595	11.6769	14.26	10.72	4.32102	12.7867	0	31.4717	-9999	-9999	-9999
9	3	17.5093	10.5179	11.4	8.38	4.43915	11.9733	0	39.004	-9999	-9999	-9999
9	4	11.7011	10.6894	16.4	7.66	3.95325	11.3192	0	38.0071	-9999	-9999	-9999
9	5	6.46258	10.1479	11.72	8.68	1.66363	10.9329	0	35.3133	-9999	-9999	-9999
9	6	9.61258	11.1413	14.04	9.07	2.03668	11.0765	6.7	34.6902	-9999	-9999	-9999
9	7	9.93442	11.7529	14.97	9.74	1.87008	11.3015	8.85	37.9237	-9999	-9999	-9999
9	8	8.05833	13.3692	15.78	10.46	2.82756	11.7708	0.14	37.3581	-9999	-9999	-9999
9	9	16.074	16.6679	20.71	13.22	4.9511	12.8146	0	36.0979	-9999	-9999	-9999
9	10	11.8224	17.7742	19.89	15.62	4.69273	13.6958	0.14	34.8679	-9999	-9999	-9999
9	11	15.3644	17.041	21.76	12.7	4.50132	14.0662	0	34.4292	-9999	-9999	-9999
9	12	11.7187	18.1496	24.24	12.77	4.82248	14.2175	0	34.1246	-9999	-9999	-9999
9	13	9.4003	16.2342	19.31	13.7	3.80959	14.3265	15.15	35.7858	-9999	-9999	-9999
9	14	10.9526	14.7181	17.65	12.12	3.42654	13.6521	0	35.8115	-9999	-9999	-9999
9	15	12.5841	15.8652	19.43	13.25	3.83986	13.7212	0	34.5192	-9999	-9999	-9999
9	16	6.9745	13.0517	17.24	10.46	2.12705	13.2681	0	37.8802	-9999	-9999	-9999
9	17	9.76784	12.2596	15.31	10.4	1.82957	12.4388	0	37.6392	-9999	-9999	-9999
9	18	8.55221	12.405	15.39	9.32	1.85292	12.5142	0	36.4275	-9999	-9999	-9999
9	19	10.338	9.96042	15.62	6.75	1.455	11.5671	0	35.3221	-9999	-9999	-9999
9	20	7.1648	7.00141	12.72	3.82	1.00163	9.96661	0	34.5645	-9999	-9999	-9999
9	21	1.05968	7.15604	7.99	6.67	0.281643	9.35979	0	39.6488	-9999	-9999	-9999
9	22	3.41482	8.70479	9.68	7.65	0.932536	9.59625	0	42.0958	-9999	-9999	-9999
9	23	11.9022	10.3367	13.76	7.14	2.30675	10.1902	0	40.7904	-9999	-9999	-9999
9	24	15.2644	8.61354	13.3	3.88	2.22878	9.43563	0	39.3677	-9999	-9999	-9999
9	25	5.0954	11.0267	12.42	9.74	1.5258	9.9275	0	38.4521	-9999	-9999	-9999
9	26	12.1061	12.6106	16.75	8.95	2.09953	10.7915	0.29	37.8919	-9999	-9999	-9999
9	27	8.88817	14.8042	17.25	13.59	2.06969	11.901	0	36.6787	-9999	-9999	-9999
9	28	8.52221	16.3771	19.06	13.7	3.47002	12.669	0	35.5775	-9999	-9999	-9999
9	29	14.2179	16.529	19.87	13.02	5.45333	13.0504	0	34.0215	-9999	-9999	-9999
9	30	13.3857	15.0231	18.67	10.7	4.51844	12.4231	0	32.8013	-9999	-9999	-9999
10	1	5.37966	13.6296	16.62	11.46	2.16688	12.549	0	31.9565	-9999	-9999	-9999
10	2	7.32884	12.0975	15.32	10.02	2.46661	11.9404	0	31.5433	-9999	-9999	-9999
10	3	14.3454	11.5694	14.88	8.97	2.98392	11.2979	0	30.9235	-9999	-9999	-9999
10	4	8.4166	12.6779	15.03	10.26	2.6097	11.3773	0.43	30.245	-9999	-9999	-9999
10	5	3.66773	12.2542	13.56	10.62	1.60011	11.7071	1.14	29.8423	-9999	-9999	-9999
10	6	7.03904	8.05396	10.63	6.2	1.50053	10.41	3.71	30.9025	-9999	-9999	-9999
10	7	2.46317	5.84042	6.73	4.84	0.808818	8.86521	6	33.2827	-9999	-9999	-9999
10	8	11.035	5.66	8.95	2.67	1.3343	7.90896	0	37.7744	-9999	-9999	-9999
10	9	3.24427	6.77813	8.05	5.77	0.658408	8.25688	10.12	40.4558	-9999	-9999	-9999
10	10	5.57302	7.02479	10.14	4.97	1.9561	8.06229	3.15	41.9852	-9999	-9999	-9999
10	11	3.77114	8.02	10.65	4.66	2.30693	7.93229	0.14	41.09	-9999	-9999	-9999
10	12	8.087	10.2171	12.58	8.07	2.9076	8.89229	0	39.4556	-9999	-9999	-9999
10	13	6.00422	11.2023	13.13	8.89	2.57161	9.55854	0.86	37.9156	-9999	-9999	-9999
10	14	9.27995	11.2842	13.7	8.97	1.78543	9.96625	0	36.7315	-9999	-9999	-9999
10	15	1.89196	11.6129	12.72	10.96	0.321846	10.5979	1.12	36.0596	-9999	-9999	-9999
10	16	8.13992	13.2354	16.74	10.05	3.45883	10.966	0.28	36.4748	-9999	-9999	-9999
10	17	4.203	9.83062	13.19	7.61	1.86064	10.3765	0	35.476	-9999	-9999	-9999
10	18	6.97437	8.26854	11.12	5.29	2.51284	9.27833	0.14	34.9237	-9999	-9999	-9999
10	19	2.82861	7.66896	8.52	6.2	1.42688	8.54521	8.58	35.5704	-9999	-9999	-9999
10	20	3.86208	9.59396	11.74	8.04	1.22002	9.25292	0.14	38.954	-9999	-9999	-9999
10	21	7.51019	11.7429	15.5	7.57	3.29455	9.50667	0.28	38.4569	-9999	-9999	-9999
10	22	9.87399	13.376	17.39	9.58	4.70605	9.95687	0.14	37.4888	-9999	-9999	-9999
10	23	9.71015	9.47688	11.9	7.29	1.96872	9.69854	0.14	36.6648	-9999	-9999	-9999
10	24	5.59814	9.96333	11.27	8.7	2.1746	9.51896	2	36.4431	-9999	-9999	-9999
10	25	2.52979	10.2271	12.63	7.43	2.38591	9.36292	0	36.2683	-9999	-9999	-9999
10	26	4.0464	8.80625	11.3	5.05	2.34981	9.47417	2.87	36.0721	-9999	-9999	-9999
10	27	2.78194	6.705	8.59	4.97	0.939424	8.44458	6.31	38.451	-9999	-9999	-9999
10	28	1.98765	9.17771	11.19	7.71	1.1952	8.87542	3	43.0923	-9999	-9999	-9999
10	29	6.02779	9.67125	11.72	6.86	3.18057	8.88729	2	42.5225	-9999	-9999	-9999
10	30	3.92582	9.60313	12.39	7.32	3.5143	8.53625	8.56	43.2988	-9999	-9999	-9999
10	31	2.67259	6.96292	7.65	5.9	1.70842	8.25396	0.85	43.7096	-9999	-9999	-9999
11	1	3.28658	7.07937	8.44	4.06	1.98745	7.98	4.28	43.0688	-9999	-9999	-9999
11	2	4.29244	7.36083	10.52	3.66	2.25061	7.50146	0.43	43.7962	-9999	-9999	-9999
11	3	0.9459	7.19917	9.13	5.9	1.31403	7.64021	12.27	44.2779	-9999	-9999	-9999
11	4	4.9752	5.43729	7.43	3.75	1.28858	7.34562	0.29	43.9302	-9999	-9999	-9999
11	5	3.86833	3.88063	5.76	1.24	1.22439	6.49333	0	43.2427	-9999	-9999	-9999
11	6	2.05319	2.0325	4.63	-0.7	0.452938	5.66708	6.99	43.1248	-9999	-9999	-9999
11	7	6.12781	7.21875	9.05	5.33	2.37928	6.20188	1.15	44.2823	-9999	-9999	-9999
11	8	1.7284	6.84	8.06	5.55	2.74184	6.37	0	43.4952	-9999	-9999	-9999
11	9	2.3089	5.74417	7.24	4.46	1.58826	6.42729	0.56	43.1302	-9999	-9999	-9999
11	10	5.72992	4.22625	6.64	3.08	1.5431	5.84333	0	42.9281	-9999	-9999	-9999
11	11	3.7354	4.22521	6.27	2.62	1.54944	5.57917	0	42.7573	-9999	-9999	-9999
11	12	5.24776	6.81854	9.38	3.57	3.72185	5.53896	0.43	42.6129	-9999	-9999	-9999
11	13	1.42106	7.85833	9.11	6.25	0.99522	6.60208	4.3	43.4125	-9999	-9999	-9999
11	14	1.2604	6.92542	7.8	5.36	0.527205	7.12083	7.88	44.8679	-9999	-9999	-9999
11	15	3.64687	5.29563	6.91	4.02	1.19205	6.45521	0.71	44.5317	-9999	-9999	-9999
11	16	5.41955	4.71063	6.67	2.87	1.82695	5.55292	0	44.1035	-9999	-9999	-9999
11	17	1.34203	3.8075	5.14	2.3	1.01255	5.16604	1.13	43.8923	-9999	-9999	-9999
11	18	0.89127	2.3125	3.33	0.9	0.996323	4.93563	0	44.0369	-9999	-9999	-9999
11	19	4.28319	3.83146	5.78	2.14	2.00808	4.56542	0.71	43.8583	-9999	-9999	-9999
11	20	3.10538	3.86563	5.08	2.47	1.53895	4.84625	0	43.7523	-9999	-9999	-9999
11	21	3.59842	3.78146	5.65	1.81	1.38008	4.48417	0	43.6558	-9999	-9999	-9999
11	22	3.71095	6.03625	8.45	3.61	1.58336	4.86083	3	43.8296	-9999	-9999	-9999
11	23	1.38472	6.71667	8.94	5.81	1.70298	5.36312	0.42	44.7085	-9999	-9999	-9999
11	24	2.70788	5.40208	7.27	3.54	1.61816	5.36375	0	44.331	-9999	-9999	-9999
11	25	4.58361	3.18958	5.49	0.82	1.13876	4.6	0	44.0965	-9999	-9999	-9999
11	26	1.04335	3.34125	5.58	0.49	0.686188	4.10521	0.57	44.044	-9999	-9999	-9999
11	27	2.01614	3.97979	5.29	2.75	1.02982	4.61708	0	43.9621	-9999	-9999	-9999
11	28	1.00933	5.71313	9.4	3.31	0.787181	4.70854	6.12	45.0615	-9999	-9999	-9999
11	29	3.75511	8.73479	10.55	6.95	1.74047	5.69958	0.57	44.814	-9999	-9999	-9999
11	30	2.53962	7.62667	9.45	5.71	1.01351	5.92104	0	44.3983	-9999	-9999	-9999
12	1	3.86138	6.65875	8.25	5.15	1.32025	5.45333	0	44.1858	-9999	-9999	-9999
12	2	1.93819	6.76875	8.24	5.3	0.863779	5.80938	0	44.0275	-9999	-9999	-9999
12	3	1.93316	6.44312	8.73	4.41	1.40108	5.56187	0	43.9656	-9999	-9999	-9999
12	4	4.15076	5.02516	7.62	3.62	1.37282	4.90177	0	43.8564	-9999	-9999	-9999
12	5	4.28654	6.1725	8.14	4.49	1.25898	5.01708	0	43.7681	-9999	-9999	-9999
12	6	2.81862	4.30771	6.82	2.28	1.25668	4.535	0	43.7069	-9999	-9999	-9999
12	7	2.62224	6.045	9.14	3.94	1.37241	4.94062	0	43.6465	-9999	-9999	-9999
12	8	2.28863	8.87854	10.98	7.81	2.43855	5.78188	0	43.5746	-9999	-9999	-9999
12	9	3.25768	7.37896	9.39	5.87	1.88132	5.60771	0	43.5646	-9999	-9999	-9999
12	10	0.64071	5.85	7.09	4.8	1.14668	5.26563	0	44.2215	-9999	-9999	-9999
12	11	3.51877	7.87437	9.88	5.06	2.2542	5.65792	0	45.1556	-9999	-9999	-9999
12	12	0.564696	9.9925	10.95	8.37	1.66945	6.78667	0.86	45.3583	-9999	-9999	-9999
12	13	2.91076	9.29063	11.15	6.21	3.8753	6.83583	1.43	45.0265	-9999	-9999	-9999
12	14	1.48891	5.51146	7.08	3.79	1.23653	6.04	11.86	45.6167	-9999	-9999	-9999
12	15	0.831636	2.50833	3.54	1.16	0.669859	5.01458	2.7	45.9658	-9999	-9999	-9999
12	16	1.27075	-0.033125	1.47	-1.1	0.702824	3.70333	2.42	46.1219	-9999	-9999	-9999
12	17	1.77968	-0.939792	-0.15	-1.54	0.432248	3.01458	0.28	45.6063	-9999	-9999	-9999
12	18	2.06444	-0.781875	-0.33	-1.54	0.540685	2.67188	0.99	45.3775	-9999	-9999	-9999
12	19	1.6427	-1.36292	-0.59	-2.54	0.113491	2.63354	0	45.4673	-9999	-9999	-9999
12	20	0.82017	-3.33417	-2.39	-5.78	0.153266	2.00292	0	45.345	-9999	-9999	-9999
12	21	1.03959	-6.75562	-5.8	-7.8	0.217705	0.930625	0	45.0279	-9999	-9999	-9999
12	22	2.73756	-7.33354	-4.37	-10.68	0.427407	0.414375	0	44.454	-9999	-9999	-9999
12	23	4.25367	-3.93521	-2.01	-5.95	1.20363	0.161667	0	43.3429	-9999	-9999	-9999
12	24	1.87573	-1.43813	0.22	-3.65	0.980484	0.106875	2.86	42.2463	-9999	-9999	-9999
12	25	0.537282	-2.97167	-0.08	-3.78	0.150352	0.231458	4.56	43.0927	-9999	-9999	-9999
12	26	0.536652	-3.52958	-0.84	-4.01	0.176754	0.374583	5.85	43.8748	-9999	-9999	-9999
12	27	1.38551	1.27313	2.77	-2.64	0.32272	0.520417	3.28	44.7592	-9999	-9999	-9999
12	28	0.451656	0.600417	3	-1.7	0.521787	0.765833	0	45.9083	-9999	-9999	-9999
12	29	2.47826	-1.75125	-0.61	-2.74	0.581204	0.918125	0	45.554	-9999	-9999	-9999
12	30	2.57554	-1.52437	-0.54	-2.24	0.532634	0.987708	1.72	45.1904	-9999	-9999	-9999
12	31	3.85503	-1.65667	-0.25	-3.05	0.46164	1.12958	1.27	45.1123	-9999	-9999	-9999
