Month	n_days	Rg_f	Ta_f	Tmax	Tmin	VPD_f	Ts_f	Precip	SWC	LAI	ET	Litterfall
1	1	3.7681	-3.95708	-1.97	-7.6	0.27683	0.784792	0	45.0335	-9999	-9999	-9999
1	2	2.40134	-3.57	-1.08	-5.77	0.200673	0.759583	0	44.945	-9999	-9999	-9999
1	3	4.36263	-8.89333	-5.77	-12.06	0.21714	0.739167	0	44.9946	-9999	-9999	-9999
1	4	4.04665	-8.79854	-4.46	-13.59	0.228856	0.711458	2.3	44.7392	-9999	-9999	-9999
1	5	4.5342	-4.00812	-0.95	-8.02	0.290811	0.6425	0.7	44.3144	-9999	-9999	-9999
1	6	1.93153	-4.36583	-1.48	-6.38	0.191284	0.595208	0	44.0854	-9999	-9999	-9999
1	7	1.31198	-0.686042	0.29	-2.52	0.183752	0.600625	1.8	43.976	-9999	-9999	-9999
1	8	1.36492	-1.64708	-0.52	-3.46	0.188357	0.597708	0.4	44.524	-9999	-9999	-9999
1	9	4.47204	-4.53479	-3.46	-5.79	0.204513	0.582292	9	45.0469	-9999	-9999	-9999
1	10	1.93905	-6.6625	-5.91	-7.38	0.212912	0.638125	7.2	44.6679	-9999	-9999	-9999
1	11	1.67222	-5.12833	-3.25	-7.75	0.210625	0.754792	0.1	44.0452	-9999	-9999	-9999
1	12	1.02263	-2.25	-1.43	-3.48	0.169855	0.757292	0	43.95	-9999	-9999	-9999
1	13	1.10583	-1.18979	-0.04	-3.01	0.152007	0.739167	0	44.0115	-9999	-9999	-9999
1	14	3.41831	-3.65042	-1.57	-5.29	0.200485	0.723958	0	44.249	-9999	-9999	-9999
1	15	3.04286	-6.27729	-4.35	-8.14	0.237472	0.717708	0.3	44.2238	-9999	-9999	-9999
1	16	1.37565	-6.33625	-4.63	-8.02	0.230519	0.632917	0	44.021	-9999	-9999	-9999
1	17	0.944082	-3.43312	-2.73	-4.58	0.197606	0.620625	0	43.8367	-9999	-9999	-9999
1	18	0.77751	-1.89104	-1.21	-2.67	0.177483	0.650208	0	43.73	-9999	-9999	-9999
1	19	0.331668	0.649583	2.01	-1.22	0.20415	0.660625	0.6	43.8129	-9999	-9999	-9999
1	20	0.810738	2.58896	3.9	1.52	0.486448	0.620625	3.9	45.3944	-9999	-9999	-9999
1	21	0.376866	5.52771	6.92	3.72	0.320357	0.447708	1.5	46.4298	-9999	-9999	-9999
1	22	3.48802	4.36667	5.53	2.93	1.19371	0.485208	0.3	46.001	-9999	-9999	-9999
1	23	3.46864	4.535	6.06	3.22	1.57554	0.785625	0.9	46.1715	-9999	-9999	-9999
1	24	1.32584	6.77729	8.16	5.35	1.74256	2.46062	1	45.4142	-9999	-9999	-9999
1	25	2.90596	2.10687	5.17	0.63	1.39292	2.10125	3.4	45.5542	-9999	-9999	-9999
1	26	3.25001	6.60229	8.64	3.44	1.92217	3.00104	1.2	45.2121	-9999	-9999	-9999
1	27	2.00536	7.32188	8.3	6.67	1.3282	4.34292	15.1	45.8044	-9999	-9999	-9999
1	28	1.03914	9.37292	11.25	7.84	2.48046	5.24146	3.9	45.9637	-9999	-9999	-9999
1	29	7.03159	7.52563	9.57	5.72	3.31165	4.22271	0	45.1537	-9999	-9999	-9999
1	30	3.93692	8.75958	11.14	7.22	2.56892	4.88271	0	44.4392	-9999	-9999	-9999
1	31	5.31509	7.58979	9.03	5.11	4.01201	4.52167	0.1	44.0875	-9999	-9999	-9999
2	1	1.55219	6.6875	8.3	4.85	1.6889	4.13938	0	43.8687	-9999	-9999	-9999
2	2	7.25173	10.5258	15.13	7.43	5.28978	4.88875	0	43.7198	-9999	-9999	-9999
2	3	7.60871	11.4454	15.28	8.53	7.81396	4.65313	0	43.6027	-9999	-9999	-9999
2	4	6.38843	7.68375	10.29	5.32	4.767	4.39125	0	43.474	-9999	-9999	-9999
2	5	1.31771	9.14437	11.68	7.16	3.29488	4.92417	0.1	43.3513	-9999	-9999	-9999
2	6	4.21171	6.20896	7.56	3.69	1.93838	5.13542	0.06	43.289	-9999	-9999	-9999
2	7	3.52591	3.55292	5.04	2.07	1.51853	3.8475	0.1	43.226	-9999	-9999	-9999
2	8	1.74746	3.86312	5.45	0.93	0.61558	3.77813	1.5	44.119	-9999	-9999	-9999
2	9	1.15837	7.2025	8.93	4.78	0.978151	4.96438	9.9	44.6835	-9999	-9999	-9999
2	10	2.89469	4.13667	5.06	3.08	1.11714	4.52875	0.8	45.3792	-9999	-9999	-9999
2	11	0.785232	6.91333	8.81	4.25	1.40424	4.67792	0.7	44.7815	-9999	-9999	-9999
2	12	2.72128	8.85938	11.08	5.66	2.10396	5.89313	5.1	45.4117	-9999	-9999	-9999
2	13	1.94146	4.48083	5.78	2.08	0.5421	5.26292	9.5	46.4881	-9999	-9999	-9999
2	14	3.37174	-1.14646	1.95	-3.19	0.834072	3.18167	0	45.3577	-9999	-9999	-9999
2	15	9.82613	-1.99208	1.72	-4.98	1.4015	1.19583	0	44.7321	-9999	-9999	-9999
2	16	10.4817	-0.625625	3.44	-4.09	1.77014	0.633333	0	44.301	-9999	-9999	-9999
2	17	8.35587	2.38646	6.61	-0.26	2.49031	0.641875	0	44.1906	-9999	-9999	-9999
2	18	3.62423	1.01583	2.34	-0.42	0.958802	1.06604	0	44.3483	-9999	-9999	-9999
2	19	0.933192	0.207708	1.31	-0.57	0.402142	1.02479	5.1	45.129	-9999	-9999	-9999
2	20	1.29829	2.81292	3.98	0.31	0.388825	1.89125	16.4	47.0683	-9999	-9999	-9999
2	21	7.32478	-1.57562	1.46	-3.8	1.56823	1.33396	0.5	45.6598	-9999	-9999	-9999
2	22	1.17202	-0.821042	2.26	-3.43	1.07562	0.39625	5.6	45.2494	-9999	-9999	-9999
2	23	3.54015	0.432083	2.6	-1.87	0.515022	0.55	4.7	47.1135	-9999	-9999	-9999
2	24	4.72381	-1.01396	0.38	-1.93	0.577927	0.750417	3.7	45.8019	-9999	-9999	-9999
2	25	2.64897	1.13083	6.55	-1.52	0.172494	0.801042	10.1	46.0671	-9999	-9999	-9999
2	26	1.95061	7.59063	9.74	6.54	1.91622	2.40208	5	46.8821	-9999	-9999	-9999
2	27	7.30361	4.72979	7.89	3.04	2.66333	3.16479	6.7	46.3406	-9999	-9999	-9999
2	28	6.09307	3.18167	4.94	0.95	2.14033	2.32979	3.5	46.0729	-9999	-9999	-9999
3	1	7.33439	2.80667	5.76	-1.76	1.92822	2.325	0	45.2867	-9999	-9999	-9999
3	2	9.54472	-1.30854	2.5	-3.76	1.58161	0.948333	0	45.0812	-9999	-9999	-9999
3	3	4.94768	0.0483333	2.23	-1.75	1.64583	0.64375	0	44.7498	-9999	-9999	-9999
3	4	3.49283	2.88625	4.8	1.05	1.735	1.57854	0	44.5321	-9999	-9999	-9999
3	5	11.5727	5.08958	7.66	1.49	2.52413	2.02646	0.1	44.3937	-9999	-9999	-9999
3	6	4.62402	3.33042	5.55	0.28	1.08339	2.14833	0.1	44.4169	-9999	-9999	-9999
3	7	4.26299	5.88292	7.87	3.62	2.15751	3.40271	6.6	45.7306	-9999	-9999	-9999
3	8	13.9464	4.75063	8.37	1.04	3.07063	2.65937	0	45.5496	-9999	-9999	-9999
3	9	5.32267	5.60188	7.29	3.15	2.89451	2.98417	0	45.0777	-9999	-9999	-9999
3	10	14.0852	4.77187	7.66	2.16	4.11953	2.82771	0	44.8367	-9999	-9999	-9999
3	11	14.7424	8.46604	13.23	3.69	6.09264	3.13271	0	44.6219	-9999	-9999	-9999
3	12	8.88494	11.386	13.61	8.69	6.68867	4.6075	0	44.4335	-9999	-9999	-9999
3	13	7.72587	8.71813	12.32	1.69	4.20267	5.3675	4.7	44.6871	-9999	-9999	-9999
3	14	1.70823	-0.578333	1.32	-1.14	0.108588	2.91	21.8	46.7279	-9999	-9999	-9999
3	15	2.62331	-1.09958	-0.26	-1.69	0.117501	1.79708	7.7	46.9075	-9999	-9999	-9999
3	16	5.92171	0.6425	2.1	-0.23	0.122987	1.38	0	47.0173	-9999	-9999	-9999
3	17	13.5835	6.41021	11.85	0.18	2.16643	1.08396	0	47.751	-9999	-9999	-9999
3	18	12.4098	11.1506	14.62	7.73	4.98971	2.88021	0.9	47.2587	-9999	-9999	-9999
3	19	6.73324	7.04688	8.93	5.23	2.34244	4.52854	4.1	46.8398	-9999	-9999	-9999
3	20	6.41	7.13354	11.16	4.08	1.90694	4.70583	9.9	47.174	-9999	-9999	-9999
3	21	7.10215	7.07937	12	3.87	2.024	5.2375	10.5	47.231	-9999	-9999	-9999
3	22	4.66403	3.66375	7.21	0.2	1.5347	4.5875	6.3	47.2008	-9999	-9999	-9999
3	23	4.77515	0.542917	1.56	-0.74	1.06857	2.83104	0	46.3242	-9999	-9999	-9999
3	24	6.16957	-0.427083	1.02	-1.43	0.959169	2.37438	0.1	45.9621	-9999	-9999	-9999
3	25	4.84277	-1.55583	-0.46	-2.82	1.04539	1.73521	0	45.8165	-9999	-9999	-9999
3	26	7.83349	-0.785	1.19	-2.29	1.66764	1.65312	0	45.676	-9999	-9999	-9999
3	27	14.2518	-1.30875	1.45	-3.92	1.43479	1.15896	0	45.476	-9999	-9999	-9999
3	28	19.438	1.52833	6.64	-3.29	2.30552	1.25792	0	45.2896	-9999	-9999	-9999
3	29	19.4649	6.23229	13.1	0.04	4.46253	2.28271	0	45.1523	-9999	-9999	-9999
3	30	13.9491	10.985	14.09	7.59	8.00507	4.005	0	45.0269	-9999	-9999	-9999
3	31	16.5598	10.811	14.12	7.76	6.8577	5.17417	0	44.8535	-9999	-9999	-9999
4	1	15.6186	11.519	14.42	7.77	8.1838	5.61271	0	44.6354	-9999	-9999	-9999
4	2	18.899	11.1033	15.32	7.73	6.75885	5.99875	0	44.42	-9999	-9999	-9999
4	3	19.7438	8.43375	14.18	3.06	5.30867	5.70104	0	44.164	-9999	-9999	-9999
4	4	19.2319	4.96312	10.39	-0.16	4.24522	4.79063	0	43.9048	-9999	-9999	-9999
4	5	20.3007	2.53979	6.26	-0.98	3.50398	3.76563	0	43.6079	-9999	-9999	-9999
4	6	10.4545	-1.05813	1.76	-4.78	1.85806	2.34958	0	43.385	-9999	-9999	-9999
4	7	21.7597	2.61188	6.36	-1.29	3.58378	2.55792	0	43.509	-9999	-9999	-9999
4	8	21.1456	2.41333	6.56	-1.96	3.5939	2.565	0	43.3527	-9999	-9999	-9999
4	9	18.7694	3.75979	7.67	0.28	4.47412	2.80833	0	43.0769	-9999	-9999	-9999
4	10	10.0037	3.04229	5.63	-0.1	2.79686	2.9575	0	42.7663	-9999	-9999	-9999
4	11	12.9279	4.28417	7.78	1.42	2.21397	3.69604	0	42.4223	-9999	-9999	-9999
4	12	6.98342	4.76958	7.95	1.55	0.998199	3.74667	0.2	42.1796	-9999	-9999	-9999
4	13	1.63125	5.08771	6.75	3.88	0.412576	4.4925	11.2	44.094	-9999	-9999	-9999
4	14	2.46755	3.32687	3.73	2.76	0.306846	4.16313	10.9	47.5956	-9999	-9999	-9999
4	15	6.15863	3.88708	5.11	2.3	0.593119	4.30646	7.9	47.4458	-9999	-9999	-9999
4	16	7.49759	4.11333	6.03	2.56	1.01641	4.70917	0.5	47.5187	-9999	-9999	-9999
4	17	6.55319	4.63042	6.67	3.32	1.09215	4.85854	1.2	46.9719	-9999	-9999	-9999
4	18	14.3277	7.85438	11.19	4.46	2.97352	5.97083	0	46.7665	-9999	-9999	-9999
4	19	8.47777	7.19458	9.28	4.53	2.65655	6.00417	3.5	47.4146	-9999	-9999	-9999
4	20	11.8244	7.63646	9.99	5.48	2.52071	6.11771	0.4	46.9004	-9999	-9999	-9999
4	21	15.1072	8.43812	12.2	5.05	2.6539	6.70229	0	46.4567	-9999	-9999	-9999
4	22	22.8093	11.84	15.38	7.52	6.50642	7.17375	0	46.0498	-9999	-9999	-9999
4	23	11.7016	11.9867	14.52	9.83	5.14418	7.99979	0	45.5865	-9999	-9999	-9999
4	24	3.11171	8.77917	10.1	7.3	0.829832	7.79583	8.2	47.2454	-9999	-9999	-9999
4	25	13.0138	12.029	15.74	9.2	3.28558	8.82083	0.1	46.9402	-9999	-9999	-9999
4	26	9.8622	9.16813	13.3	5.86	1.97223	8.61417	4.7	47.005	-9999	-9999	-9999
4	27	14.6382	5.01083	7.31	2.44	1.74	7.31187	7	47.7256	-9999	-9999	-9999
4	28	10.5515	7.17604	11.05	3.15	2.30346	7.05708	2.8	48.1923	-9999	-9999	-9999
4	29	11.6693	7.63083	10.32	4.93	2.42961	7.30813	9.6	48.3069	-9999	-9999	-9999
4	30	15.06	9.12292	13.76	4.4	4.5315	7.29688	0.2	47.831	-9999	-9999	-9999
5	1	10.8215	11.2265	13.87	9.49	4.97857	8.09604	0.2	46.9946	-9999	-9999	-9999
5	2	7.95524	9.31375	11.69	7.44	1.89595	8.32979	3	47.2719	-9999	-9999	-9999
5	3	2.35642	7.50833	8.64	6.23	0.438497	7.95583	15	48.156	-9999	-9999	-9999
5	4	2.29525	7.16125	7.75	6.38	0.304924	7.44375	15.5	49.1904	-9999	-9999	-9999
5	5	12.9137	8.11375	9.91	6.55	1.64329	8.19792	0.3	48.311	-9999	-9999	-9999
5	6	5.9179	6.45417	7.91	5.51	0.834259	7.355	8.6	48.4129	-9999	-9999	-9999
5	7	17.6294	9.01396	13.58	4.48	1.25674	7.91438	0	47.921	-9999	-9999	-9999
5	8	12.4339	13.329	18.58	9.81	2.61211	9.48	0.9	47.6385	-9999	-9999	-9999
5	9	21.4349	16.2719	21.06	11.67	6.28253	10.5754	0	46.9256	-9999	-9999	-9999
5	10	12.5758	15.3798	17.61	13.18	3.43827	11.1519	3.4	46.2185	-9999	-9999	-9999
5	11	11.1554	13.0808	14.75	11.6	1.91999	11.045	2.2	47.3827	-9999	-9999	-9999
5	12	11.2754	12.4798	14.84	11.1	1.77642	10.8423	1.5	47.6144	-9999	-9999	-9999
5	13	17.7791	13.7719	16.97	10.94	2.65768	11.0548	0.1	47.0433	-9999	-9999	-9999
5	14	20.6481	12.7431	14.3	8.62	4.42591	10.9265	3.1	46.4583	-9999	-9999	-9999
5	15	23.8184	12.106	15.54	8.33	4.3996	10.4587	0.1	46.9283	-9999	-9999	-9999
5	16	27.5584	17.486	22.2	12	9.68936	11.23	0	45.9856	-9999	-9999	-9999
5	17	26.4422	17.9731	22.16	11.82	8.39452	12.256	0	44.9438	-9999	-9999	-9999
5	18	20.759	13.7713	18.72	9.08	3.03341	11.9775	1	44.1642	-9999	-9999	-9999
5	19	11.4745	12.1587	14.63	9.81	3.17329	11.4502	5.1	46.219	-9999	-9999	-9999
5	20	14.6904	14.6144	17.42	12.21	6.17322	11.3556	0	45.7	-9999	-9999	-9999
5	21	20.6565	15.4021	19.51	9.98	5.83055	11.5002	0	44.661	-9999	-9999	-9999
5	22	23.9181	18.46	23.58	13.25	8.21867	12.3715	0.2	43.9385	-9999	-9999	-9999
5	23	5.3977	13.2506	15.67	10.72	2.17711	12.1144	1.8	43.3296	-9999	-9999	-9999
5	24	15.7901	13.2523	16.84	10.31	4.04166	11.5771	2.9	45.8083	-9999	-9999	-9999
5	25	12.2072	11.7673	15.23	8.98	3.39697	11.3554	0.5	44.389	-9999	-9999	-9999
5	26	22.1755	11.5631	15.05	6.87	4.22232	10.6208	0	43.6517	-9999	-9999	-9999
5	27	8.6749	11.159	14.1	8.73	3.09856	10.2085	31.6	45.3862	-9999	-9999	-9999
5	28	7.83448	10.8179	14.19	8.7	1.43932	9.90833	14.6	48.4404	-9999	-9999	-9999
5	29	21.76	11.8167	15.41	8.81	3.91485	10.3058	0.5	46.8638	-9999	-9999	-9999
5	30	24.8869	12.4144	16.18	7.93	5.90253	10.2804	0	45.5013	-9999	-9999	-9999
5	31	23.8122	13.8344	17.53	10.49	7.11387	10.636	0	44.4642	-9999	-9999	-9999
6	1	28.276	11.9771	15.86	8.6	5.16382	10.4812	0	43.6858	-9999	-9999	-9999
6	2	30.3943	13.3252	16.77	9.41	6.38841	10.4817	0	42.8342	-9999	-9999	-9999
6	3	29.2585	16.3308	20.01	10.9	8.98369	11.2558	0	41.7837	-9999	-9999	-9999
6	4	21.5405	18.7208	22.77	15.24	9.93941	12.2287	0	40.5031	-9999	-9999	-9999
6	5	19.709	17.3597	21.12	13.19	5.90843	12.7757	0.102128	39.3638	-9999	-9999	-9999
6	6	13.3387	14.6829	18.32	12.47	2.27359	12.754	21.8	43.8823	-9999	-9999	-9999
6	7	3.79805	13.1902	14.87	11.84	0.622593	12.4256	8.9	47.5119	-9999	-9999	-9999
6	8	10.788	13.3952	15.79	11.55	2.49452	11.9615	1.4	47.2667	-9999	-9999	-9999
6	9	16.2669	15.8969	18.21	13.03	6.74473	11.9556	0	45.7867	-9999	-9999	-9999
6	10	8.65334	12.6387	16.61	10.4	2.6385	11.8323	6.4	46.6754	-9999	-9999	-9999
6	11	13.8696	11.2312	14.74	7.84	2.09955	11.0867	2.5	46.7042	-9999	-9999	-9999
6	12	10.2346	14.1615	17.47	11.01	3.60022	11.4198	0.1	46.0981	-9999	-9999	-9999
6	13	4.4482	13.374	14.71	12.3	1.55528	11.7267	2.4	45.5894	-9999	-9999	-9999
6	14	15.6732	16.3727	20.78	12.28	4.31892	12.155	0	45.3619	-9999	-9999	-9999
6	15	18.4402	18.8008	22.73	15.4	5.47504	13.3927	5.1	45.5725	-9999	-9999	-9999
6	16	17.4229	17.0154	19.29	14.43	6.06068	13.3288	0.2	44.5235	-9999	-9999	-9999
6	17	28.8499	22.4942	27.6	16.97	12.5871	14.161	0	43.1371	-9999	-9999	-9999
6	18	27.8441	26.3898	30.69	21.14	16.2224	15.7942	0	41.2565	-9999	-9999	-9999
6	19	8.93072	18.0998	21.69	16.92	2.65084	15.7127	0	39.9625	-9999	-9999	-9999
6	20	13.2398	18.9487	25.59	16.15	3.49979	15.3783	1.2	39.5081	-9999	-9999	-9999
6	21	12.9163	15.9694	17.51	13.54	2.73366	14.7048	5.3	39.6206	-9999	-9999	-9999
6	22	19.7314	18.9542	22.77	14.59	6.4125	14.7998	0	40.3319	-9999	-9999	-9999
6	23	16.0622	16.9379	19.86	13.8	5.6069	14.7254	0	39.0777	-9999	-9999	-9999
6	24	20.9322	15.2075	18.48	12.09	6.50482	13.8019	0	37.9715	-9999	-9999	-9999
6	25	28.0949	15.8481	18.67	12.49	8.18823	13.296	0	36.514	-9999	-9999	-9999
6	26	30.0156	18.4638	21.88	15.14	11.2147	13.5606	0	34.8529	-9999	-9999	-9999
6	27	22.8869	15.8031	19.16	12.1	7.05039	13.6223	0	33.2715	-9999	-9999	-9999
6	28	16.2765	11.2656	14.7	8.44	4.33233	12.0925	1.6	32.1465	-9999	-9999	-9999
6	29	17.9976	10.8044	13.93	7.82	3.93148	11.221	2.9	33.7833	-9999	-9999	-9999
6	30	27.2823	14.4338	18.71	9.7	7.21332	11.7587	0	32.4825	-9999	-9999	-9999
7	1	8.74107	13.7919	17.24	12.03	4.26237	12.1298	3.6	31.554	-9999	-9999	-9999
7	2	12.2431	12.7077	15.24	11.23	2.88524	11.9823	2.2	31.2758	-9999	-9999	-9999
7	3	13.8399	14.6017	17.29	11.38	4.95628	12.1104	0.3	30.7692	-9999	-9999	-9999
7	4	8.28995	12.7644	15.3	10.83	3.4106	11.9865	0.5	30.264	-9999	-9999	-9999
7	5	24.1795	15.7323	19.19	11.02	7.05545	12.2562	0.1	29.5417	-9999	-9999	-9999
7	6	17.0112	15.9729	17.68	12.75	5.9116	12.8575	0	28.6131	-9999	-9999	-9999
7	7	13.6165	15.3681	17.29	12.35	3.52198	12.9658	0.3	28.0537	-9999	-9999	-9999
7	8	28.8654	21.3025	26.69	15.07	12.8817	13.9877	0	27.3438	-9999	-9999	-9999
7	9	26.7453	24.1742	29.95	17.93	16.0889	15.5673	3.7	26.2635	-9999	-9999	-9999
7	10	15.1697	17.4027	22.75	10.99	5.05751	15.0817	17.9	29.0306	-9999	-9999	-9999
7	11	20.5786	14.6373	18.37	9.94	5.26348	13.4546	3.6	33.0031	-9999	-9999	-9999
7	12	19.3627	17.3146	20.84	12.55	6.43467	13.6744	0	31.0813	-9999	-9999	-9999
7	13	16.2678	16.785	20.73	13.83	5.37225	14.044	0	28.8127	-9999	-9999	-9999
7	14	4.1427	15.7627	17.07	14.47	1.16817	14.0588	5.5	32.0106	-9999	-9999	-9999
7	15	11.6027	16.4317	18.05	14.6	3.36275	14.3327	0	31.3304	-9999	-9999	-9999
7	16	9.63441	16.3529	20.51	14.47	3.31864	14.1308	3.3	29.5963	-9999	-9999	-9999
7	17	3.15734	14.5844	15.61	12.74	0.789692	14.1088	32.6	38.9994	-9999	-9999	-9999
7	18	4.31761	11.6821	12.65	11.39	0.972597	12.8806	2.6	42.121	-9999	-9999	-9999
7	19	7.84172	11.7415	13.15	9.44	2.25855	12.1198	0	40.7021	-9999	-9999	-9999
7	20	24.6961	16.5898	21.07	11.15	7.07183	12.8102	0	38.1956	-9999	-9999	-9999
7	21	20.6275	16.2642	18.84	12.02	6.73687	13.3756	0.4	35.1815	-9999	-9999	-9999
7	22	13.51	12.6658	14.67	10.62	3.73305	12.5479	0	33.2748	-9999	-9999	-9999
7	23	14.1431	14.4092	17.86	10.39	5.01146	12.4517	0	31.8921	-9999	-9999	-9999
7	24	10.8508	14.5335	16.74	12.71	2.7176	13.0667	5.2	31.535	-9999	-9999	-9999
7	25	14.9307	12.9677	15.52	10.87	3.77971	12.4765	0	31.5269	-9999	-9999	-9999
7	26	3.17048	12.7956	14.27	11.14	1.11803	12.2587	2.1	30.8788	-9999	-9999	-9999
7	27	18.1382	17.8879	22.22	13.86	6.1121	13.426	0.1	30.764	-9999	-9999	-9999
7	28	26.826	21.266	25.5	16.91	11.7008	14.5567	0	29.2192	-9999	-9999	-9999
7	29	26.0755	23.5179	27.95	19.04	14.3611	15.6552	0	27.5129	-9999	-9999	-9999
7	30	17.7027	23.9535	27.35	20.9	13.9963	16.4927	0	26.2958	-9999	-9999	-9999
7	31	19.8099	22.7513	27.05	18.14	11.8847	16.6002	0	25.3596	-9999	-9999	-9999
8	1	9.0527	18.1667	21.46	15.25	2.43004	16.3546	11.5	26.4123	-9999	-9999	-9999
8	2	23.4222	18.2521	22.64	14.33	8.37479	15.4844	0	26.5542	-9999	-9999	-9999
8	3	15.8956	18.6629	23.56	14.15	7.35319	15.2427	0	25.0558	-9999	-9999	-9999
8	4	13.1782	17.0781	20.69	14.56	4.76331	15.2212	1	24.5308	-9999	-9999	-9999
8	5	16.5416	15.6817	18.81	13.47	3.62385	14.675	1.3	24.1896	-9999	-9999	-9999
8	6	20.081	16.7877	20.38	13.17	7.04852	14.3562	0	23.7502	-9999	-9999	-9999
8	7	9.12847	15.3537	17.35	14	2.62794	14.3056	11.2	23.7419	-9999	-9999	-9999
8	8	4.3956	14.1781	14.84	13.42	0.992383	14.0567	17.8	30.7285	-9999	-9999	-9999
8	9	20.7733	16.451	20.43	11.47	4.51221	14.0163	0	30.9558	-9999	-9999	-9999
8	10	10.1347	15.7904	18.6	13.49	2.2076	14.2798	11.4	31.7044	-9999	-9999	-9999
8	11	8.49049	16.1187	19.07	13.92	1.59126	14.426	3.8	32.0292	-9999	-9999	-9999
8	12	5.39174	15.1275	16.81	12.97	2.69553	14.2644	8.2	35.4767	-9999	-9999	-9999
8	13	10.3176	15.0056	17.55	12.95	3.80204	13.8615	0.1	33.6683	-9999	-9999	-9999
8	14	10.0027	16.8065	19.49	14.42	3.94212	14.1825	0	31.8712	-9999	-9999	-9999
8	15	20.6021	19.5513	22.83	16.83	8.08973	14.9442	0	30.2306	-9999	-9999	-9999
8	16	20.3498	20.0521	22.53	17	8.75606	15.2869	0	28.3121	-9999	-9999	-9999
8	17	18.2714	19.5983	23.79	16.96	6.62354	15.5569	15.6	28.1027	-9999	-9999	-9999
8	18	20.2239	20.239	25.16	16.15	7.0631	15.8879	0	29.3852	-9999	-9999	-9999
8	19	21.0086	22.2952	27.12	17.09	11.071	16.4323	0.1	27.5325	-9999	-9999	-9999
8	20	17.7895	22.3785	27.3	18.92	10.659	16.7894	1.2	26.0979	-9999	-9999	-9999
8	21	19.0582	17.8379	19.9	15.03	4.53388	16.3294	0	25.2669	-9999	-9999	-9999
8	22	16.0916	16.4515	20.26	13.31	3.92659	15.2717	2.2	25.8558	-9999	-9999	-9999
8	23	12.68	18.0244	21.45	15.37	4.43702	15.3654	0.7	26.544	-9999	-9999	-9999
8	24	17.2982	19.4294	24.43	15.63	5.94483	15.796	0	25.4767	-9999	-9999	-9999
8	25	16.0346	16.9615	20.14	14.61	3.59399	15.7194	0	24.7902	-9999	-9999	-9999
8	26	15.6444	19.0704	24.31	14.97	6.2893	15.7371	0	24.3671	-9999	-9999	-9999
8	27	19.6126	20.2237	24.88	16.55	7.81988	16.2715	0	23.8865	-9999	-9999	-9999
8	28	13.2086	18.4923	22.34	15.91	3.39866	16.2985	15.2	24.1802	-9999	-9999	-9999
8	29	13.9635	19.245	22.85	16.95	4.22977	16.4581	0.5	25.6535	-9999	-9999	-9999
8	30	17.2744	20.4875	23.92	16.55	7.30503	16.5742	0	24.699	-9999	-9999	-9999
8	31	14.9764	18.799	21.06	14.56	5.61306	16.4744	0.1	24.114	-9999	-9999	-9999
9	1	11.1	13.551	15.47	11.72	4.66496	14.4758	0	23.6744	-9999	-9999	-9999
9	2	20.1115	14.0127	17.9	10.33	6.02398	13.3415	0	23.3375	-9999	-9999	-9999
9	3	12.6772	13.5638	16.85	10.3	4.36716	12.9885	0	23.1179	-9999	-9999	-9999
9	4	13.7267	16.3771	20.09	12.99	4.64908	13.8279	3.7	23.0456	-9999	-9999	-9999
9	5	18.7106	16.5119	20.27	13.08	5.79468	14.0896	0.3	23.064	-9999	-9999	-9999
9	6	17.3361	15.9985	19.47	11.89	5.46412	13.9598	0	22.7867	-9999	-9999	-9999
9	7	17.2673	16.7621	19.9	12.23	7.51834	13.9181	0	22.5121	-9999	-9999	-9999
9	8	17.9648	19.1779	23.65	14.56	10.1184	14.4998	0	22.2098	-9999	-9999	-9999
9	9	18.3697	18.9406	24.56	13.58	8.71326	14.9531	0	21.8896	-9999	-9999	-9999
9	10	2.07058	13.069	17.73	10.88	1.64594	13.9621	13.7	21.7312	-9999	-9999	-9999
9	11	4.07885	12.7779	14.64	10.88	0.958366	12.8973	1	23.5169	-9999	-9999	-9999
9	12	18.1882	12.9833	16.12	9.7	4.49186	12.6802	0	22.8321	-9999	-9999	-9999
9	13	18.7271	13.9154	17.23	9.91	6.78739	12.0108	0	22.241	-9999	-9999	-9999
9	14	8.41232	12.6825	14.67	10.68	2.08939	12.2631	1.2	22.1069	-9999	-9999	-9999
9	15	15.7162	10.8858	14.1	8.63	3.34929	11.5648	0.1	22.1073	-9999	-9999	-9999
9	16	13.121	10.779	13.62	7.79	3.85462	10.7773	0	21.7933	-9999	-9999	-9999
9	17	7.30512	11.5523	13.99	9.09	2.24893	11.1923	0	21.6856	-9999	-9999	-9999
9	18	9.18241	11.8685	13.38	10.39	3.32489	11.4985	0	21.5827	-9999	-9999	-9999
9	19	12.3635	12.2508	15.07	9.94	3.71706	11.3837	0	21.3946	-9999	-9999	-9999
9	20	7.32067	11.9106	14.21	9.46	3.31924	11.3613	0	21.2333	-9999	-9999	-9999
9	21	7.68816	10.8015	12.88	8.97	2.37245	11.164	0	21.1171	-9999	-9999	-9999
9	22	4.08256	8.60708	10.53	7.45	0.944139	10.2585	5	21.6583	-9999	-9999	-9999
9	23	1.1486	5.7175	7.44	3.71	0.530371	8.75062	7	23.3198	-9999	-9999	-9999
9	24	16.8744	5.48125	8.92	1.49	2.3744	7.30437	0.1	24.1833	-9999	-9999	-9999
9	25	6.66655	6.44875	9.14	4.27	2.024	7.55833	3.9	23.0863	-9999	-9999	-9999
9	26	4.30659	8.19458	9.76	6.42	0.746026	8.40167	1.4	27.8452	-9999	-9999	-9999
9	27	12.6694	7.96667	9.08	6.43	2.76444	8.50771	0.9	26.7885	-9999	-9999	-9999
9	28	9.39137	7.00542	10.32	3.41	2.55353	7.37604	0	24.7083	-9999	-9999	-9999
9	29	4.92701	10.0404	12.49	7.81	2.18382	8.6675	0	24.0069	-9999	-9999	-9999
9	30	15.4008	12.1617	15.27	9.49	4.87321	9.28458	0	23.4048	-9999	-9999	-9999
10	1	14.9573	12.9615	16.16	10.1	6.51826	9.42854	0	22.5508	-9999	-9999	-9999
10	2	11.6321	12.6535	15.81	9.92	4.74413	9.96354	0	21.9965	-9999	-9999	-9999
10	3	4.13037	11.4675	12.44	9.65	1.38846	10.2848	2.6	22.0329	-9999	-9999	-9999
10	4	9.23827	10.8746	12.99	9.15	2.34711	10.4225	0.9	22.5296	-9999	-9999	-9999
10	5	3.79539	8.55688	9.64	7.44	0.955488	9.44187	16.2	24.4019	-9999	-9999	-9999
10	6	2.09997	8.09646	9.52	4.99	0.623905	9.18708	12	30.1673	-9999	-9999	-9999
10	7	4.74631	4.41396	5.49	3.22	0.603539	7.41646	3.3	30.3771	-9999	-9999	-9999
10	8	13.9599	3.98312	6.88	0.93	1.62589	6.41625	0	30.9206	-9999	-9999	-9999
10	9	6.99878	5.59292	8.02	3.58	1.03308	6.80625	0	29.4431	-9999	-9999	-9999
10	10	2.89112	4.18062	6.68	2.14	0.986913	6.27563	0	28.8006	-9999	-9999	-9999
10	11	5.5366	1.87896	5.53	-1.26	1.55416	4.96229	0	28.2437	-9999	-9999	-9999
10	12	2.39355	-0.140208	1.15	-1.6	0.629192	3.86417	0	27.8935	-9999	-9999	-9999
10	13	1.49119	0.7325	1.26	0.25	0.250884	3.89125	0.3	27.8417	-9999	-9999	-9999
10	14	4.26971	6.23688	11.38	0.5	1.86023	4.84875	0.4	27.9535	-9999	-9999	-9999
10	15	5.35952	9.36979	11.71	7.29	1.94677	7.04604	6.6	29.0192	-9999	-9999	-9999
10	16	2.90128	11.569	12.52	10.5	1.36271	8.55354	4.5	32.6312	-9999	-9999	-9999
10	17	4.01713	8.91313	11.27	5.27	1.32021	8.75521	3.6	33.5779	-9999	-9999	-9999
10	18	3.98612	4.67708	6.46	3.43	0.9482	6.99583	0.4	32.5446	-9999	-9999	-9999
10	19	5.52384	3.81813	6.26	1.96	0.954183	6.05542	8.6	34.2667	-9999	-9999	-9999
10	20	7.15392	3.38958	6.45	0.93	1.62512	5.40271	0	33.5704	-9999	-9999	-9999
10	21	1.79878	6.18583	10.55	2.11	1.02962	5.7975	1	32.7177	-9999	-9999	-9999
10	22	2.95378	11.0942	12.68	10.09	1.25797	8.03875	13.7	36.3123	-9999	-9999	-9999
10	23	2.84614	9.28042	11.99	4.39	1.83395	8.63958	8.3	37.3917	-9999	-9999	-9999
10	24	6.35358	5.17667	7.9	3.46	2.28582	6.98354	0	35.9808	-9999	-9999	-9999
10	25	1.65796	7.78646	11.01	4.92	1.34625	7.09375	3.6	35.2073	-9999	-9999	-9999
10	26	4.96348	8.72583	10.87	7.26	3.53846	7.61708	2.2	36.0629	-9999	-9999	-9999
10	27	1.17598	8.65792	12	6.81	2.34927	7.55646	10.6	37.8075	-9999	-9999	-9999
10	28	4.91938	5.99417	7.8	3.93	2.70534	6.66396	2.3	38.4829	-9999	-9999	-9999
10	29	5.57255	5.12708	7.31	2.87	2.05416	6.24688	0.1	38.1246	-9999	-9999	-9999
10	30	5.7555	6.19896	7.96	4.61	1.92468	6.65083	0.9	37.9558	-9999	-9999	-9999
10	31	1.87607	4.38125	6.31	2.11	0.761693	6.22521	0	37.7821	-9999	-9999	-9999
11	1	2.83606	5.79375	8.95	1.87	0.559369	6.33417	1.3	37.7021	-9999	-9999	-9999
11	2	1.08149	7.14729	10.09	3.46	0.466166	7.44438	19.9	40.5077	-9999	-9999	-9999
11	3	0.96021	3.87229	7.05	1.47	0.245873	6.255	16.5	40.8148	-9999	-9999	-9999
11	4	1.77644	3.77229	6.77	-0.86	0.294349	6.30646	2.8	40.4933	-9999	-9999	-9999
11	5	6.40706	-1.75375	-0.82	-2.91	0.630715	4.52271	0	39.9121	-9999	-9999	-9999
11	6	4.90433	-1.06854	1.92	-2.84	0.670335	3.49292	0	39.2585	-9999	-9999	-9999
11	7	1.92496	-0.817292	1.31	-2.48	0.368929	3.09208	0	39.0102	-9999	-9999	-9999
11	8	3.31243	2.67833	3.94	1.58	0.645817	3.8199	7.55745	40.8998	-9999	-9999	-9999
11	9	2.20714	3.62771	5.31	0.57	1.22704	3.93021	10.9	42.0269	-9999	-9999	-9999
11	10	4.51651	2.77479	4.65	1.55	1.53749	4.00229	1.3	40.4681	-9999	-9999	-9999
11	11	2.45086	5.13708	7.2	2.7	0.806057	4.59271	15.5	42.735	-9999	-9999	-9999
11	12	3.60826	6.81583	8.51	5.3	1.41301	5.35396	0.3	41.1683	-9999	-9999	-9999
11	13	3.18245	7.51792	8.98	6.14	2.53607	5.58958	0	40.3177	-9999	-9999	-9999
11	14	2.93701	7.45896	9.9	5.55	2.48291	5.56833	0.7	39.9575	-9999	-9999	-9999
11	15	2.57103	6.14271	7.86	4.72	0.754693	5.75729	1.2	40.5706	-9999	-9999	-9999
11	16	1.72508	6.4925	8.94	5.7	0.570025	6.09063	1.4	40.5331	-9999	-9999	-9999
11	17	1.95844	7.08938	8.88	5.82	1.51254	6.18438	0.5	41.1815	-9999	-9999	-9999
11	18	5.44208	6.53625	9.58	5.12	1.39608	5.27354	0	40.4848	-9999	-9999	-9999
11	19	0.365598	4.25063	5.13	1.67	0.46637	5.44354	0.9	40.2208	-9999	-9999	-9999
11	20	1.83204	1.01271	2.38	-0.05	0.195672	4.7025	0.1	40.4802	-9999	-9999	-9999
11	21	3.15234	2.77292	5.3	0.8	0.3072	4.1225	0	40.2585	-9999	-9999	-9999
11	22	1.51538	4.24729	5.5	2.18	0.450084	4.63562	3.6	40.7844	-9999	-9999	-9999
11	23	3.1522	5.95812	8.67	4.14	1.43031	5.07646	0	41.614	-9999	-9999	-9999
11	24	2.74736	6.30354	8.52	3.87	2.05818	4.95854	0	40.8333	-9999	-9999	-9999
11	25	2.31773	5.04104	10.23	1.57	1.32212	4.94479	0	40.5108	-9999	-9999	-9999
11	26	0.936612	6.85833	8.64	6.06	1.75593	5.61979	0.4	40.3079	-9999	-9999	-9999
11	27	1.01416	5.01563	5.9	4.4	0.694935	5.54896	0	40.4517	-9999	-9999	-9999
11	28	2.87343	6.63458	8.32	4.74	1.16781	5.72125	0	40.345	-9999	-9999	-9999
11	29	0.707904	6.22729	7.11	5.32	0.519295	5.8725	16.6	42.3815	-9999	-9999	-9999
11	30	0.467604	5.02396	5.52	4.2	0.440326	5.69542	20.9	43.9581	-9999	-9999	-9999
12	1	1.99454	4.29083	6.06	3.66	0.962868	5.17458	0	42.2017	-9999	-9999	-9999
12	2	1.87342	3.67292	4.8	1.92	1.02374	4.65	1.1	42.1354	-9999	-9999	-9999
12	3	1.89902	2.70271	4.32	1.81	0.534778	4.55583	0.4	41.6896	-9999	-9999	-9999
12	4	0.868554	1.91625	2.36	1.45	0.191993	4.28437	0.3	41.8065	-9999	-9999	-9999
12	5	0.53847	0.569583	1.54	-1.22	0.133492	3.72417	2.6	42.759	-9999	-9999	-9999
12	6	0.386514	-2.915	-1.36	-3.64	0.170006	2.36979	0.3	42.1929	-9999	-9999	-9999
12	7	0.268002	-5.90917	-2.88	-8.69	0.227608	1.48708	0	41.6648	-9999	-9999	-9999
12	8	1.45814	-8.605	-6.77	-10.68	0.254874	0.443333	0	41.2725	-9999	-9999	-9999
12	9	0.826668	-11.0275	-10.29	-12.26	0.262454	0.000625	0	40.75	-9999	-9999	-9999
12	10	1.013	-11.9917	-10.15	-13.19	0.265923	-0.175	0.2	40.3256	-9999	-9999	-9999
12	11	0.59976	-11.9342	-10.71	-13.17	0.267199	-0.3975	0	39.8479	-9999	-9999	-9999
12	12	0.874626	-9.16729	-4.16	-11.87	0.267812	-0.529167	0	39.3348	-9999	-9999	-9999
12	13	0.847692	-5.90021	-1.76	-8.32	0.253618	-0.472708	0	38.7975	-9999	-9999	-9999
12	14	0.40914	-5.56187	-3.63	-7.02	0.247603	-0.387917	0	38.559	-9999	-9999	-9999
12	15	0.391356	-5.00896	-3	-6.18	0.245293	-0.352917	0	38.5198	-9999	-9999	-9999
12	16	0.509868	0.745	2.71	-2.92	0.19754	-0.2575	3.3	39.5229	-9999	-9999	-9999
12	17	0.28404	-0.35875	2.55	-2.32	0.137166	-0.157292	2	43.1854	-9999	-9999	-9999
12	18	3.8581	-2.39542	-1.59	-3.56	0.341773	-0.015625	0	42.5848	-9999	-9999	-9999
12	19	1.22188	-1.74146	-0.81	-2.73	0.388955	0.0775	0	42.1931	-9999	-9999	-9999
12	20	2.06106	-2.82271	-0.81	-4.83	0.33066	-0.0575	0	41.4446	-9999	-9999	-9999
12	21	1.03813	-0.372917	0.16	-1.22	0.320323	0.01625	0	41.2252	-9999	-9999	-9999
12	22	0.32031	-1.43042	0.24	-2.83	0.203703	0.065625	24.2	42.2048	-9999	-9999	-9999
12	23	0.664704	-1.79896	-0.07	-2.63	0.157183	0.100208	2.1	43.5717	-9999	-9999	-9999
12	24	0.357786	-1.02812	1.1	-2.57	0.174852	0.198125	3.9	42.5858	-9999	-9999	-9999
12	25	1.13004	2.11583	2.76	0.17	0.301801	0.310417	0	43.8262	-9999	-9999	-9999
12	26	2.05367	1.32896	4.03	-0.84	0.398295	0.407708	1.2	43.6698	-9999	-9999	-9999
12	27	1.36375	6.01042	7.89	3.83	1.40199	0.581042	0.3	44.4083	-9999	-9999	-9999
12	28	1.35274	4.95333	6.86	3.56	1.45286	1.54271	0.1	43.7927	-9999	-9999	-9999
12	29	0.990072	3.91646	4.49	3.16	0.601087	2.44729	7.2	43.145	-9999	-9999	-9999
12	30	1.26148	5.12146	10.38	-1.64	0.667305	3.6925	30.2	45.3621	-9999	-9999	-9999
12	31	0.728046	-5.68667	-1.87	-7.58	0.227302	1.89813	8.5	47.3042	-9999	-9999	-9999
