Month	n_days	Rg_f	Ta_f	Tmax	Tmin	VPD_f	Ts_f	Precip	SWC	LAI	ET	Litterfall
1	1	1.17155	-3.86667	-2.2	-6.04	0.0264324	0.420208	0	35.809	-9999	-9999	-9999
1	2	1.62931	-5.8825	-4.87	-7.1	0.0840367	-0.00604167	0	35.5933	-9999	-9999	-9999
1	3	3.39763	-7.16354	-5.22	-8.89	0.529877	-0.259583	0	35.3371	-9999	-9999	-9999
1	4	1.07872	-6.05042	-2.4	-7.99	0.252698	-0.464792	0.9	35.0952	-9999	-9999	-9999
1	5	0.865674	-3.06792	-0.31	-5.97	0.0608418	-0.341667	0.3	34.8348	-9999	-9999	-9999
1	6	1.2532	-2.18979	0.57	-5.44	0.0514906	-0.283125	6.5	34.7448	-9999	-9999	-9999
1	7	0.979632	0.983542	1.62	0.52	0.00194492	-0.17875	0.2	36.9975	-9999	-9999	-9999
1	8	4.19425	0.0289583	1.77	-1.56	0.708118	-0.031875	0	37.0152	-9999	-9999	-9999
1	9	0.983736	0.632083	1.93	-0.47	0.0254128	0.157708	5.8	37.1727	-9999	-9999	-9999
1	10	0.89676	0.867708	1.63	-0.08	0.113583	0.325833	2.8	38.0273	-9999	-9999	-9999
1	11	0.768096	3.74813	7.2	0.03	0.371103	1.30708	3.9	38.0619	-9999	-9999	-9999
1	12	1.87848	1.98063	3.75	0.08	0.681971	1.89979	5.2	37.7419	-9999	-9999	-9999
1	13	0.780588	3.13125	5.76	0.26	0.542792	2.14292	5.1	38.0904	-9999	-9999	-9999
1	14	1.64673	1.91688	3.35	-0.01	1.08375	1.83312	4.6	37.8123	-9999	-9999	-9999
1	15	1.72588	0.5325	1.46	-0.54	0.3958	1.49229	2.6	37.8687	-9999	-9999	-9999
1	16	0.878994	1.31458	3.22	-0.47	0.661841	1.23271	3.3	37.6754	-9999	-9999	-9999
1	17	2.45587	1.37333	2.44	-0.31	0.96746	1.49083	0.9	37.3998	-9999	-9999	-9999
1	18	3.01896	-1.87292	-0.3	-4.93	0.437163	0.98	0.5	36.924	-9999	-9999	-9999
1	19	0.762984	-2.64875	-0.63	-4.66	0.300554	0.24	5.8	36.5487	-9999	-9999	-9999
1	20	2.79616	-1.98104	-0.27	-3.25	0.28524	0.378125	2.8	36.331	-9999	-9999	-9999
1	21	2.50024	-4.42854	-3.14	-7.65	0.328413	0.52	0.1	36.2992	-9999	-9999	-9999
1	22	4.16318	-5.91208	-4.19	-7.82	0.661085	0.423542	0	36.1648	-9999	-9999	-9999
1	23	5.69453	-4.76479	-1.62	-7.07	0.887213	0.322292	0	36.0023	-9999	-9999	-9999
1	24	3.03043	-4.43229	-1.64	-5.83	1.45274	0.290625	0	35.85	-9999	-9999	-9999
1	25	1.88271	-2.22271	-0.39	-5.66	0.0114937	0.319167	0.2	35.7298	-9999	-9999	-9999
1	26	4.99773	-2.14646	-0.24	-4.6	0.0317965	0.45625	0	35.68	-9999	-9999	-9999
1	27	0.900468	-4.64187	-3.79	-5.22	0.0584091	0.41625	0.1	35.6775	-9999	-9999	-9999
1	28	2.05952	-3.87458	-2.6	-5.68	0.121018	0.347917	0.7	35.6083	-9999	-9999	-9999
1	29	3.10703	-3.17688	-2.35	-4.47	0.202075	0.43625	4.8	35.5469	-9999	-9999	-9999
1	30	3.04682	-2.16646	-1.23	-3.14	0.919725	0.513958	0.4	35.49	-9999	-9999	-9999
1	31	1.40695	1.37417	5.8	-3	1.67219	0.553958	0.3	35.7835	-9999	-9999	-9999
2	1	1.37826	6.53521	7.4	5.49	1.91493	0.976875	0.9	38.2129	-9999	-9999	-9999
2	2	0.479394	7.41125	8.56	5.92	0.678718	3.55125	23.3	38.264	-9999	-9999	-9999
2	3	2.59535	8.34146	9.56	6.86	1.2066	4.84063	0.1	37.89	-9999	-9999	-9999
2	4	3.82934	9.33208	10.87	7.84	3.24729	5.0725	0	36.9627	-9999	-9999	-9999
2	5	1.56652	8.81833	10.15	6.8	2.43976	5.2725	0.6	36.656	-9999	-9999	-9999
2	6	4.55782	10.3419	12.02	8.21	3.73248	5.79771	0	36.4977	-9999	-9999	-9999
2	7	2.02187	5.52312	10.39	2.66	2.19869	4.82979	2.5	36.6763	-9999	-9999	-9999
2	8	1.99136	0.15625	3.41	-1.46	0.360401	2.73063	10.6	37.0288	-9999	-9999	-9999
2	9	3.27235	-1.25792	-0.61	-1.79	0.357777	1.99354	2.1	37.3308	-9999	-9999	-9999
2	10	3.63821	-1.24458	0.55	-2.05	0.489177	1.65854	3.5	37.2556	-9999	-9999	-9999
2	11	2.01413	-0.459375	1.59	-3.03	0.128315	1.41375	6.2	37.3456	-9999	-9999	-9999
2	12	3.33097	-2.19854	-0.31	-4.42	0.461001	1.17792	0	37.2965	-9999	-9999	-9999
2	13	2.77043	0.942292	2.84	-1.61	0.0677924	1.07521	0	37.3998	-9999	-9999	-9999
2	14	2.44804	2.31813	3.31	1.52	0.085832	0.925417	0.4	38.3971	-9999	-9999	-9999
2	15	1.43852	2.17396	3.48	0.31	0.839595	1.59188	0.1	37.5848	-9999	-9999	-9999
2	16	9.61225	0.377917	2.85	-1.84	0.939393	1.22146	0	36.9329	-9999	-9999	-9999
2	17	2.9819	-1.48187	-0.48	-2.48	0	0.859375	0	36.6419	-9999	-9999	-9999
2	18	6.48724	0.590417	3.45	-1.14	1.34118	1.11833	0	36.4998	-9999	-9999	-9999
2	19	2.15714	-2.73146	-1.33	-3.54	0.433905	0.46125	0	36.394	-9999	-9999	-9999
2	20	4.04569	-3.79583	-0.7	-6.17	0.788895	-0.0420833	0	36.1481	-9999	-9999	-9999
2	21	6.36102	-3.25042	-0.02	-7.23	1.07459	-0.264792	0	35.9004	-9999	-9999	-9999
2	22	3.16118	-1.05896	0.02	-2.7	1.72131	-0.255417	0	35.6613	-9999	-9999	-9999
2	23	4.54981	-2.32625	-0.46	-4.54	1.40655	-0.289792	0	35.4592	-9999	-9999	-9999
2	24	9.79909	-2.94854	0.66	-6.96	1.49129	-0.407083	0	35.3025	-9999	-9999	-9999
2	25	4.46731	-2.21333	0.01	-3.7	0.344598	-0.396458	4.1	35.1269	-9999	-9999	-9999
2	26	9.66688	-3.11021	-0.96	-4.72	0.791903	-0.3575	0	34.9646	-9999	-9999	-9999
2	27	9.25622	-3.35354	0.02	-6.18	1.10241	-0.374792	0	34.8708	-9999	-9999	-9999
2	28	7.13723	-3.48583	-0.3	-6.51	1.00111	-0.41875	0	34.7515	-9999	-9999	-9999
3	1	8.71591	-2.825	-0.76	-4.34	0.840448	-0.38125	0.4	34.3935	-9999	-9999	-9999
3	2	1.90318	-0.103125	1.55	-2.62	0.329776	-0.340625	0.3	34.2463	-9999	-9999	-9999
3	3	3.20501	0.439792	1.69	-0.21	1.07785	-0.304583	0	34.1488	-9999	-9999	-9999
3	4	8.40097	-1.49687	1.04	-5.44	1.31911	-0.262083	0	34.12	-9999	-9999	-9999
3	5	10.7679	-3.79146	0.46	-7.23	1.48464	-0.31625	0	34.1642	-9999	-9999	-9999
3	6	3.69374	-4.09042	-1.87	-6.44	0.523841	-0.464167	2.8	34.1275	-9999	-9999	-9999
3	7	9.96886	-0.158958	2.62	-2.52	0.9982	-0.369375	0.2	34.0667	-9999	-9999	-9999
3	8	7.3606	-1.26104	1.13	-3.5	0.993701	-0.327708	0.6	33.9977	-9999	-9999	-9999
3	9	4.40455	-2.75875	-0.89	-4.27	0.326072	-0.317083	1	33.9869	-9999	-9999	-9999
3	10	1.41772	-2.25229	-1.59	-2.97	0	-0.293542	5.3	33.9071	-9999	-9999	-9999
3	11	4.10153	-1.27625	0.48	-2.97	0.0203816	-0.269583	0	33.745	-9999	-9999	-9999
3	12	10.4257	0.2125	3.8	-3.56	1.50737	-0.24375	0	32.7733	-9999	-9999	-9999
3	13	2.15152	3.675	5.63	2.08	1.40995	-0.226875	0.4	32.2325	-9999	-9999	-9999
3	14	6.62053	4.9725	7.84	2.53	1.81721	-0.32625	0	35.6821	-9999	-9999	-9999
3	15	9.05211	8.06104	12.02	5.55	3.10678	0.6675	0	38.6044	-9999	-9999	-9999
3	16	11.2534	9.80354	14.05	6.23	2.90847	3.29667	0	37.7673	-9999	-9999	-9999
3	17	15.1084	11.7729	18.67	5.75	5.6914	4.34854	0	37.3935	-9999	-9999	-9999
3	18	10.8183	13.0127	17.79	8.64	6.36029	5.49563	0	37.5152	-9999	-9999	-9999
3	19	6.25631	10.7673	12.69	8.09	3.79208	5.75021	1.6	37.5065	-9999	-9999	-9999
3	20	3.72724	8.58083	11.29	5.55	1.2429	5.61667	9.2	38.5006	-9999	-9999	-9999
3	21	9.48836	6.63917	9.89	2.5	2.23788	5.56604	14.6	39.1444	-9999	-9999	-9999
3	22	10.4883	3.87188	8.26	1.03	1.53422	4.17604	1.9	39.0517	-9999	-9999	-9999
3	23	10.0926	2.93333	6.2	-0.21	1.40127	3.49312	0	38.4517	-9999	-9999	-9999
3	24	7.52407	2.92354	6.04	0.96	1.565	3.36125	0	38.09	-9999	-9999	-9999
3	25	4.71116	0.628542	3.37	-2.52	1.34666	2.64021	0	37.8344	-9999	-9999	-9999
3	26	6.8414	-2.24458	0.46	-4.18	0.65951	1.46562	0.6	37.6302	-9999	-9999	-9999
3	27	7.94416	-1.00479	2.68	-4.61	1.69416	1.25604	0	37.5294	-9999	-9999	-9999
3	28	14.8509	2.57708	8.41	-2.71	3.38945	1.72042	0	37.4385	-9999	-9999	-9999
3	29	15.0558	5.13479	11.1	-0.11	4.52508	2.55375	0	37.3488	-9999	-9999	-9999
3	30	15.5741	6.58417	13.16	0.51	4.42738	3.22396	0	37.2631	-9999	-9999	-9999
3	31	14.2366	5.83271	11.84	-1.13	3.86167	3.45771	0	37.1381	-9999	-9999	-9999
4	1	7.7971	6.58771	12.24	1.83	3.11127	3.86292	0	37.0192	-9999	-9999	-9999
4	2	15.5698	8.88313	16.11	1.61	3.73309	4.68458	0	36.99	-9999	-9999	-9999
4	3	8.18559	9.66521	13.53	6.74	3.84128	5.48417	0	36.8946	-9999	-9999	-9999
4	4	6.0501	8.47333	11.14	5.63	3.31494	5.38146	1.1	36.7717	-9999	-9999	-9999
4	5	9.49602	4.94479	8.19	2.97	1.76031	4.77979	5.9	37.0104	-9999	-9999	-9999
4	6	11.0397	3.63875	6.35	0.89	1.02128	4.49708	4.4	38.5377	-9999	-9999	-9999
4	7	9.19764	2.34854	6.77	0.6	0.522805	3.91958	2.7	38.3221	-9999	-9999	-9999
4	8	8.38886	1.88625	5.47	0.1	0.449994	3.51958	7.7	39.1735	-9999	-9999	-9999
4	9	4.46634	2.27271	4.21	0.07	0.239371	3.26271	0.4	38.664	-9999	-9999	-9999
4	10	14.3585	4.36979	10.44	1.05	1.54561	4.12417	1	38.2815	-9999	-9999	-9999
4	11	15.5501	3.60625	8.93	0.22	2.08418	3.96708	0	38.1535	-9999	-9999	-9999
4	12	16.0986	5.02833	11.23	-0.12	2.5966	3.94021	0	37.8965	-9999	-9999	-9999
4	13	7.05431	5.78125	8.48	3.98	1.33677	4.88146	0.6	37.711	-9999	-9999	-9999
4	14	12.9663	7.79979	12.27	4.64	4.32907	5.42125	0	37.5779	-9999	-9999	-9999
4	15	18.995	9.50812	16.63	2.44	6.28149	5.61146	0	37.3921	-9999	-9999	-9999
4	16	16.3176	11.7829	17.51	6.42	8.01937	6.12563	0	37.1779	-9999	-9999	-9999
4	17	18.504	12.9469	18.85	6.82	7.98931	6.89979	0	36.9519	-9999	-9999	-9999
4	18	13.9585	12.5646	16.7	8.74	5.13047	7.52479	2.3	36.7225	-9999	-9999	-9999
4	19	12.4819	8.14812	11.95	4.74	3.91765	7.24958	1.1	36.6902	-9999	-9999	-9999
4	20	15.2125	9.12102	13.49	4.32	5.4269	6.99705	0	36.6753	-9999	-9999	-9999
4	21	17.3687	12.1846	16.94	6.96	5.91402	7.95083	0	36.5119	-9999	-9999	-9999
4	22	20.7748	15.7756	21.44	9.86	8.71369	9.24021	0	36.2454	-9999	-9999	-9999
4	23	3.55489	8.75542	12.7	4.59	0.972609	8.45313	8.2	37.0292	-9999	-9999	-9999
4	24	20.9567	7.40875	12.16	2.39	2.69414	7.49917	0	37.969	-9999	-9999	-9999
4	25	20.4521	9.31437	13.71	6.06	3.80261	7.93375	0	37.5644	-9999	-9999	-9999
4	26	18.1824	11.0913	15.7	6.88	5.02668	8.3025	0	37.2585	-9999	-9999	-9999
4	27	25.259	11.2292	16.61	6.1	4.1241	8.58729	0	36.96	-9999	-9999	-9999
4	28	18.0133	11.6802	16.94	5.82	4.60845	8.76542	0	36.6585	-9999	-9999	-9999
4	29	20.0193	12.93	17.46	8.39	4.53461	9.38937	0	36.3683	-9999	-9999	-9999
4	30	23.1612	13.7673	19.53	7.68	4.59228	9.74646	0	36.106	-9999	-9999	-9999
5	1	16.4494	13.7658	19.13	10.4	3.17575	10.139	29.4	36.9588	-9999	-9999	-9999
5	2	13.0084	11.0246	14.66	9.14	2.33595	9.96854	4.5	39.0333	-9999	-9999	-9999
5	3	14.9623	11.5787	15.99	8.13	4.02991	9.70375	0.1	38.2137	-9999	-9999	-9999
5	4	17.8566	12.9585	17.59	9.01	4.54205	10.021	0.2	37.7738	-9999	-9999	-9999
5	5	6.05588	9.22312	10.51	7.04	0.644293	9.63833	8.7	38.1963	-9999	-9999	-9999
5	6	3.2006	7.57125	8.72	6.33	0.0597296	8.60625	17.3	39.5985	-9999	-9999	-9999
5	7	2.47007	4.86604	7.1	2.31	0.00812843	7.42771	47.3	48.1627	-9999	-9999	-9999
5	8	13.505	6.405	9.58	3.97	1.35547	7.42729	0.6	51.5267	-9999	-9999	-9999
5	9	9.90553	7.01458	9.72	3.91	2.06903	7.42667	0	50.1806	-9999	-9999	-9999
5	10	19.4262	10.0785	14	6.75	1.59535	8.35729	0.5	41.1952	-9999	-9999	-9999
5	11	16.1006	10.4046	16	7.32	1.68379	9.04688	3.1	38.946	-9999	-9999	-9999
5	12	10.8967	7.6375	9.49	6.49	1.27972	8.60396	0	38.7413	-9999	-9999	-9999
5	13	12.6986	7.90396	10.55	4.77	1.61468	8.36333	4.3	38.5152	-9999	-9999	-9999
5	14	8.25615	8.29271	10.38	6.65	1.06992	8.50354	1	39.2819	-9999	-9999	-9999
5	15	15.9473	9.91667	12.93	5.74	2.16316	8.71396	0	38.695	-9999	-9999	-9999
5	16	25.8883	11.1942	14.68	8.24	4.51629	9.33667	0	38.3462	-9999	-9999	-9999
5	17	12.8939	11.6415	15.07	7.77	4.09455	9.54292	0	38.0806	-9999	-9999	-9999
5	18	21.1385	14.241	18.34	10.44	6.2817	10.3304	0	37.8567	-9999	-9999	-9999
5	19	27.1845	14.9085	19.71	10.13	8.01437	10.7517	0	37.6081	-9999	-9999	-9999
5	20	21.5048	13.3873	16.94	9.67	5.36838	10.8256	0	37.2702	-9999	-9999	-9999
5	21	3.60175	8.50437	12.31	3.76	1.07081	9.85646	9.3	38.3252	-9999	-9999	-9999
5	22	16.6059	5.09375	8.97	1.18	2.4194	8.18104	1.1	38.8204	-9999	-9999	-9999
5	23	18.5777	5.56021	9.7	2.28	2.7532	7.58479	0.1	38.439	-9999	-9999	-9999
5	24	15.8012	6.26958	9.18	1.96	2.42364	7.44354	0	38.1265	-9999	-9999	-9999
5	25	16.5384	9.09937	11.53	6.16	3.12147	8.13729	0	37.874	-9999	-9999	-9999
5	26	23.8457	8.69292	11.16	6.4	3.70505	8.46521	0	37.6196	-9999	-9999	-9999
5	27	15.9965	7.88271	10.66	4.19	3.12191	8.11667	0	37.3192	-9999	-9999	-9999
5	28	18.1297	9.57333	13.35	5.34	3.61953	8.48125	0	37.0329	-9999	-9999	-9999
5	29	29.0683	12.8837	16.96	8.2	7.26137	9.40125	0	36.7152	-9999	-9999	-9999
5	30	26.8121	14.7392	19.52	9.02	8.48667	10.3394	0	36.2885	-9999	-9999	-9999
5	31	9.65668	12.3515	14.16	10.49	4.18946	10.4275	0.8	35.8294	-9999	-9999	-9999
6	1	17.3433	11.9208	14.53	8.57	1.79271	10.2877	0	45.009	-9999	-9999	-9999
6	2	14.9129	12.1965	15.72	9.6	1.6223	10.4488	0	44.9404	-9999	-9999	-9999
6	3	19.5722	14.5433	18.4	11.02	6.11146	10.966	0	44.806	-9999	-9999	-9999
6	4	8.03428	12.1923	15.18	10.79	1.54424	10.9317	20.4	44.68	-9999	-9999	-9999
6	5	6.17861	10.3202	11.44	8.93	0.300809	10.311	11.1	44.6104	-9999	-9999	-9999
6	6	14.9567	12.7808	15.42	10.27	2.82069	10.766	0	44.551	-9999	-9999	-9999
6	7	29.4138	16.0071	20.43	10.91	7.0605	11.8169	0	44.4321	-9999	-9999	-9999
6	8	28.5907	18.8754	23	14.59	9.86732	13.0983	0	44.2029	-9999	-9999	-9999
6	9	23.2423	20.4365	25.18	15.61	8.99554	14.3396	0	43.8794	-9999	-9999	-9999
6	10	18.1939	19.0321	22.35	16.42	5.57416	14.7965	0	43.571	-9999	-9999	-9999
6	11	16.7402	16.8069	19.56	13.21	4.31376	14.2413	0	43.2869	-9999	-9999	-9999
6	12	19.9372	12.0969	14.44	10.29	2.4107	12.754	0	43.0423	-9999	-9999	-9999
6	13	17.0835	12.0204	15.39	9.68	2.16591	11.9215	0	42.8333	-9999	-9999	-9999
6	14	25.2374	13.5804	17.78	8.94	4.78948	12.0448	0	42.5523	-9999	-9999	-9999
6	15	20.8403	16.0131	20.3	11.96	4.62424	13.0213	0	42.226	-9999	-9999	-9999
6	16	14.4273	11.3452	13.41	8.76	4.25857	11.5687	5.9	41.9335	-9999	-9999	-9999
6	17	23.0866	13.5496	19.29	10.02	4.36958	11.7871	7.7	41.6729	-9999	-9999	-9999
6	18	11.6108	11.9504	14.38	10.59	2.08653	11.6052	0.7	41.5429	-9999	-9999	-9999
6	19	18.6635	10.4877	12.8	7.33	2.16427	11.09	1.5	41.3885	-9999	-9999	-9999
6	20	26.2248	10.6171	15.04	6.4	4.72347	10.5621	0	41.1779	-9999	-9999	-9999
6	21	16.2392	10.0315	13.13	7.99	2.07711	10.579	4.4	40.964	-9999	-9999	-9999
6	22	18.1914	12.3387	15.44	8.56	2.76426	11.0662	0.3	40.8525	-9999	-9999	-9999
6	23	13.4891	13.5496	18.42	11.3	2.75584	11.9794	11.1	40.701	-9999	-9999	-9999
6	24	26.2521	12.9225	15.82	9.31	5.83222	11.5508	0.7	40.6004	-9999	-9999	-9999
6	25	13.3598	11.411	13.68	9.57	3.47121	10.8204	0	40.4248	-9999	-9999	-9999
6	26	26.557	12.9648	17.36	8.35	5.86242	11.0927	0	40.2677	-9999	-9999	-9999
6	27	15.5802	14.7121	18.79	12.42	4.5084	12.1569	11.6	40.1121	-9999	-9999	-9999
6	28	25.1553	14.7256	17.6	12.68	4.79397	12.7937	0.1	40.1535	-9999	-9999	-9999
6	29	22.9629	13.6496	17.04	10.52	5.87067	12.2088	0.4	40.0631	-9999	-9999	-9999
6	30	19.2	15.2183	18.87	11.74	5.99126	12.5167	0	39.926	-9999	-9999	-9999
7	1	15.0671	14.4573	16.44	9.71	4.76397	12.8225	5.6	39.8125	-9999	-9999	-9999
7	2	20.1115	11.1175	13.71	9.05	1.6939	11.6283	8.6	39.73	-9999	-9999	-9999
7	3	12.4113	10.8975	13.03	9.68	1.12937	11.304	8.5	39.6921	-9999	-9999	-9999
7	4	23.4815	12.6294	16.39	9.18	4.09247	11.5527	0	39.7217	-9999	-9999	-9999
7	5	21.1665	13.2469	15.93	10.37	3.34398	12.0921	9.1	39.8154	-9999	-9999	-9999
7	6	20.9356	13.3415	16.36	10.65	5.33293	12.1967	0	39.8835	-9999	-9999	-9999
7	7	24.7605	14.3621	19.04	9.94	5.53935	12.4817	0.2	39.7983	-9999	-9999	-9999
7	8	9.09644	15.0454	17.21	13.27	1.6836	13.2083	10.8	39.76	-9999	-9999	-9999
7	9	10.1328	13.6808	14.82	10.91	2.58726	12.9546	1.9	39.76	-9999	-9999	-9999
7	10	11.1138	11.0594	13	9.32	1.2404	11.8077	4.9	39.756	-9999	-9999	-9999
7	11	22.4419	11.199	15.21	8.21	2.7848	11.3892	1.4	39.7048	-9999	-9999	-9999
7	12	5.25026	10.4981	12.04	9.06	0.304784	11.016	5.9	39.6904	-9999	-9999	-9999
7	13	6.91049	10.2275	11.43	9.15	1.16244	10.7798	2.2	39.69	-9999	-9999	-9999
7	14	14.2146	11.8202	15.1	8.46	2.90406	11.0604	0.8	39.6594	-9999	-9999	-9999
7	15	9.72482	14.199	15.5	12.41	0.885615	12.2558	1.1	39.6794	-9999	-9999	-9999
7	16	13.5743	16.3	18.23	14.72	2.80156	13.4725	0.2	39.7296	-9999	-9999	-9999
7	17	20.4939	17.1575	22.68	14.27	4.27757	14.3969	6.2	39.7431	-9999	-9999	-9999
7	18	21.0857	17.3519	22.49	14.51	3.69325	15.1223	15.3	40.3073	-9999	-9999	-9999
7	19	22.0767	17.2442	19.92	15.36	4.93301	15.3646	0	41.5329	-9999	-9999	-9999
7	20	12.7814	16.9369	19.83	13.94	2.61599	15.1756	6.4	41.335	-9999	-9999	-9999
7	21	22.4912	18.8792	22.24	16.13	5.43733	16.0067	0	41.3685	-9999	-9999	-9999
7	22	17.771	18.1563	20.58	15.89	3.87536	16.3929	28.2	44.45	-9999	-9999	-9999
7	23	21.1373	18.8152	23.25	15.24	4.31503	16.6871	0.4	44.7402	-9999	-9999	-9999
7	24	13.3589	16.6948	18.63	13.64	3.86187	16.1277	0.9	44.466	-9999	-9999	-9999
7	25	19.3864	15.0737	18.77	10.34	4.88304	14.8967	0.9	44.0696	-9999	-9999	-9999
7	26	7.832	11.1142	13.39	9.43	0.697256	13.0031	2.8	43.7244	-9999	-9999	-9999
7	27	16.0932	12.4675	15.24	9.58	3.42598	12.7742	0	43.5454	-9999	-9999	-9999
7	28	22.5431	14.2337	18.04	10.67	5.98544	13.3096	0	43.0998	-9999	-9999	-9999
7	29	25.5689	15.5579	19.51	11.27	7.31673	13.8413	0	42.5258	-9999	-9999	-9999
7	30	25.5428	17.8498	22.34	12.79	10.0572	14.8031	0	41.8929	-9999	-9999	-9999
7	31	20.5542	19.9631	23.11	17.21	10.8054	16.141	0	41.1971	-9999	-9999	-9999
8	1	19.3551	18.7075	21.07	16.37	7.23491	16.3233	0	40.6873	-9999	-9999	-9999
8	2	21.0246	18.0946	21.05	15.05	8.28527	15.9827	0	40.211	-9999	-9999	-9999
8	3	23.1814	19.0033	22.11	15.84	9.69223	16.2644	0	39.7085	-9999	-9999	-9999
8	4	22.8742	19.7652	24.09	15.41	10.8445	16.6804	0	39.2165	-9999	-9999	-9999
8	5	24.9147	20.3181	24.88	16.2	11.2481	17.0265	0	38.7546	-9999	-9999	-9999
8	6	24.708	20.5542	24.46	16.96	10.6659	17.3919	0	38.2602	-9999	-9999	-9999
8	7	25.4586	19.7394	24.14	15.15	10.8649	16.9587	0	37.7923	-9999	-9999	-9999
8	8	24.7092	19.9198	24.28	15.5	10.2704	16.9575	0	37.3848	-9999	-9999	-9999
8	9	24.0434	19.9338	24.9	15.17	11.9306	16.8496	0	37.0327	-9999	-9999	-9999
8	10	22.9304	20.3723	25.48	15.46	12.8179	17	0	36.6856	-9999	-9999	-9999
8	11	11.362	19.3106	21.97	17.4	8.92426	16.8452	0	36.4356	-9999	-9999	-9999
8	12	18.991	19.9658	24.14	15.58	8.25131	17.2985	3.7	36.2496	-9999	-9999	-9999
8	13	11.3168	14.8402	16.77	13.5	1.53155	15.4085	1.6	36.1196	-9999	-9999	-9999
8	14	8.09395	15.0181	17.29	13.61	1.88088	14.8777	0.5	36.0583	-9999	-9999	-9999
8	15	19.7074	16.616	20.33	13.87	4.20693	15.4956	0	36.0117	-9999	-9999	-9999
8	16	15.8958	17.82	21.04	14.93	6.11642	15.9944	0	35.9427	-9999	-9999	-9999
8	17	14.0723	17.3933	19.2	14.42	3.16958	16.284	4.9	35.8744	-9999	-9999	-9999
8	18	15.9037	18.4048	21.7	15.74	6.32428	16.57	0.8	35.8527	-9999	-9999	-9999
8	19	12.1881	17.4606	20.19	15.92	4.23301	16.4592	7.8	36.7365	-9999	-9999	-9999
8	20	16.1495	16.9954	19.42	14.34	5.49597	15.9804	0	36.6627	-9999	-9999	-9999
8	21	14.3002	13.6623	17.28	11.36	2.28669	14.2292	10.7	36.9431	-9999	-9999	-9999
8	22	20.493	12.0919	14.93	9.82	4.39599	13.0021	0.1	36.4631	-9999	-9999	-9999
8	23	15.8931	13.5769	17.8	8.99	5.54045	13.0948	0	35.4969	-9999	-9999	-9999
8	24	7.67063	14.9692	17.69	13.02	2.95026	14.265	5	34.6869	-9999	-9999	-9999
8	25	8.98227	13.1256	14.7	12.37	2.05611	13.4067	1.4	34.2873	-9999	-9999	-9999
8	26	10.0549	13.0396	14.55	11.2	0.939087	13.256	7.9	34.0081	-9999	-9999	-9999
8	27	7.50101	12.0994	14.49	9.58	1.51706	12.5769	3.2	33.8104	-9999	-9999	-9999
8	28	6.17947	14.1404	15.53	13.13	0.427471	13.5846	3.5	33.8488	-9999	-9999	-9999
8	29	13.8338	15.0715	17.29	13.68	2.70354	14.2923	5.7	34.3765	-9999	-9999	-9999
8	30	9.75083	13.154	14.72	9.84	2.13147	13.666	4.9	34.6704	-9999	-9999	-9999
8	31	7.1212	10.9685	13.5	9.27	1.25936	12.0933	5.1	34.6458	-9999	-9999	-9999
9	1	20.6497	11.5956	14.64	8.94	4.22677	12.0087	0.1	34.5321	-9999	-9999	-9999
9	2	20.1351	13.2719	17.2	8.64	6.09328	12.4869	0	34.2704	-9999	-9999	-9999
9	3	19.1367	16.0142	20.34	11.63	7.54407	13.8175	0	34.0415	-9999	-9999	-9999
9	4	19.0146	18.0508	21.28	15.35	8.54589	15.2598	0	33.8662	-9999	-9999	-9999
9	5	19.9108	16.971	20.37	13.89	8.71435	15.1494	0	33.7108	-9999	-9999	-9999
9	6	19.6658	16.4475	20.67	12.57	7.07039	14.8485	0	33.4942	-9999	-9999	-9999
9	7	18.6151	16.8946	20.71	13.81	6.59773	15.0756	0	33.3037	-9999	-9999	-9999
9	8	18.8939	14.4385	18.31	11.11	5.9774	14.086	0	33.0887	-9999	-9999	-9999
9	9	20.0483	11.7225	15.82	7.94	6.44362	12.1802	0	32.8833	-9999	-9999	-9999
9	10	19.3831	13.6546	20.43	6.98	9.86931	12.2035	0	32.6313	-9999	-9999	-9999
9	11	8.0669	15.7096	17.93	12.53	4.54531	13.8985	4.1	32.5	-9999	-9999	-9999
9	12	13.3387	14.3404	16.36	10.94	4.61462	13.5527	0.9	32.486	-9999	-9999	-9999
9	13	10.9624	13.1906	16.1	9.92	4.3667	12.5081	0	32.3975	-9999	-9999	-9999
9	14	11.5962	15.4319	18.2	13.63	4.80229	13.6475	0	32.3013	-9999	-9999	-9999
9	15	12.9002	12.9008	15.38	10.01	3.9294	12.4515	0	32.2194	-9999	-9999	-9999
9	16	13.4407	10.0585	13.2	7.45	3.69025	11.0408	0	32.0933	-9999	-9999	-9999
9	17	16.634	11.6852	15.63	7.66	6.2787	11.096	0	31.944	-9999	-9999	-9999
9	18	16.9033	13.7163	18.26	9.27	6.76514	11.8856	0	31.811	-9999	-9999	-9999
9	19	7.57031	13.6544	15.02	11.48	2.37151	12.4863	0.6	31.7283	-9999	-9999	-9999
9	20	9.13635	12.5781	14.55	10.29	3.20302	11.8423	0	31.6958	-9999	-9999	-9999
9	21	8.69737	11.106	12.68	8.93	3.15348	10.8869	1.5	31.6229	-9999	-9999	-9999
9	22	5.11781	7.79875	8.79	6.85	0.621612	9.38417	12.7	31.479	-9999	-9999	-9999
9	23	2.194	8.03417	9.64	7.09	0.230408	9.15458	11.5	31.0069	-9999	-9999	-9999
9	24	7.15644	8.03083	9.45	7.19	0.836911	9.09104	3.4	31.7694	-9999	-9999	-9999
9	25	5.75091	8.27812	9.03	6.9	0.802939	9.36771	6.1	32.1413	-9999	-9999	-9999
9	26	4.44096	7.995	9.98	6.49	0.454483	9.06563	2.9	32.4171	-9999	-9999	-9999
9	27	1.51317	9.98	11.38	7.67	0.293186	9.88417	0.3	32.5675	-9999	-9999	-9999
9	28	2.39971	11.2717	12.55	10.03	0.334106	10.8433	0.6	32.6712	-9999	-9999	-9999
9	29	4.60282	10.3623	12.1	7.12	0.615704	10.9392	4.8	32.7625	-9999	-9999	-9999
9	30	8.89213	8.36312	10.6	6.99	1.94563	9.71688	0.1	32.7887	-9999	-9999	-9999
10	1	10.3881	9.57438	12.47	7.28	2.35653	9.95167	0	32.7163	-9999	-9999	-9999
10	2	5.58234	10.5183	12.57	8.97	1.52631	10.5592	0.4	32.68	-9999	-9999	-9999
10	3	13.2046	10.3354	13.49	8	2.83081	10.374	0	32.6671	-9999	-9999	-9999
10	4	11.2596	12.3613	16.17	7.81	4.20943	11.0483	0	32.6079	-9999	-9999	-9999
10	5	12.3883	15.7587	19.1	12.98	5.45438	12.9285	0.1	32.5696	-9999	-9999	-9999
10	6	1.64968	12.2471	15.32	9.73	1.68967	12.2844	2.7	32.56	-9999	-9999	-9999
10	7	11.2396	9.49208	12.34	7.86	2.58769	10.4038	0.1	32.5379	-9999	-9999	-9999
10	8	3.18377	8.06	9.46	6.89	1.86626	9.33458	0.4	32.4465	-9999	-9999	-9999
10	9	10.6081	7.41625	9.81	5.6	1.73526	8.75271	0	32.3729	-9999	-9999	-9999
10	10	8.09842	5.53354	7.39	3.84	1.34588	7.63042	0	32.2925	-9999	-9999	-9999
10	11	5.5078	3.60833	6.46	0.44	1.0685	6.34625	0	32.1906	-9999	-9999	-9999
10	12	13.0543	1.87563	6.89	-2.59	1.95244	4.7425	0	32.0742	-9999	-9999	-9999
10	13	11.2669	4.40625	9.23	-0.45	2.77536	5.68563	0	31.9829	-9999	-9999	-9999
10	14	6.26072	6.94563	9.92	4.51	2.09279	7.16917	0	31.98	-9999	-9999	-9999
10	15	3.2938	6.61229	8.06	4.42	1.24632	7.41125	1.6	31.98	-9999	-9999	-9999
10	16	5.38929	5.66771	7.51	3.06	1.51891	7.21396	0	31.9479	-9999	-9999	-9999
10	17	1.79464	5.25417	6.52	3.78	0.498425	6.64375	0.8	31.9183	-9999	-9999	-9999
10	18	3.90748	6.65937	8.59	4.77	1.33633	7.04437	0.1	31.87	-9999	-9999	-9999
10	19	7.95274	5.80312	9.04	3.65	1.38009	6.90021	0	31.87	-9999	-9999	-9999
10	20	2.71217	7.13854	11.52	2.77	0.811118	7.22333	5.4	31.845	-9999	-9999	-9999
10	21	7.54115	10.856	14.19	6.41	2.53269	9.52729	3.6	32.0154	-9999	-9999	-9999
10	22	10.475	9.02771	13.32	5.72	3.41366	8.55937	0	32.095	-9999	-9999	-9999
10	23	5.50334	12.4894	15.84	9.38	3.7578	9.68	0	32.0908	-9999	-9999	-9999
10	24	8.80324	13.8665	17.12	11.53	4.41735	10.7906	0	32.1	-9999	-9999	-9999
10	25	6.8153	13.0525	16.06	9.83	3.7097	11.0106	0.6	32.1371	-9999	-9999	-9999
10	26	3.42652	8.99312	10.54	6.75	2.11175	9.85083	0	32.1275	-9999	-9999	-9999
10	27	6.34892	7.26125	9.77	4.62	1.65325	8.74646	0	32.0833	-9999	-9999	-9999
10	28	2.97805	8.81812	12.09	6.58	1.16191	8.92688	0	32.04	-9999	-9999	-9999
10	29	6.52199	10.3108	13.39	7.54	2.39685	9.48042	1.3	32.04	-9999	-9999	-9999
10	30	2.93674	9.10063	10.22	7.97	0.633626	9.44042	0.3	32.04	-9999	-9999	-9999
10	31	5.58572	8.95438	11.08	7.68	1.20049	9.31021	0	32.04	-9999	-9999	-9999
11	1	0.687348	6.59354	7.83	5.47	0.0275949	8.58875	1.1	32.0325	-9999	-9999	-9999
11	2	0.637092	5.60333	7.39	4.47	0.000559091	7.77396	0.8	31.98	-9999	-9999	-9999
11	3	1.50599	8.84437	10.14	7.43	0.05966	8.73042	0	31.9417	-9999	-9999	-9999
11	4	3.03845	9.19479	10.35	8.18	0.0852965	9.28583	0.2	31.98	-9999	-9999	-9999
11	5	4.88014	6.80146	9.28	4.32	1.66425	8.55396	0.3	31.98	-9999	-9999	-9999
11	6	2.79437	3.78854	5.82	2.32	0.747023	6.89396	2.5	31.9402	-9999	-9999	-9999
11	7	3.70514	3.36229	5.01	2.25	0.980976	6.28396	0.1	31.8604	-9999	-9999	-9999
11	8	3.3133	1.54958	3.69	-0.17	0.775451	5.63	0	31.8069	-9999	-9999	-9999
11	9	0.477252	-0.572292	-0.29	-1	0.021574	4.40167	12.3	31.7417	-9999	-9999	-9999
11	10	2.13263	-0.714583	-0.18	-1.06	0.00980276	3.99813	0	31.67	-9999	-9999	-9999
11	11	1.60486	-0.155833	0.47	-1.01	0.0109063	3.71021	0	31.6058	-9999	-9999	-9999
11	12	1.62805	0.917917	1.54	0.4	0.173893	3.54562	1	31.5231	-9999	-9999	-9999
11	13	3.0451	1.2425	2.87	-0.71	0.331997	3.83875	2.3	31.4679	-9999	-9999	-9999
11	14	2.88488	-0.302708	1.59	-1.42	0.262344	3.47083	0	31.47	-9999	-9999	-9999
11	15	3.43283	0.620625	3.05	-1.63	0.212192	3.32563	0	31.5246	-9999	-9999	-9999
11	16	1.21621	2.74396	4.58	1.32	0	4.01104	1	31.5365	-9999	-9999	-9999
11	17	0.343782	5.72021	7.69	4.3	0.106296	5.20854	3.2	31.616	-9999	-9999	-9999
11	18	1.01077	5.01104	7.82	2.38	0.367537	5.83333	26.7	36.4952	-9999	-9999	-9999
11	19	1.35551	-0.040625	4.99	-1.47	0.0777273	4.00479	15	44.8696	-9999	-9999	-9999
11	20	1.32431	-1.11417	-0.68	-1.5	0.0803421	3.09646	3.9	44.7335	-9999	-9999	-9999
11	21	1.94791	-0.753542	0.26	-1.45	0.391685	2.92854	0.4	44.865	-9999	-9999	-9999
11	22	0.343962	3.80292	7.41	-1.01	0.26659	3.36958	7.3	45.4296	-9999	-9999	-9999
11	23	2.51165	3.95542	6.77	-0.96	1.16671	4.71979	9.3	45.6573	-9999	-9999	-9999
11	24	5.38106	-1.88958	-0.18	-3.13	0.873917	2.45833	0	45.2971	-9999	-9999	-9999
11	25	5.57089	-1.49125	1.35	-3.6	2.15826	1.59146	0	45.161	-9999	-9999	-9999
11	26	1.76411	-0.820833	0.93	-2.76	0.830375	1.34042	0.2	45.0588	-9999	-9999	-9999
11	27	1.16555	2.87771	4.45	0.56	0.112772	2.76792	2	45.2377	-9999	-9999	-9999
11	28	1.72156	4.14479	5.4	3.05	0.539006	3.96542	0.3	45.4273	-9999	-9999	-9999
11	29	1.51805	3.60167	5.36	2.28	0.495499	4.19021	0	45.3387	-9999	-9999	-9999
11	30	0.892872	1.96458	3.32	0.78	0.0367912	3.96417	0.4	45.2581	-9999	-9999	-9999
12	1	1.09703	1.53875	2.99	0.21	0.357384	3.59979	0	45.1729	-9999	-9999	-9999
12	2	0.332046	1.16042	2.24	-0.72	0.275819	3.42333	0	45.1144	-9999	-9999	-9999
12	3	3.60508	-0.085625	2.63	-1.01	0.425161	2.85146	0	45.07	-9999	-9999	-9999
12	4	1.51519	-1.21542	-0.35	-2.51	0.00292852	2.53271	0	45.0081	-9999	-9999	-9999
12	5	1.64104	-2.27396	-0.57	-3.76	0.00848158	1.61667	0	44.99	-9999	-9999	-9999
12	6	1.39054	0.554375	1.79	-0.55	0.151607	2.02771	0	44.9467	-9999	-9999	-9999
12	7	1.05124	0.906458	1.58	0.27	0.491613	2.56813	0	44.91	-9999	-9999	-9999
12	8	1.3486	1.19979	3.17	-2.49	0.547242	2.88417	0	44.9231	-9999	-9999	-9999
12	9	1.34753	-2.91938	-1.53	-4.35	0.0178983	1.45	0	44.92	-9999	-9999	-9999
12	10	4.56538	-2.91313	-0.31	-5.61	0.990722	0.815	0	44.91	-9999	-9999	-9999
12	11	4.33976	-2.23312	0.09	-4.05	1.2906	0.637917	0	44.91	-9999	-9999	-9999
12	12	1.11636	-2.3125	-1	-3.77	0.0095071	0.633958	0	44.91	-9999	-9999	-9999
12	13	0.735012	-3.58375	-1.52	-5.44	0.0382536	0.825417	0	44.8944	-9999	-9999	-9999
12	14	2.55839	-4.99042	-4.15	-5.75	0.0896846	0.245208	0.1	44.8219	-9999	-9999	-9999
12	15	4.51001	-3.06208	-0.53	-4.85	0.95736	0.011875	0	44.82	-9999	-9999	-9999
12	16	3.83521	-1.45583	1.01	-3.8	0.748327	-0.01625	0	44.82	-9999	-9999	-9999
12	17	0.502218	1.66021	2.91	-0.33	0.383862	0.20875	7	44.8923	-9999	-9999	-9999
12	18	2.37829	-0.0614583	0.74	-0.72	0.327923	0.649375	7.2	45.7352	-9999	-9999	-9999
12	19	3.20918	-1.89688	-0.31	-5.05	0.209713	0.935208	0.8	45.59	-9999	-9999	-9999
12	20	4.70007	-5.08208	-3.86	-6.35	0.658201	0.398542	0	45.481	-9999	-9999	-9999
12	21	4.46497	-5.965	-3.92	-7.37	0.640281	0.0997917	0	45.3673	-9999	-9999	-9999
12	22	1.0703	-5.1775	-2.25	-7.32	0.279083	-0.0689583	0.5	45.2775	-9999	-9999	-9999
12	23	0.287496	0.895625	3.99	-2.21	0.0163375	0.0752083	0.7	45.2742	-9999	-9999	-9999
12	24	1.28767	4.37875	5.25	3.42	0.626808	1.08521	2	45.9127	-9999	-9999	-9999
12	25	1.1068	3.62083	6.82	0.48	0.845787	2.55708	0.4	45.721	-9999	-9999	-9999
12	26	0.431964	-0.323958	0.38	-0.69	0.0739274	1.52062	3.3	45.624	-9999	-9999	-9999
12	27	0.520578	-1.55042	-0.58	-3.2	0.0304813	1.37563	0	45.57	-9999	-9999	-9999
12	28	2.09605	-2.20917	-0.8	-3.57	0.472321	1.14979	2	45.54	-9999	-9999	-9999
12	29	1.09161	-0.409167	0.14	-1.67	0.0318875	1.18854	0.9	45.48	-9999	-9999	-9999
12	30	2.04262	-0.726042	0.16	-2.22	0.273434	1.2425	0	45.44	-9999	-9999	-9999
12	31	0.727524	1.52333	3.46	-0.01	0.00525268	1.45792	1	45.6825	-9999	-9999	-9999
