Month	n_days	Rg_f	Ta_f	Tmax	Tmin	VPD_f	Ts_f	Precip	SWC	LAI	ET	Litterfall
1	1	10.6411	-1.04672	-9999	-9999	0.808256	2.84504	0	21.4294	-9999	-9999	-9999
1	2	10.3542	-0.192932	-9999	-9999	0.811382	2.6237	0	21.3625	-9999	-9999	-9999
1	3	10.2967	0.630518	-9999	-9999	0.826658	2.61464	0	21.1811	-9999	-9999	-9999
1	4	10.3222	-0.999238	-9999	-9999	0.802521	2.84128	0	20.8188	-9999	-9999	-9999
1	5	10.4577	-0.592139	-9999	-9999	0.81219	2.72727	0	20.7324	-9999	-9999	-9999
1	6	10.3177	0.195515	-9999	-9999	0.818072	2.61957	0	20.7062	-9999	-9999	-9999
1	7	9.57602	0.799796	-9999	-9999	0.763518	2.63541	0	20.7135	-9999	-9999	-9999
1	8	10.6411	-1.04672	-9999	-9999	0.808256	2.84504	0	20.6703	-9999	-9999	-9999
1	9	10.3542	-0.192932	-9999	-9999	0.811382	2.6237	0	20.6745	-9999	-9999	-9999
1	10	10.2967	0.630518	-9999	-9999	0.826658	2.61464	1.2	20.5339	-9999	-9999	-9999
1	11	10.3222	-0.999238	-9999	-9999	0.802521	2.84128	0	20.3628	-9999	-9999	-9999
1	12	10.4577	-0.592139	-9999	-9999	0.81219	2.72727	2.4	20.4353	-9999	-9999	-9999
1	13	10.3177	0.195515	-9999	-9999	0.818072	2.61957	0	20.4749	-9999	-9999	-9999
1	14	9.57602	0.799796	-9999	-9999	0.763518	2.63541	0	20.3963	-9999	-9999	-9999
1	15	10.6411	-1.04672	-9999	-9999	0.808256	2.84504	0	20.431	-9999	-9999	-9999
1	16	10.3542	-0.192932	-9999	-9999	0.811382	2.6237	0	20.4609	-9999	-9999	-9999
1	17	10.2967	0.630518	-9999	-9999	0.826658	2.61464	0	20.4621	-9999	-9999	-9999
1	18	10.3222	-0.999238	-9999	-9999	0.802521	2.84128	0	20.372	-9999	-9999	-9999
1	19	10.4577	-0.592139	-9999	-9999	0.81219	2.72727	0	20.3172	-9999	-9999	-9999
1	20	10.3177	0.195515	-9999	-9999	0.818072	2.61957	0	20.2806	-9999	-9999	-9999
1	21	9.57602	0.799796	-9999	-9999	0.763518	2.63541	3.6	20.2033	-9999	-9999	-9999
1	22	10.6411	-1.04672	-9999	-9999	0.808256	2.84504	39.6	20.8821	-9999	-9999	-9999
1	23	10.3542	-0.192932	-9999	-9999	0.811382	2.6237	30.2	21.3046	-9999	-9999	-9999
1	24	10.2967	0.630518	-9999	-9999	0.826658	2.61464	16.6	20.1333	-9999	-9999	-9999
1	25	10.3222	-0.999238	-9999	-9999	0.802521	2.84128	0.4	19.664	-9999	-9999	-9999
1	26	10.4577	-0.592139	-9999	-9999	0.81219	2.72727	0	20.2113	-9999	-9999	-9999
1	27	10.3177	0.195515	-9999	-9999	0.818072	2.61957	0.4	20.4953	-9999	-9999	-9999
1	28	9.57602	0.799796	-9999	-9999	0.763518	2.63541	0.4	20.0566	-9999	-9999	-9999
1	29	10.4868	-1.05355	-9999	-9999	0.808671	2.84952	0	20.8925	-9999	-9999	-9999
1	30	10.4868	-1.05355	5.2322	-5.372	0.808671	2.84952	0.4	22.8156	-9999	-9999	-9999
1	31	10.4865	-0.57221	5.2322	-5.372	0.737192	2.72863	0.408511	25.113	-9999	-9999	-9999
2	1	10.7553	-1.05085	6.318	-5.871	0.810753	2.85276	0.8	29.953	-9999	-9999	-9999
2	2	10.0692	0.616458	8.14	-6.069	0.814939	2.39705	0.4	30.0546	-9999	-9999	-9999
2	3	10.2059	2.33758	10.17	-3.345	0.852592	2.5873	0	29.8026	-9999	-9999	-9999
2	4	5.66655	2.45217	6.494	-2.177	0.283889	2.71384	90.4	29.6528	-9999	-9999	-9999
2	5	1.6978	2.92946	3.662	2.205	0.668722	3.02339	3.2	30.0345	-9999	-9999	-9999
2	6	2.06448	4.97062	6.7	2.866	0.582117	2.99053	0.4	30.4424	-9999	-9999	-9999
2	7	10.0699	7.59937	14.83	3.667	0.79098	4.21441	2.4	30.5258	-9999	-9999	-9999
2	8	10.1385	3.34506	9.64	-2.352	0.501088	3.91441	18.4	30.2744	-9999	-9999	-9999
2	9	4.09258	2.74154	4.959	0.993	2.27994	4.15429	0.4	30.1663	-9999	-9999	-9999
2	10	1.56499	3.18	4.208	2.087	1.42004	4.49483	0	30.577	-9999	-9999	-9999
2	11	0.82243	3.20352	4.42	2.33	1.28153	4.29546	0	30.9833	-9999	-9999	-9999
2	12	4.53959	3.05694	5.655	1.806	1.03197	3.57341	0.4	31.0043	-9999	-9999	-9999
2	13	10.8314	5.41973	11.1	0.157	1.63288	3.55074	1.6	30.5636	-9999	-9999	-9999
2	14	5.21977	3.87019	7.6	-0.051	0.643871	3.80145	3.2	30.3045	-9999	-9999	-9999
2	15	4.22885	3.75094	6.364	1.874	1.48363	4.57775	0	30.3889	-9999	-9999	-9999
2	16	1.64256	4.57496	5.958	3.757	1.90848	4.87115	0	30.4887	-9999	-9999	-9999
2	17	5.95312	6.66623	9.95	4.484	0.846631	6.01078	0	30.7109	-9999	-9999	-9999
2	18	9.2311	8.47379	13.46	5.594	1.88335	7.14047	0.4	31.124	-9999	-9999	-9999
2	19	4.19916	9.61025	13.29	6.756	0.529726	7.87288	4.8	31.4232	-9999	-9999	-9999
2	20	3.45683	8.5409	11.95	5.351	0.699703	8.47323	0	31.9632	-9999	-9999	-9999
2	21	12.5648	7.2635	13.26	1.682	0.538158	6.80835	0	31.8347	-9999	-9999	-9999
2	22	4.22148	7.53627	9.39	5.982	0.463719	7.63584	0	31.6618	-9999	-9999	-9999
2	23	3.45406	8.07683	10.08	6.888	0.859259	8.20948	14.8	32.1087	-9999	-9999	-9999
2	24	5.67553	9.22865	12.51	6.619	0.132368	8.36057	13.2	31.965	-9999	-9999	-9999
2	25	12.2524	10.4804	16.74	4.426	0.915942	8.1261	0.8	31.8652	-9999	-9999	-9999
2	26	6.72514	11.0387	15.04	9.39	3.28918	9.73656	0	32.2323	-9999	-9999	-9999
2	27	13.1607	11.807	17.91	6.568	3.02354	8.45191	0	32.2517	-9999	-9999	-9999
2	28	1.6322	9.8025	11.01	8.37	0.883857	9.31729	5.2	32.2189	-9999	-9999	-9999
3	1	10.9229	10.4294	15.88	5.372	1.73103	9.15382	0.8	32.1696	-9999	-9999	-9999
3	2	13.9051	12.2502	18.92	7.1	1.72394	9.66467	0.4	32.2737	-9999	-9999	-9999
3	3	1.38453	7.94087	9.9	4.916	1.24999	8.78854	0	32.361	-9999	-9999	-9999
3	4	3.95755	7.57852	9.08	6.326	2.11449	8.88302	0	32.7516	-9999	-9999	-9999
3	5	3.11574	5.20196	7.79	2.658	1.79434	7.98496	0	32.6651	-9999	-9999	-9999
3	6	16.4097	5.35419	11.41	-0.447	0.39477	6.4184	25	32.0934	-9999	-9999	-9999
3	7	3.37673	4.79904	6.846	3.124	0.959072	6.77828	7.2	31.8731	-9999	-9999	-9999
3	8	16.4125	2.91833	7.32	-1.304	0.59954	5.60921	9	31.6326	-9999	-9999	-9999
3	9	3.37949	2.216	3.937	1.149	2.40391	4.40997	1.6	31.3093	-9999	-9999	-9999
3	10	4.27949	0.725063	1.765	0.025	1.44275	2.66934	0.8	31.3556	-9999	-9999	-9999
3	11	14.6021	2.19729	6.856	-0.016	2.88752	2.16231	0	31.5139	-9999	-9999	-9999
3	12	9.77709	2.40452	7.96	-1.707	0.750077	2.04243	1	31.3574	-9999	-9999	-9999
3	13	17.3933	4.03765	11.12	-2.053	0	2.08895	7.4	31.2667	-9999	-9999	-9999
3	14	17.2063	5.57346	12.55	-0.828	0.924859	3.16921	9.4	31.2174	-9999	-9999	-9999
3	15	16.807	6.9424	15.36	-0.241	1.25524	4.7159	0	31.3185	-9999	-9999	-9999
3	16	15.6982	8.89156	17.99	2.483	1.81537	5.51423	0	31.4223	-9999	-9999	-9999
3	17	14.0428	8.59119	16.38	1.161	1.83614	6.19249	0	31.5127	-9999	-9999	-9999
3	18	15.5622	10.6564	17.98	3.224	4.38964	7.35558	0.2	31.7096	-9999	-9999	-9999
3	19	15.1299	11.2255	18.47	4.734	5.32937	8.30074	0	32.0027	-9999	-9999	-9999
3	20	6.60936	11.024	14.97	5.874	3.09046	8.76271	0	32.3236	-9999	-9999	-9999
3	21	5.47895	11.6967	14.44	9.91	5.24187	9.99979	0	32.3187	-9999	-9999	-9999
3	22	2.11258	11.2738	12.26	10.46	4.03788	10.2071	0	33.0632	-9999	-9999	-9999
3	23	8.93716	13.0071	16.32	10.98	3.00406	11.2651	0	33.2026	-9999	-9999	-9999
3	24	15.1907	12.9633	18.24	7.61	1.32572	11.3617	6	33.2106	-9999	-9999	-9999
3	25	16.1731	12.5747	20.05	6.278	0.50799	11.8862	2.4	33.3688	-9999	-9999	-9999
3	26	9.8901	14.581	21.28	9.14	1.32712	13.2833	0	33.4731	-9999	-9999	-9999
3	27	18.2398	15.7398	21.08	10.55	2.41136	13.4016	0.2	33.5217	-9999	-9999	-9999
3	28	19.2503	15.4198	22.94	8.53	2.16928	13.0206	0	33.0687	-9999	-9999	-9999
3	29	17.8969	15.1742	22.05	8.43	3.85858	13.2266	0	32.8897	-9999	-9999	-9999
3	30	10.785	15.1838	20.55	10.45	4.18827	13.5557	0	32.8556	-9999	-9999	-9999
3	31	15.5014	13.7267	18.87	8.81	3.82556	13.3569	0	32.8423	-9999	-9999	-9999
4	1	12.8686	12.2238	18.35	7.04	3.94997	12.5441	1	32.7895	-9999	-9999	-9999
4	2	19.2529	11.8484	18.05	6.338	6.10937	12.5486	0	32.6846	-9999	-9999	-9999
4	3	15.7654	12.439	19.36	5.775	4.60145	12.4393	0	32.5847	-9999	-9999	-9999
4	4	11.3759	12.6515	17.82	9.24	3.48007	13.2732	3.8	32.6992	-9999	-9999	-9999
4	5	10.3063	12.6885	18.05	9.36	4.74398	13.2312	10.4	33.7682	-9999	-9999	-9999
4	6	21.9536	13.7431	21.73	6.667	6.61393	12.922	0	33.6799	-9999	-9999	-9999
4	7	21.8481	13.2359	20.3	6.231	5.58326	13.6309	0.2	33.798	-9999	-9999	-9999
4	8	21.8654	14.5038	21.66	5.913	6.65402	13.8158	0	33.8321	-9999	-9999	-9999
4	9	21.7666	15.4773	24.01	6.55	7.96627	14.1284	0	33.4781	-9999	-9999	-9999
4	10	21.2688	17.9517	25.82	10.92	10.2515	15.0495	0	33.4422	-9999	-9999	-9999
4	11	19.7208	12.0404	15.45	8.17	4.55987	14.889	8.2	33.8443	-9999	-9999	-9999
4	12	16.4286	10.7725	15.89	4.822	4.2569	12.8932	0	34.0903	-9999	-9999	-9999
4	13	12.8539	10.9413	16.24	6.419	3.59459	12.7909	0	33.5186	-9999	-9999	-9999
4	14	22.5711	12.5906	20.96	5.426	6.49801	12.918	0	33.2666	-9999	-9999	-9999
4	15	21.0103	13.4561	20.3	6.156	5.46336	13.5471	0	33.2233	-9999	-9999	-9999
4	16	17.6214	13.0677	18.9	6.625	5.33255	13.678	0	33.2008	-9999	-9999	-9999
4	17	6.26893	12.4683	14.83	11	1.92492	13.8938	6.6	33.3329	-9999	-9999	-9999
4	18	15.6809	14.2273	19.37	10.76	3.72007	14.3501	1	34.083	-9999	-9999	-9999
4	19	21.8633	15.9275	23.61	9.22	6.35119	14.8016	0	34.184	-9999	-9999	-9999
4	20	23.1915	18.2373	27.71	9.37	10.9421	15.3892	0	34.4659	-9999	-9999	-9999
4	21	22.4982	18.7923	26.33	10.79	10.1075	16.2257	0	34.2285	-9999	-9999	-9999
4	22	21.0747	18.1296	24.84	10.83	7.48999	16.4261	0	34.096	-9999	-9999	-9999
4	23	3.3834	14.8725	15.69	13.91	1.43321	16.0329	9.2	34.005	-9999	-9999	-9999
4	24	6.34466	14.7742	17.6	13.12	1.24848	15.3457	9.6	34.728	-9999	-9999	-9999
4	25	19.8594	18.1852	26.45	12.16	5.71336	16.3334	0	34.6802	-9999	-9999	-9999
4	26	23.1012	20.6285	27.73	13.03	8.65417	17.5269	0	34.8628	-9999	-9999	-9999
4	27	14.4157	19.1627	24.77	14.04	5.86554	17.5814	0	34.8731	-9999	-9999	-9999
4	28	23.0234	20.2312	27.08	13.43	9.08679	17.8545	0	34.5529	-9999	-9999	-9999
4	29	24.7083	20.3679	27.87	12.37	10.606	18.0968	0	34.3134	-9999	-9999	-9999
4	30	21.405	21.764	29.39	13.48	12.347	18.4794	0	33.6866	-9999	-9999	-9999
5	1	21.4034	21.7513	28.166	13.888	12.3471	18.4741	-9999	-9999	-9999	-9999	-9999
5	2	21.4034	21.7513	28.166	13.888	12.3471	18.4741	-9999	-9999	-9999	-9999	-9999
5	3	21.4027	21.7474	28.166	13.888	12.3387	18.4639	-9999	-9999	-9999	-9999	-9999
5	4	22.0294	20.6011	26.9982	13.5553	10.132	18.0819	-9999	-9999	-9999	-9999	-9999
5	5	23.0503	20.939	27.69	13.3333	11.097	18.2259	-9999	-9999	-9999	-9999	-9999
5	6	22.3483	21.4004	28.0086	13.4814	11.9006	18.3861	-9999	-9999	-9999	-9999	-9999
5	7	21.4011	21.7986	-9999	-9999	12.385	18.4791	-9999	-9999	-9999	-9999	-9999
5	8	23.0451	20.7937	-9999	-9999	10.6847	18.1486	-9999	-9999	-9999	-9999	-9999
5	9	23.0559	21.0804	-9999	-9999	11.494	18.2905	-9999	-9999	-9999	-9999	-9999
5	10	21.4027	21.7474	-9999	-9999	12.3387	18.4639	-9999	-9999	-9999	-9999	-9999
5	11	22.0294	20.6011	-9999	-9999	10.132	18.0819	-9999	-9999	-9999	-9999	-9999
5	12	23.0503	20.939	-9999	-9999	11.097	18.2259	-9999	-9999	-9999	-9999	-9999
5	13	22.3483	21.4004	-9999	-9999	11.9006	18.3861	-9999	-9999	-9999	-9999	-9999
5	14	21.402	21.7897	-9999	-9999	12.3921	18.4988	-9999	-9999	-9999	-9999	-9999
5	15	24.0207	21.0321	-9999	-9999	10.1819	18.6952	-9999	-9999	-9999	-9999	-9999
5	16	21.1841	20.6789	-9999	-9999	10.1322	18.7771	-9999	-9999	-9999	-9999	-9999
5	17	28.1836	21.5152	-9999	-9999	6.25304	20.4776	-9999	-9999	-9999	-9999	-9999
5	18	26.6406	21.4173	-9999	-9999	8.00839	19.9514	-9999	-9999	-9999	-9999	-9999
5	19	22.7094	20.9055	-9999	-9999	9.31398	19.3132	-9999	-9999	-9999	-9999	-9999
5	20	19.8638	20.326	-9999	-9999	9.03713	19.0725	-9999	-9999	-9999	-9999	-9999
5	21	28.1796	21.4385	-9999	-9999	6.23935	20.5218	-9999	-9999	-9999	-9999	-9999
5	22	25.4839	21.3834	-9999	-9999	9.41659	19.5144	-9999	-9999	-9999	-9999	-9999
5	23	19.9361	20.412	-9999	-9999	9.22182	19.1029	-9999	-9999	-9999	-9999	-9999
5	24	28.1844	21.5296	18.43	14.845	6.27147	20.4806	-9999	-9999	-9999	-9999	-9999
5	25	26.6406	21.4173	26.14	16.795	8.00839	19.9514	-9999	-9999	-9999	-9999	-9999
5	26	22.7094	20.9055	25.1925	16.2508	9.31398	19.3132	-9999	-9999	-9999	-9999	-9999
5	27	19.8638	20.326	24.3571	16.3806	9.03713	19.0725	-9999	-9999	-9999	-9999	-9999
5	28	28.1797	21.4482	26.742	14.6467	6.27178	20.5354	-9999	-9999	-9999	-9999	-9999
5	29	28.1797	21.4482	26.742	14.6467	6.27178	20.5354	-9999	-9999	-9999	-9999	-9999
5	30	28.1797	21.4482	26.742	14.6467	6.27178	20.5354	-9999	-9999	-9999	-9999	-9999
5	31	28.1787	21.4627	27.09	14.25	6.27682	20.5386	0	29.0532	-9999	-9999	-9999
6	1	22.7859	21.2783	28.33	13.35	12.4737	18.49	0	32.4341	-9999	-9999	-9999
6	2	8.84118	18.5308	21.73	15.87	9.01323	18.2996	0	31.9072	-9999	-9999	-9999
6	3	19.3217	19.4335	25.64	15.25	7.33799	18.5972	0.4	31.4457	-9999	-9999	-9999
6	4	9.27207	16.9219	21.07	13.84	7.89903	17.6078	0	32.3004	-9999	-9999	-9999
6	5	7.41406	17.1138	21.95	13.09	7.40744	17.7211	0	34.9447	-9999	-9999	-9999
6	6	16.9911	15.2233	20.94	10.53	7.13165	16.7858	0	34.8683	-9999	-9999	-9999
6	7	14.9011	14.3	20.43	8.21	6.56835	15.8467	0	34.6016	-9999	-9999	-9999
6	8	22.1727	17.0665	22.92	11.56	7.91047	16.7179	0	34.2732	-9999	-9999	-9999
6	9	20.3731	17.5006	24.46	10.46	8.4985	16.7521	0	33.7962	-9999	-9999	-9999
6	10	15.5171	18.1337	22.4	14.19	7.13622	17.3823	0	33.5143	-9999	-9999	-9999
6	11	5.59726	16.5777	18.38	13.87	6.39748	17.3873	0	34.1444	-9999	-9999	-9999
6	12	17.8745	17.6765	23.87	13.54	8.19906	17.4479	0	35.1234	-9999	-9999	-9999
6	13	16.363	16.9904	23.27	13.8	6.71514	17.2127	6.2	35.281	-9999	-9999	-9999
6	14	18.6148	17.6398	23.49	11.97	8.96449	16.3996	0	35.1377	-9999	-9999	-9999
6	15	4.90719	13.4304	14.25	12.53	1.83959	15.7932	11.6	35.2877	-9999	-9999	-9999
6	16	22.7355	17.9187	25.37	12	5.46939	16.3519	23	35.2086	-9999	-9999	-9999
6	17	24.6018	19.169	24.31	13.12	3.38748	17.2811	1.4	35.001	-9999	-9999	-9999
6	18	28.3033	20.0017	26.24	12.14	9.17649	17.5478	0	34.8178	-9999	-9999	-9999
6	19	15.0288	15.7277	21.23	12.07	4.67571	16.8382	4	35.1428	-9999	-9999	-9999
6	20	25.5621	18.481	24.22	11.19	1.30072	16.928	33.6	35.1441	-9999	-9999	-9999
6	21	27.6394	20.63	26.7	12.74	6.10037	18.0743	12.8	35.0305	-9999	-9999	-9999
6	22	27.5718	22.2883	27.74	15.05	11.01	18.9178	0	34.4135	-9999	-9999	-9999
6	23	27.293	23.6167	29.67	15.55	11.9908	19.7257	0	33.5128	-9999	-9999	-9999
6	24	26.5479	24.9367	32.42	16.83	14.3449	20.5459	0	32.4058	-9999	-9999	-9999
6	25	28.3733	24.6302	31.48	16.57	13.353	20.6534	0	31.6159	-9999	-9999	-9999
6	26	27.0552	23.2798	30.59	15.03	11.9476	20.0014	0	31.0969	-9999	-9999	-9999
6	27	24.0277	21.7533	27.79	16.41	9.677	20.0891	0	30.5484	-9999	-9999	-9999
6	28	19.9358	21.0781	27.76	14.39	11.3304	19.8199	0	30.0753	-9999	-9999	-9999
6	29	19.8522	20.6775	27.74	15.82	11.021	20.0497	0	29.7454	-9999	-9999	-9999
6	30	20.7357	21.3744	28.51	15.01	10.4453	19.774	0	29.3759	-9999	-9999	-9999
7	1	25.6813	27.4615	34.17	20.16	15.6978	23.5633	0	27.0534	-9999	-9999	-9999
7	2	29.6135	28.2825	35.508	21.26	17.6683	23.3158	0	-9999	-9999	-9999	-9999
7	3	25.684	29.356	35.947	20.983	18.3196	23.3918	0	-9999	-9999	-9999	-9999
7	4	26.7249	29.2931	36.076	22.965	18.8156	22.5626	0	-9999	-9999	-9999	-9999
7	5	24.1664	27.7584	34.234	21.753	14.656	23.0434	0	-9999	-9999	-9999	-9999
7	6	22.0711	26.3483	34.124	21.222	12.349	23.1489	0	-9999	-9999	-9999	-9999
7	7	24.9806	25.3779	31.412	19.99	13.1615	22.9366	0	-9999	-9999	-9999	-9999
7	8	28.3771	25.02	31.49	17.933	15.6637	22.8561	0	-9999	-9999	-9999	-9999
7	9	27.5077	26.6324	33.87	17.869	16.3734	24.0594	0	-9999	-9999	-9999	-9999
7	10	26.8521	28.1225	35.066	20.056	17.7847	25.1917	0	-9999	-9999	-9999	-9999
7	11	26.6422	28.399	35.611	19.543	18.6272	25.1877	0	-9999	-9999	-9999	-9999
7	12	26.4485	28.7824	36.892	19.739	19.1669	25.1491	0	-9999	-9999	-9999	-9999
7	13	24.2591	29.7112	36.412	22.136	18.0633	25.8394	0	-9999	-9999	-9999	-9999
7	14	25.9228	29.0169	35.52	21.84	18.8578	25.2354	0	23.987	-9999	-9999	-9999
7	15	26.5965	29.479	36.22	21.82	20.1061	25.7213	0	23.9102	-9999	-9999	-9999
7	16	25.8192	30.2331	37.54	23.01	20.9462	26.0506	0	23.8375	-9999	-9999	-9999
7	17	25.4852	30.2288	36.67	23.47	20.0784	26.4694	0	23.8171	-9999	-9999	-9999
7	18	27.1425	26.3577	29.02	22.15	16.5659	25.5401	0	23.6031	-9999	-9999	-9999
7	19	26.8987	25.925	30.52	19.82	15.5556	24.4862	0	23.246	-9999	-9999	-9999
7	20	25.903	26.4025	32.18	19.43	15.2832	24.3741	0	23.0345	-9999	-9999	-9999
7	21	25.386	28.3208	35.36	20.47	17.9113	25.1709	0	22.9958	-9999	-9999	-9999
7	22	25.3121	29.1902	35.96	21.84	20.8527	25.7646	0	23.0019	-9999	-9999	-9999
7	23	25.5492	29.2415	35.07	22.2	21.5444	25.9702	0	22.9441	-9999	-9999	-9999
7	24	27.668	25.3873	30.93	20.16	18.3338	24.7584	0	22.6869	-9999	-9999	-9999
7	25	27.0776	24.0269	30.3	15.58	16.4758	23.3962	0	22.2671	-9999	-9999	-9999
7	26	25.5181	22.8406	28.4	16.07	14.319	22.863	0.8	22.0266	-9999	-9999	-9999
7	27	20.1153	21.531	28.92	15.67	9.46235	21.6364	3.4	21.7034	-9999	-9999	-9999
7	28	24.9385	24.5496	31.86	15.75	15.0632	22.1705	0	21.5378	-9999	-9999	-9999
7	29	7.17422	20.9404	23.59	17.24	5.55948	21.6823	8.4	22.6056	-9999	-9999	-9999
7	30	20.2065	20.0104	25.52	14.28	6.88601	20.8953	0.4	23.1103	-9999	-9999	-9999
7	31	24.7042	22.7702	29.29	14.46	11.5178	20.9187	0	21.3643	-9999	-9999	-9999
8	1	24.7035	22.7894	28.944	14.998	11.52	20.9272	-9999	-9999	-9999	-9999	-9999
8	2	24.7035	22.7894	28.944	14.998	11.52	20.9272	-9999	-9999	-9999	-9999	-9999
8	3	24.7036	22.8385	28.944	14.998	11.5367	20.9465	-9999	-9999	-9999	-9999	-9999
8	4	18.2533	21.6365	25.9688	16.6888	8.82477	21.2848	-9999	-9999	-9999	-9999	-9999
8	5	19.908	21.3015	26.0158	15.8383	8.58772	21.0303	-9999	-9999	-9999	-9999	-9999
8	6	23.4184	22.0211	27.7857	14.8957	10.2028	20.9221	-9999	-9999	-9999	-9999	-9999
8	7	24.704	22.9359	-9999	-9999	11.6197	20.9996	-9999	-9999	-9999	-9999	-9999
8	8	17.3615	21.2229	-9999	-9999	7.97724	21.1588	-9999	-9999	-9999	-9999	-9999
8	9	22.4551	21.4241	-9999	-9999	9.2206	20.9182	-9999	-9999	-9999	-9999	-9999
8	10	24.7036	22.8385	-9999	-9999	11.5367	20.9465	-9999	-9999	-9999	-9999	-9999
8	11	18.2533	21.6365	-9999	-9999	8.82477	21.2848	-9999	-9999	-9999	-9999	-9999
8	12	19.908	21.3015	-9999	-9999	8.58772	21.0303	-9999	-9999	-9999	-9999	-9999
8	13	23.4184	22.0211	-9999	-9999	10.2028	20.9221	-9999	-9999	-9999	-9999	-9999
8	14	24.7037	22.9214	-9999	-9999	11.6349	20.986	-9999	-9999	-9999	-9999	-9999
8	15	18.4449	21.0627	-9999	-9999	8.7543	20.3877	-9999	-9999	-9999	-9999	-9999
8	16	21.8312	21.2683	-9999	-9999	9.59931	19.6797	-9999	-9999	-9999	-9999	-9999
8	17	21.5282	21.9008	-9999	-9999	9.63888	19.5382	-9999	-9999	-9999	-9999	-9999
8	18	21.6959	20.5176	-9999	-9999	11.0084	18.0966	-9999	-9999	-9999	-9999	-9999
8	19	21.4164	20.8565	-9999	-9999	10.4082	18.2876	-9999	-9999	-9999	-9999	-9999
8	20	20.8385	21.3396	-9999	-9999	9.46613	18.751	-9999	-9999	-9999	-9999	-9999
8	21	20.4911	21.8439	-9999	-9999	8.6966	19.2669	-9999	-9999	-9999	-9999	-9999
8	22	21.6958	20.5906	-9999	-9999	11.0484	18.1056	-9999	-9999	-9999	-9999	-9999
8	23	21.2075	21.1029	-9999	-9999	9.96066	18.447	-9999	-9999	-9999	-9999	-9999
8	24	20.4698	21.5998	-9999	-9999	9.00297	19.0761	-9999	-9999	-9999	-9999	-9999
8	25	21.6958	20.5195	19.82	15.7333	11.0119	18.0954	-9999	-9999	-9999	-9999	-9999
8	26	21.4164	20.8565	28.7029	12.9229	10.4082	18.2876	-9999	-9999	-9999	-9999	-9999
8	27	20.8385	21.3396	28.4833	13.7317	9.46613	18.751	-9999	-9999	-9999	-9999	-9999
8	28	20.4911	21.8439	28.59	14.4165	8.6966	19.2669	-9999	-9999	-9999	-9999	-9999
8	29	21.6961	20.5736	28.534	12.296	11.0741	18.1007	-9999	-9999	-9999	-9999	-9999
8	30	21.6961	20.5736	28.534	12.296	11.0741	18.1007	-9999	-9999	-9999	-9999	-9999
8	31	21.6946	20.5696	28.534	12.296	11.0654	18.1052	-9999	-9999	-9999	-9999	-9999
9	1	21.6978	20.6202	28.72	11.3	11.0364	18.1106	0	17.7886	-9999	-9999	-9999
9	2	20.7168	21.6192	29.53	13.64	8.84356	18.7964	0	17.7195	-9999	-9999	-9999
9	3	18.9948	22.5973	28.93	15.17	7.08859	20.3457	3.6	17.7914	-9999	-9999	-9999
9	4	20.6567	24.196	32.4	16.29	6.11908	20.9372	3.4	17.8114	-9999	-9999	-9999
9	5	12.527	23.0435	28.13	19.27	6.46951	21.4783	9.8	17.8754	-9999	-9999	-9999
9	6	14.0748	21.9583	25.12	18.98	8.77367	21.4156	0	17.8796	-9999	-9999	-9999
9	7	12.7054	21.3852	25.7	18.31	4.57579	21.0847	13.4	17.806	-9999	-9999	-9999
9	8	8.76982	21.1277	25.38	18.71	7.80159	20.942	0	20.9473	-9999	-9999	-9999
9	9	15.6232	20.7792	27.7	16.01	3.93329	20.3882	2.6	19.9836	-9999	-9999	-9999
9	10	16.3917	20.8573	27.71	14.91	6.23145	19.6934	5	18.8518	-9999	-9999	-9999
9	11	19.5572	21.9296	29.33	14.53	7.9564	19.3221	0.2	18.2954	-9999	-9999	-9999
9	12	19.1891	22.5229	29.73	14.78	7.30394	19.3089	2	17.963	-9999	-9999	-9999
9	13	4.25578	18.1946	22.8	16.2	5.93427	18.9714	5.4	18.2723	-9999	-9999	-9999
9	14	18.4302	21.3327	28.81	14.9	3.24793	18.9778	0.8	18.0416	-9999	-9999	-9999
9	15	18.8528	22.8673	31.57	15.34	7.46727	19.4919	0.4	17.8382	-9999	-9999	-9999
9	16	11.5062	23.145	28.31	16.56	12.569	19.8424	0	17.7232	-9999	-9999	-9999
9	17	5.01974	23.0313	25.96	21.02	9.22115	20.38	0	17.7232	-9999	-9999	-9999
9	18	3.93583	19.0008	22.49	15.91	5.52664	19.8308	0	17.6744	-9999	-9999	-9999
9	19	17.0263	19.3796	24.78	15.86	4.57533	19.0735	0	17.5649	-9999	-9999	-9999
9	20	17.3921	20.0367	27.57	13.28	5.59658	18.5006	0	17.3832	-9999	-9999	-9999
9	21	16.9764	20.9875	28.8	13.66	8.66405	18.597	0	17.2891	-9999	-9999	-9999
9	22	16.5842	21.0212	28.61	14.95	4.79382	18.7069	0	17.2319	-9999	-9999	-9999
9	23	17.004	20.745	28.03	13.57	7.82315	18.153	0	17.0651	-9999	-9999	-9999
9	24	12.1583	20.0321	25.91	13.31	3.50143	18.3973	0	16.9914	-9999	-9999	-9999
9	25	14.3036	17.6419	20.84	14.22	4.78264	18.4882	0	17.8029	-9999	-9999	-9999
9	26	15.37	19.0925	25.43	13.24	6.50356	17.2428	0	17.2179	-9999	-9999	-9999
9	27	4.72834	16.5963	19.21	15.02	4.96154	17.3968	0	15.3514	-9999	-9999	-9999
9	28	7.5867	16.2971	20.66	12.57	5.36032	17.0319	0	3.43416	-9999	-9999	-9999
9	29	15.8306	17.3346	26.11	10.32	2.60173	16.0125	0	3.28166	-9999	-9999	-9999
9	30	14.252	18.2642	26.1	10.51	5.52607	16.1728	0	3.19095	-9999	-9999	-9999
10	1	7.26606	17.1004	20.46	14.13	3.40727	16.4047	0	3.22565	-9999	-9999	-9999
10	2	7.16978	16.0387	21.871	12.01	3.75482	15.9919	0	3.19948	-9999	-9999	-9999
10	3	7.16736	16.1665	22.633	9.825	3.68132	16.0736	0.2	3.15382	-9999	-9999	-9999
10	4	7.16736	18.3433	22.801	14.792	3.18202	17.3463	0.6	3.21104	-9999	-9999	-9999
10	5	11.7033	20.3396	25.627	16.206	5.69517	18.2669	3.4	3.3608	-9999	-9999	-9999
10	6	11.564	18.8646	24.542	13.638	6.33777	17.5525	0	3.33828	-9999	-9999	-9999
10	7	9.72655	17.166	21.662	13.56	4.15487	17.6098	0	3.31089	-9999	-9999	-9999
10	8	9.02902	14.5588	19.536	10.719	4.6686	16.3505	0	3.21652	-9999	-9999	-9999
10	9	9.17894	12.5791	18.001	8.35	5.50311	14.8681	0	3.04789	-9999	-9999	-9999
10	10	7.65549	11.462	17.393	5.997	4.68166	13.564	0	2.861	-9999	-9999	-9999
10	11	9.05707	11.233	16.861	6.673	3.40211	13.8955	0	2.76633	-9999	-9999	-9999
10	12	9.99855	12.4674	18.714	6.842	5.15343	14.2269	0	2.7368	-9999	-9999	-9999
10	13	9.99855	10.9775	12.849	7.73	2.59187	13.9278	0.6	2.70698	-9999	-9999	-9999
10	14	10.0382	16.1694	21.82	13.08	5.33622	15.0442	0	2.72767	-9999	-9999	-9999
10	15	9.58903	15.8796	20.58	12.32	4.87994	15.0302	0	2.73437	-9999	-9999	-9999
10	16	6.52603	13.2735	17.85	9.23	2.52717	14.049	29	3.6518	-9999	-9999	-9999
10	17	0.884118	10.8698	11.44	10.55	0.482625	13.1337	20.8	8.34764	-9999	-9999	-9999
10	18	4.4153	11.9527	15.07	9.46	1.5276	13.5549	0.2	7.77021	-9999	-9999	-9999
10	19	12.4386	14.2904	21.19	9.36	4.34046	13.3216	0	7.24726	-9999	-9999	-9999
10	20	11.5207	13.024	20.67	6.724	3.55106	12.7234	0.2	6.69084	-9999	-9999	-9999
10	21	10.4458	12.9127	19.24	7.21	4.15908	12.3057	0	18.8038	-9999	-9999	-9999
10	22	8.83473	11.7134	18.16	5.973	2.38665	12.2455	0	21.374	-9999	-9999	-9999
10	23	5.8576	12.261	15.97	7.74	2.05064	12.5905	0.2	21.1926	-9999	-9999	-9999
10	24	3.20271	13.3004	14.82	11.33	1.21062	13.5551	1.4	21.1993	-9999	-9999	-9999
10	25	4.15934	12.6354	14.36	10.28	1.22635	13.1727	26.8	26.6278	-9999	-9999	-9999
10	26	2.73384	9.31629	12.05	6.792	1.64413	11.8438	11.6	27.8192	-9999	-9999	-9999
10	27	10.6925	9.15173	16.51	4	3.02895	10.2608	0.2	26.4887	-9999	-9999	-9999
10	28	9.77939	8.75965	15.43	2.631	2.4694	9.39573	0	25.6236	-9999	-9999	-9999
10	29	10.495	10.2561	19.23	4.042	3.13984	9.45359	0	25.1716	-9999	-9999	-9999
10	30	7.36688	10.3279	14.85	4.649	1.93272	9.70745	0.2	24.9488	-9999	-9999	-9999
10	31	4.52713	14.5692	17.2	12.21	2.39312	11.9401	3	25.2422	-9999	-9999	-9999
11	1	1.1898	15.6417	16.6	14.4	1.5479	13.3167	11.4	28.2063	-9999	-9999	-9999
11	2	3.66354	15.6479	19.5	14.7	1.09672	14.0979	3.4	30.5542	-9999	-9999	-9999
11	3	3.69828	14.8146	18.9	12.6	1.51642	14.05	7.4	32.1667	-9999	-9999	-9999
11	4	7.90974	15.0833	19.9	11.9	1.86718	13.7458	0	31.6354	-9999	-9999	-9999
11	5	5.16096	14.9271	19.3	13	2.35029	13.9125	0	31.4625	-9999	-9999	-9999
11	6	7.64514	14.2979	18.6	11.8	2.2809	14.0708	0	31.3917	-9999	-9999	-9999
11	7	2.59416	12.9729	15.3	11.1	0.569745	13.5042	1	31.2354	-9999	-9999	-9999
11	8	6.1497	12.6104	16.7	10.7	3.81822	13.1	0.6	31.175	-9999	-9999	-9999
11	9	2.24586	10.3292	11.5	8.8	1.20203	11.9187	3.4	31.7354	-9999	-9999	-9999
11	10	2.61792	10.4542	11.9	9.3	0.658484	11.8854	5.2	32.5771	-9999	-9999	-9999
11	11	6.21252	8.9875	12.6	5.9	0.707937	10.9083	0.2	32.2979	-9999	-9999	-9999
11	12	7.92378	10.7917	18.2	5.8	1.79114	11.1062	0.2	31.95	-9999	-9999	-9999
11	13	3.37428	11.0875	13.6	8	1.13044	11.3146	0	31.7625	-9999	-9999	-9999
11	14	1.89342	11.1771	12	10.5	0.395514	11.9833	0	31.8	-9999	-9999	-9999
11	15	1.45296	12.4	14	10.8	0.437028	12.3375	0.4	31.8208	-9999	-9999	-9999
11	16	3.4839	14.4938	18.7	11.2	2.29337	13.0042	4.2	32.6354	-9999	-9999	-9999
11	17	4.45482	11.2167	16.7	8.5	1.51214	11.6854	0	32.725	-9999	-9999	-9999
11	18	3.08466	9.12083	11.4	5.8	0.851883	10.6062	1.2	32.3188	-9999	-9999	-9999
11	19	7.4475	10.9437	16.5	6.8	1.71368	11.0354	0	32.275	-9999	-9999	-9999
11	20	2.80368	8.78333	11.2	6.2	0.542603	10.2813	0	32.0708	-9999	-9999	-9999
11	21	1.36044	10.9563	12.1	9.3	0.651733	11.2854	18	32.8021	-9999	-9999	-9999
11	22	2.51082	9.10833	10.5	7.6	0.838142	10.8354	0.4	33.3667	-9999	-9999	-9999
11	23	5.53446	8.94792	14.4	6.2	1.23204	10.0896	0	32.7458	-9999	-9999	-9999
11	24	5.96862	6.92917	12.4	3	0.861436	9.49375	1.4	32.4771	-9999	-9999	-9999
11	25	6.04885	5.27917	11.2	2.7	0.692778	8.33542	0.2	32.3021	-9999	-9999	-9999
11	26	2.19042	4.21667	5.8	2.3	0.421613	7.89792	8.4	32.5875	-9999	-9999	-9999
11	27	7.2747	4.94167	10.2	0.2	2.21455	6.32083	0	32.4625	-9999	-9999	-9999
11	28	0.48636	2.41875	3.5	1.3	0.353998	5.775	25.8	32.2917	-9999	-9999	-9999
11	29	6.9975	5.47708	13.4	0.7	2.39257	5.35833	0	32.2792	-9999	-9999	-9999
11	30	3.25908	5.19254	9	3.3	0.876729	6.01875	7.6	32.2792	-9999	-9999	-9999
12	1	1.97136	2.33283	4.09	1.296	0.120741	5.125	15.4	32.0833	-9999	-9999	-9999
12	2	1.70694	1.64883	6.386	0.611	0.0813253	4.74583	2.4	32.0271	-9999	-9999	-9999
12	3	3.52134	3.1875	4.9	1.7	0.589074	4.98958	2.6	31.9708	-9999	-9999	-9999
12	4	1.1988	2.32708	4	-0.1	0.320433	4.85625	0.6	32.0771	-9999	-9999	-9999
12	5	2.91366	1.53333	3.5	-1.1	0.351478	4.04167	0.8	31.7688	-9999	-9999	-9999
12	6	0.63144	2.48958	4	0.8	0.198446	4.65208	0.2	31.6333	-9999	-9999	-9999
12	7	2.77182	3.87292	5.6	1.8	0.63258	5.38958	0	31.6542	-9999	-9999	-9999
12	8	1.46322	5.01042	6.8	3.5	0.481428	6.4	0	31.8292	-9999	-9999	-9999
12	9	5.29344	7.00417	13.7	3	2.75607	6.55	0.2	31.9292	-9999	-9999	-9999
12	10	6.7113	4.23333	8.8	-0.3	2.52701	5.17917	0	31.4875	-9999	-9999	-9999
12	11	6.22548	3.7	6.8	0.2	1.84519	4.52708	0	31.0146	-9999	-9999	-9999
12	12	5.71662	3.05625	5.2	-0.1	1.12388	4.38333	0	30.7688	-9999	-9999	-9999
12	13	6.33492	3.10625	6.1	-0.9	1.41144	4.0875	0.2	30.5396	-9999	-9999	-9999
12	14	1.84428	-0.3625	2.5	-2.1	0.0634865	3.38958	0.2	30.3958	-9999	-9999	-9999
12	15	5.43654	-1.325	2.8	-3.8	0.342828	2.48542	0	30.2333	-9999	-9999	-9999
12	16	3.01788	-3.37917	0.3	-5.4	0.138613	1.72917	0	29.925	-9999	-9999	-9999
12	17	1.21788	-3.97083	-1.4	-7	0.293489	0.85625	0	29.6083	-9999	-9999	-9999
12	18	7.51158	-2.9125	3.8	-7.2	0.953706	1.24583	1.2	29.4375	-9999	-9999	-9999
12	19	3.62592	-3.80417	0.7	-9.3	0.607804	0.752083	0	29.2437	-9999	-9999	-9999
12	20	3.44214	1.38542	3.6	0.1	0.891376	1.63958	0.6	29.1542	-9999	-9999	-9999
12	21	2.19474	1.79583	3.9	-0.2	0.804035	1.96667	1	29.3792	-9999	-9999	-9999
12	22	1.24758	3.07083	4.2	2	0.318483	3.29583	2.8	29.725	-9999	-9999	-9999
12	23	1.27386	4.50833	5.2	3.7	0.19104	4.27083	14.6	30.4292	-9999	-9999	-9999
12	24	1.7631	6.43542	7.8	5.1	0.279665	5.21042	1.2	30.6917	-9999	-9999	-9999
12	25	1.79388	8.2625	9.5	7.3	0.551694	6.3875	0.4	31.1125	-9999	-9999	-9999
12	26	0.92448	5.05833	7.9	3	1.11746	5.98333	4.6	31.7292	-9999	-9999	-9999
12	27	3.78882	1.75625	6.1	-0.8	0.373961	4.17083	0	31.3813	-9999	-9999	-9999
12	28	3.77784	-0.677083	5.4	-4.3	0.351988	2.45625	0.2	30.9792	-9999	-9999	-9999
12	29	2.12382	1.18333	3.2	-1.3	0.451384	2.88333	0	30.7667	-9999	-9999	-9999
12	30	1.61046	3.34167	4.6	2.2	1.12577	3.78542	0	30.8308	-9999	-9999	-9999
12	31	4.7493	4.63889	9.3	1	1.3822	4.19028	0	30.8966	-9999	-9999	-9999
