Month	n_days	Rg_f	Ta_f	Tmax	Tmin	VPD_f	Ts_f	Precip	SWC	LAI	ET	Litterfall
1	1	0.008514	-5.36729	-1.36	-9.84	0.520258	-0.699792	0	8.56777	-9999	-9999	-9999
1	2	0.024156	-1.64813	-1.06	-3.12	0.282561	-0.835417	0.6	8.57919	-9999	-9999	-9999
1	3	0.0602028	-3.68146	-1.53	-5.96	0.416728	-0.781667	1.4	8.50996	-9999	-9999	-9999
1	4	0.0671274	-5.17312	-3.36	-7.8	0.210289	-0.706042	0.9	8.54733	-9999	-9999	-9999
1	5	0.065592	-4.80813	-3.52	-6.05	0.289875	-0.698125	0.3	8.5855	-9999	-9999	-9999
1	6	0.070308	-6.38438	-5.52	-8.09	0.24278	-0.677083	1.1	8.62401	-9999	-9999	-9999
1	7	0.05733	-7.59979	-6.6	-8.24	0.294338	-0.681458	1.9	8.64243	-9999	-9999	-9999
1	8	0.083178	-6.48917	-5.49	-7.65	0.200464	-0.710625	2.2	8.62111	-9999	-9999	-9999
1	9	0.047772	-8.64354	-7.51	-13.19	0.32639	-0.706667	0.1	8.56454	-9999	-9999	-9999
1	10	0.087084	-11.3063	-8.09	-16.77	0.228453	-0.724792	0.2	8.52494	-9999	-9999	-9999
1	11	0.103212	-4.09042	0.11	-9.04	0.143718	-0.878333	2.6	8.40935	-9999	-9999	-9999
1	12	0.0330588	-3.81708	0.04	-6.87	0.42615	-0.747292	1.3	8.23969	-9999	-9999	-9999
1	13	0.080298	-1.36062	0.26	-4.15	0.0702426	-0.822292	1.3	8.16125	-9999	-9999	-9999
1	14	0.178704	-7.53188	-3.15	-10.62	0.312185	-0.653333	0	8.16239	-9999	-9999	-9999
1	15	0.410274	-16.9642	-10.39	-25.98	0.2914	-0.612292	0	8.22831	-9999	-9999	-9999
1	16	0.092376	-24.7727	-10.81	-29.73	0.179362	-0.748958	0.7	8.18481	-9999	-9999	-9999
1	17	0.124596	-5.69896	0.45	-10.36	0.145791	-1.13563	0.3	7.92717	-9999	-9999	-9999
1	18	0.087948	0.750208	1	0.46	0.153822	-1.39646	0.8	7.56738	-9999	-9999	-9999
1	19	0.071874	0.475	0.85	0.11	0.639819	-1.17271	0.5	7.42874	-9999	-9999	-9999
1	20	0.123665	-2.03271	0.07	-3.82	0.648079	-0.784583	0.7	7.51345	-9999	-9999	-9999
1	21	0.164875	-4.48417	-3.81	-5.14	0.254708	-0.672292	1.2	7.69816	-9999	-9999	-9999
1	22	0.202909	-9.61958	-4.83	-11.48	0.244962	-0.598125	0.9	7.95936	-9999	-9999	-9999
1	23	0.230094	-11.5635	-8.87	-16.74	0.25536	-0.650417	2.9	8.22783	-9999	-9999	-9999
1	24	0.456943	-16.0379	-8.88	-19.18	0.253941	-0.740208	0.7	8.26413	-9999	-9999	-9999
1	25	0.304195	-10.5123	-7.29	-14.4	0.244654	-0.934167	2	8.0008	-9999	-9999	-9999
1	26	0.276498	-6.11938	-4.47	-7.45	0.208321	-1.15417	3.4	7.59946	-9999	-9999	-9999
1	27	0.463932	-10.8025	-7.18	-12.87	0.232209	-1.19521	3	7.3076	-9999	-9999	-9999
1	28	0.492408	-14.4869	-8.78	-21.33	0.236801	-1.15646	0	7.17187	-9999	-9999	-9999
1	29	0.618786	-18.5948	-10.72	-25	0.222861	-1.155	2.6	7.09691	-9999	-9999	-9999
1	30	0.241632	-7.09208	-1.24	-10.75	0.201614	-1.32583	7.8	7.01006	-9999	-9999	-9999
1	31	0.452065	-3.84125	-1.1	-5.14	0.183363	-1.52396	2	6.89793	-9999	-9999	-9999
2	1	0.393462	-4.6625	-3.7	-6	0.437074	-1.47479	0	6.82014	-9999	-9999	-9999
2	2	0.498978	-8.25	-6.11	-10.24	0.295349	-1.36917	0	6.79867	-9999	-9999	-9999
2	3	0.28899	-6.55021	-2.64	-9.24	0.194802	-1.31438	0.6	6.79449	-9999	-9999	-9999
2	4	0.386946	-0.8575	-0.31	-2.44	0.0994902	-1.44021	1.5	6.79265	-9999	-9999	-9999
2	5	0.985212	-2.62327	0.57	-4.98	0.575487	-1.42979	1.8	6.79614	-9999	-9999	-9999
2	6	1.77606	-7.82125	-4.43	-10.05	0.747801	-1.19271	87	6.81522	-9999	-9999	-9999
2	7	1.91974	-11.5179	-5.01	-14.02	0.252141	-1.09021	0.1	6.84367	-9999	-9999	-9999
2	8	0.812178	-3.32729	-2.43	-4.53	0.614913	-1.22604	0	6.83725	-9999	-9999	-9999
2	9	0.785376	-2.64729	-1.89	-3.33	1.0048	-1.18646	0	6.80899	-9999	-9999	-9999
2	10	0.542016	-3.59437	-1.58	-6.73	0.695862	-1.07187	0.3	6.79331	-9999	-9999	-9999
2	11	1.43615	-4.0825	-1.12	-6.55	0.244124	-1.20729	3.3	6.79266	-9999	-9999	-9999
2	12	3.11458	-8.07542	-5.58	-9.78	0.233633	-1.115	1.7	6.80153	-9999	-9999	-9999
2	13	0.837779	-5.32979	-4.23	-7.17	0.394586	-1.11604	0	6.80458	-9999	-9999	-9999
2	14	2.71868	-11.4837	-7.33	-16.33	0.236627	-1.08521	0	6.80414	-9999	-9999	-9999
2	15	2.42165	-15.5135	-11.72	-24.16	0.240768	-1.09354	1	6.78513	-9999	-9999	-9999
2	16	3.17711	-17.7179	-13.59	-24.06	0.246959	-1.15875	1.5	6.75048	-9999	-9999	-9999
2	17	1.97821	-12.0965	-10.02	-14.29	0.281188	-1.43167	6.2	6.68103	-9999	-9999	-9999
2	18	0.809953	-8.6175	-7.33	-10.1	0.252058	-1.79167	1.6	6.57469	-9999	-9999	-9999
2	19	1.52144	-8.62771	-7.56	-10.09	0.411203	-1.9175	1	6.45705	-9999	-9999	-9999
2	20	1.21214	-9.06563	-6.64	-12.85	0.495092	-1.92917	0.1	6.37177	-9999	-9999	-9999
2	21	3.61451	-14.4433	-11.46	-23.95	0.440392	-1.79458	0.4	6.32461	-9999	-9999	-9999
2	22	4.98404	-22.9448	-14.01	-31.4	0.285457	-1.66313	0	6.30453	-9999	-9999	-9999
2	23	2.51496	-15.0873	-10.58	-21.62	0.523975	-1.83021	0	6.26004	-9999	-9999	-9999
2	24	2.09119	-6.72354	-3.58	-11.18	0.537433	-2.11667	1.4	6.18828	-9999	-9999	-9999
2	25	4.01722	-8.96229	-6.14	-12.06	0.693173	-2.215	0	6.10368	-9999	-9999	-9999
2	26	4.22395	-10.6719	-7.35	-13.48	0.610332	-2.14438	0	6.04087	-9999	-9999	-9999
2	27	6.25154	-12.0477	-8.43	-14.97	0.56515	-2.12979	0	6.00383	-9999	-9999	-9999
2	28	4.25747	-18.1131	-11.88	-24.45	0.270488	-2.12729	0.6	5.96052	-9999	-9999	-9999
3	1	4.38466	-18.4792	-11.98	-24.46	0.314574	-2.20625	0	5.91313	-9999	-9999	-9999
3	2	5.00805	-16.7921	-10.1	-24.35	0.379889	-2.39188	0.2	5.84809	-9999	-9999	-9999
3	3	7.61341	-10.8663	-6.12	-15.7	0.572564	-2.63083	0.5	5.77805	-9999	-9999	-9999
3	4	2.60874	-10.8812	-7.12	-16.3	0.278796	-2.83542	2.8	5.71238	-9999	-9999	-9999
3	5	2.45309	-7.27354	-5.89	-8.7	0.490106	-3.03333	0	5.65923	-9999	-9999	-9999
3	6	1.57858	-5.55333	-4.76	-6.55	0.295358	-3.03688	0.7	5.62329	-9999	-9999	-9999
3	7	3.09092	-5.02229	-2.84	-7.38	0.436707	-2.93688	0.4	5.61229	-9999	-9999	-9999
3	8	7.08116	-11.4308	-8.03	-15.9	0.713158	-2.67208	0	5.59896	-9999	-9999	-9999
3	9	8.72234	-14.294	-6.86	-20.29	0.634574	-2.49146	0	5.60304	-9999	-9999	-9999
3	10	4.88707	-13.3294	-6.81	-21.57	0.88506	-2.54021	0	5.6009	-9999	-9999	-9999
3	11	8.5599	-14.0675	-7.38	-20.64	0.78911	-2.66521	0	5.59573	-9999	-9999	-9999
3	12	8.01774	-14.8871	-6.34	-22.5	0.856919	-2.76812	0	5.5686	-9999	-9999	-9999
3	13	9.17801	-19.7275	-11.06	-29.28	0.478704	-2.88797	0	5.53286	-9999	-9999	-9999
3	14	5.65276	-19.8852	-10.79	-27.12	0.409489	-3.07167	0.7	5.49567	-9999	-9999	-9999
3	15	5.69935	-20.7021	-11.02	-27.87	0.386257	-3.24125	0	5.4583	-9999	-9999	-9999
3	16	7.66956	-17.351	-8.59	-28.67	0.510234	-3.47146	1.1	5.4107	-9999	-9999	-9999
3	17	6.44735	-11.8671	-8.36	-14.9	0.481752	-3.78021	0.5	5.373	-9999	-9999	-9999
3	18	8.05201	-10.7777	-5.04	-18.26	0.724872	-3.86146	1.1	5.34077	-9999	-9999	-9999
3	19	6.58781	-6.47979	-3.86	-9.02	1.09201	-3.88437	0	5.31166	-9999	-9999	-9999
3	20	9.41358	-6.37896	-2.86	-12.7	1.26812	-3.79937	0.1	5.30946	-9999	-9999	-9999
3	21	9.3964	-6.20083	-2.58	-11.32	1.32079	-3.66354	0	5.30377	-9999	-9999	-9999
3	22	10.7272	-9.69667	-3.07	-16.99	1.1733	-3.54708	0	5.295	-9999	-9999	-9999
3	23	4.98314	-8.135	-2.1	-20.01	0.854276	-3.59521	1.6	5.29595	-9999	-9999	-9999
3	24	5.08033	1.63604	5.49	-2.27	0.843335	-3.75292	0	5.29576	-9999	-9999	-9999
3	25	5.57446	1.14	2.39	-0.86	1.85972	-3.07875	0.1	5.29977	-9999	-9999	-9999
3	26	5.97689	-0.599792	0.46	-2.2	2.32926	-2.65583	0	5.31049	-9999	-9999	-9999
3	27	6.38412	-2.4	-0.77	-4.22	1.57887	-2.43104	0	5.3313	-9999	-9999	-9999
3	28	6.40441	-1.96833	-0.38	-3.56	1.50557	-2.2325	0.2	5.34202	-9999	-9999	-9999
3	29	11.7927	-2.97812	-0.96	-4.38	2.09829	-2.04167	0	5.36411	-9999	-9999	-9999
3	30	7.37086	1.45833	5.98	-4.3	2.11398	-1.94813	0	5.37586	-9999	-9999	-9999
3	31	11.6757	1.81687	6.03	-4.24	2.33239	-1.73729	0	5.39616	-9999	-9999	-9999
4	1	9.83815	2.72937	6.37	-0.98	2.46799	-1.605	0	5.42718	-9999	-9999	-9999
4	2	8.64961	2.48438	7.7	-2.28	2.26498	-1.49896	0.4	5.45661	-9999	-9999	-9999
4	3	13.917	-3.07625	2.39	-4.99	2.56917	-1.29562	0	5.51373	-9999	-9999	-9999
4	4	11.1633	1.86833	8.4	-3.8	1.55729	-1.24146	1.3	5.57767	-9999	-9999	-9999
4	5	3.45651	0.562917	2.99	-1.3	0.361926	-1.33979	7.2	5.63416	-9999	-9999	-9999
4	6	13.6183	1.8265	4.99	-1.18	2.4767	-0.776875	0	5.73661	-9999	-9999	-9999
4	7	11.3778	0.660208	5.03	-4.43	1.71799	-0.688542	1	5.87279	-9999	-9999	-9999
4	8	2.40212	0.432729	1.59	-0.07	0.0680249	-0.920417	7.1	11.0924	-9999	-9999	-9999
4	9	4.77779	0.186833	1.11	-0.43	0.292324	-0.203253	0.4	19.4265	-9999	-9999	-9999
4	10	14.3214	0.780417	4.22	-1.8	1.77825	0.20234	0.5	15.559	-9999	-9999	-9999
4	11	4.6541	0.0508125	1.06	-0.88	0.345768	0.139601	6.9	13.8329	-9999	-9999	-9999
4	12	10.5227	-0.0133958	2.52	-3.24	0.652647	0.223788	2	17.0565	-9999	-9999	-9999
4	13	8.1515	-2.59104	-0.21	-3.9	0.408499	0.203781	2.6	15.9162	-9999	-9999	-9999
4	14	8.56377	-2.39375	-0.8	-4.26	0.512736	0.251321	0.2	13.4169	-9999	-9999	-9999
4	15	15.8728	2.50271	7.43	-1.63	2.58245	0.262406	1.8	13.7549	-9999	-9999	-9999
4	16	10.9094	0.55625	5.19	-5.75	1.71164	0.292085	0.2	16.4331	-9999	-9999	-9999
4	17	18.1729	-0.715417	2.46	-5.07	2.42932	0.312454	0	15.4828	-9999	-9999	-9999
4	18	13.9141	-2.65979	0.14	-7.22	2.00052	0.333904	0.1	13.9465	-9999	-9999	-9999
4	19	14.3563	-3.785	-0.47	-8.15	1.68729	0.322644	0	13.128	-9999	-9999	-9999
4	20	18.2037	-2.67027	0.93	-6.69	2.06706	0.309056	0	12.7348	-9999	-9999	-9999
4	21	10.6455	-2.81312	0.56	-8.21	1.42109	0.294042	0	12.5482	-9999	-9999	-9999
4	22	14.6619	-1.0525	0.94	-4.03	2.26021	0.279392	0	12.4346	-9999	-9999	-9999
4	23	20.0842	0.633958	6.66	-9.35	3.30761	0.27706	0	12.3558	-9999	-9999	-9999
4	24	20.8328	3.31979	8.85	-4.72	3.69361	0.28135	0	15.5322	-9999	-9999	-9999
4	25	16.2974	3.85271	8.39	-3.11	3.72919	0.296725	0	17.5639	-9999	-9999	-9999
4	26	21.105	5.44062	10.55	-3.28	4.84474	0.32854	0	19.3962	-9999	-9999	-9999
4	27	19.7662	4.6475	9.21	-2.32	4.3224	0.357146	0	19.5087	-9999	-9999	-9999
4	28	18.5154	2.96563	5.87	-0.42	2.47362	0.359644	0	19.9191	-9999	-9999	-9999
4	29	15.1588	0.958333	3.92	-2.04	2.33859	0.371092	0	18.6704	-9999	-9999	-9999
4	30	13.8753	-0.543125	1.84	-2.25	2.34947	0.37984	0	16.052	-9999	-9999	-9999
5	1	23.1952	-1.87187	0.84	-5.52	2.59067	0.38664	0	15.5244	-9999	-9999	-9999
5	2	22.1196	-2.35333	2.22	-9.15	2.29195	0.371804	0	15.6613	-9999	-9999	-9999
5	3	7.5654	-0.657917	0.53	-2.21	2.30967	0.184614	2.4	15.1619	-9999	-9999	-9999
5	4	11.0448	1.25771	3.98	-1.17	2.14035	0.230608	0.4	16.9218	-9999	-9999	-9999
5	5	9.1224	-1.84021	-0.2	-2.83	1.68943	0.28529	2.15	15.0805	-9999	-9999	-9999
5	6	8.334	-1.42979	0.2	-3.2	1.81768	0.195535	2	13.7137	-9999	-9999	-9999
5	7	16.407	1.44771	6.37	-2.63	2.5605	0.259014	0.2	13.5583	-9999	-9999	-9999
5	8	11.538	0.817521	2.68	-0.53	2.21743	0.278138	0.7	15.0032	-9999	-9999	-9999
5	9	7.452	0.669792	3.6	-0.63	1.96945	0.134123	3.4	16.8625	-9999	-9999	-9999
5	10	18.435	3.44277	9.51	-0.12	2.12058	0.222052	0.15	21.1594	-9999	-9999	-9999
5	11	4.83095	2.21479	4.25	-0.83	0.633883	0.243279	1.7	17.8738	-9999	-9999	-9999
5	12	14.7782	4.53125	9.08	0.5	2.82753	0.264008	0.7	23.9851	-9999	-9999	-9999
5	13	24.7987	6.34542	10.38	0.41	4.72686	0.369121	0	25.055	-9999	-9999	-9999
5	14	21.1515	4.77375	9.19	-1.36	3.56333	0.308662	1.85	25.69	-9999	-9999	-9999
5	15	27.1363	2.77729	6.1	-0.75	3.6745	0.302639	0	23.7802	-9999	-9999	-9999
5	16	21.4426	3.48646	7.06	-1.15	3.42238	0.358758	0.05	21.6977	-9999	-9999	-9999
5	17	3.36695	2.96021	5.76	1.36	0.219242	0.139119	3	26.0204	-9999	-9999	-9999
5	18	26.2767	6.51312	10.62	1.97	4.8843	0.356964	0.15	26.051	-9999	-9999	-9999
5	19	18.5452	5.79521	9.79	0.59	3.46029	0.401298	0	22.1245	-9999	-9999	-9999
5	20	23.4946	6.53042	10.07	1.63	4.2637	0.423108	0	24.1423	-9999	-9999	-9999
5	21	5.14118	5.92375	9.98	2.54	2.77718	0.42829	0.35	23.8166	-9999	-9999	-9999
5	22	9.66449	9.62271	12.18	7.57	4.42123	0.471002	0	27.1272	-9999	-9999	-9999
5	23	23.6452	12.155	18.04	5.9	5.24661	0.462788	0	24.6179	-9999	-9999	-9999
5	24	14.1789	12.731	18.05	7.77	3.03826	2.44012	2.65	20.277	-9999	-9999	-9999
5	25	22.4714	10.7113	13.37	8.15	4.88894	5.82099	0	15.827	-9999	-9999	-9999
5	26	20.6709	11.1877	15.05	7.07	6.56406	6.8304	0.8	13.915	-9999	-9999	-9999
5	27	7.36063	6.4175	9.74	2.43	1.31215	7.78975	4.45	14.0123	-9999	-9999	-9999
5	28	17.7835	4.26229	7.68	1.81	2.99227	6.74209	0.9	13.6091	-9999	-9999	-9999
5	29	12.4245	4.63458	6.99	0.58	2.68361	7.66767	0.3	13.0462	-9999	-9999	-9999
5	30	12.3723	3.32187	5.9	0.13	2.06495	6.96303	1.25	12.9179	-9999	-9999	-9999
5	31	20.5475	6.58479	10.53	1.22	4.93965	8.32779	0	12.8265	-9999	-9999	-9999
6	1	16.161	5.73562	8.29	2.02	4.38073	8.00031	0	12.3742	-9999	-9999	-9999
6	2	16.9367	6.45667	9.67	-0.36	4.82265	8.61469	0	11.9932	-9999	-9999	-9999
6	3	20.7789	10.1563	13.78	5.75	6.47447	11.637	0.1	11.5592	-9999	-9999	-9999
6	4	22.518	11.5242	15.16	6.91	5.9563	12.3128	38	11.0893	-9999	-9999	-9999
6	5	11.8287	12.2171	16.49	7.85	5.91461	12.5672	2.2	10.6746	-9999	-9999	-9999
6	6	11.9371	10.7854	14.57	7.72	1.04017	13.1258	4.25	10.8325	-9999	-9999	-9999
6	7	8.505	6.51792	10.49	4.84	0.737854	11.5696	1.9	12.627	-9999	-9999	-9999
6	8	18.8454	8.37271	11.58	4.27	4.90818	11.3731	0	12.7018	-9999	-9999	-9999
6	9	20.25	12.3175	17.7	7.01	6.26379	13.7566	0	12.1298	-9999	-9999	-9999
6	10	15.4692	15.2421	19.72	9.75	7.60142	15.0232	0	11.8117	-9999	-9999	-9999
6	11	19.6335	16.8856	21.47	13.01	7.64193	17.1963	0	11.47	-9999	-9999	-9999
6	12	22.95	18.8467	23.36	11.31	11.0718	17.5361	0	11.138	-9999	-9999	-9999
6	13	29.0538	20.4804	25.78	11.11	14.446	18.8227	0	10.7945	-9999	-9999	-9999
6	14	22.2462	12.1583	17.38	6.69	7.06003	16.7582	0	10.439	-9999	-9999	-9999
6	15	18.9365	12.325	15.88	6.78	7.55396	15.2068	0	10.0736	-9999	-9999	-9999
6	16	25.641	14.4648	18.91	10.94	6.84859	17.6097	0	9.65163	-9999	-9999	-9999
6	17	16.181	14.6488	19.11	11.65	4.39202	17.6242	0.7	9.24328	-9999	-9999	-9999
6	18	25.7112	15.1881	18.9	9.38	7.84216	17.4011	0	8.76614	-9999	-9999	-9999
6	19	31.9032	14.1698	18.41	9.1	10.6204	16.7294	0	8.06342	-9999	-9999	-9999
6	20	27.0967	16.2954	21.11	8.05	11.3103	17.8464	0	7.38256	-9999	-9999	-9999
6	21	20.934	15.8327	21.47	10.89	8.60912	17.7238	0.65	6.77364	-9999	-9999	-9999
6	22	8.6778	15.0785	18.68	11.89	2.97872	16.7632	0.05	6.49243	-9999	-9999	-9999
6	23	23.3064	16.2554	18.78	12.99	6.83232	18.2507	47.25	6.22066	-9999	-9999	-9999
6	24	9.7602	13.1365	16.25	10.85	2.12947	14.3248	6.05	6.72779	-9999	-9999	-9999
6	25	12.2526	10.4527	11.8	8.4	3.1194	14.1116	0.05	8.40759	-9999	-9999	-9999
6	26	22.1063	10.4469	13.59	5.79	4.25891	13.6704	0.95	8.6171	-9999	-9999	-9999
6	27	15.7703	12.0948	14.86	8.84	4.82525	13.5432	0	8.51891	-9999	-9999	-9999
6	28	12.3822	11.7554	14.2	8.96	3.38711	13.8251	1.05	8.41749	-9999	-9999	-9999
6	29	15.9534	10.6585	13.51	8.54	4.29495	12.7057	0	8.19439	-9999	-9999	-9999
6	30	29.6532	13.3929	17.85	5.58	7.18483	14.1551	0	7.86448	-9999	-9999	-9999
7	1	27.3888	15.8525	20.35	8.93	8.56069	16.4815	0	7.49444	-9999	-9999	-9999
7	2	29.3184	17.77	21.69	12.76	10.3429	19.0472	0	7.00643	-9999	-9999	-9999
7	3	30.105	19.7998	25.36	9.98	13.8471	19.0487	0	6.4326	-9999	-9999	-9999
7	4	26.8794	21.6465	26.43	14.74	14.2127	19.9723	0	5.95358	-9999	-9999	-9999
7	5	30.3606	19.7658	23.49	14.8	12.4518	20.2887	17.5	5.57503	-9999	-9999	-9999
7	6	28.3176	17.6383	22.22	11.24	11.8833	19.1656	0	5.25741	-9999	-9999	-9999
7	7	30.0546	19.165	23.9	11.88	12.4849	20.3879	0	5.01533	-9999	-9999	-9999
7	8	26.3993	20.6808	26.16	11.14	13.4856	20.5133	0	4.82963	-9999	-9999	-9999
7	9	23.9841	22.9796	28.36	13.87	16.9373	21.1308	0	4.68611	-9999	-9999	-9999
7	10	20.7782	21.5248	26.52	15.36	12.24	21.1898	2.9	4.85889	-9999	-9999	-9999
7	11	10.0584	14.9042	19.57	10.79	3.22056	17.3775	0.4	6.35819	-9999	-9999	-9999
7	12	25.1847	17.8354	24.83	8.38	9.60022	18.1398	0	6.52278	-9999	-9999	-9999
7	13	12.8736	15.3808	18.33	11.33	5.43549	16.4017	2.3	6.2977	-9999	-9999	-9999
7	14	26.3088	13.5273	17.03	8.71	7.88846	16.3702	0	5.98849	-9999	-9999	-9999
7	15	20.8848	14.8977	19.67	10.03	5.70908	17.0883	0.8	5.78003	-9999	-9999	-9999
7	16	20.2068	16.2042	22.18	10.71	6.77109	17.9685	0.35	5.59606	-9999	-9999	-9999
7	17	17.496	17.5052	22.27	12.08	5.96132	18.1075	0	5.45591	-9999	-9999	-9999
7	18	22.6548	20.1327	24.57	14.11	7.71482	19.9533	0.25	5.29327	-9999	-9999	-9999
7	19	22.2759	21.9571	26.89	14.94	9.87073	21.5819	0	5.10034	-9999	-9999	-9999
7	20	8.9676	14.4067	20.2	7.98	1.58332	18.0192	2.95	4.96086	-9999	-9999	-9999
7	21	5.7204	9.66979	12.1	7.16	0.216179	13.3681	6.4	6.87154	-9999	-9999	-9999
7	22	8.9784	13.751	16.53	11.09	1.25998	15.8294	3.05	8.16591	-9999	-9999	-9999
7	23	3.6972	11.0702	13.44	9.18	0.438685	14.1829	6.35	8.95132	-9999	-9999	-9999
7	24	9.85725	13.5608	18.71	9.24	0.748383	15.1265	54.15	9.59489	-9999	-9999	-9999
7	25	9.3546	15.4735	18.45	13.39	2.68815	15.6542	0.2	9.75258	-9999	-9999	-9999
7	26	16.2888	16.4573	20.51	10.75	3.38879	16.7521	0.7	9.66848	-9999	-9999	-9999
7	27	15.5308	16.6898	21.83	11.18	4.67122	17.2785	3.45	9.59709	-9999	-9999	-9999
7	28	5.9778	13.7035	17.5	8.01	0.97247	16.3592	2.1	9.85282	-9999	-9999	-9999
7	29	11.7558	8.06563	10.66	6.04	2.23341	12.7244	0.65	10.1969	-9999	-9999	-9999
7	30	17.3556	10.4233	14.89	6.26	3.90549	13.2458	0.25	10.1815	-9999	-9999	-9999
7	31	22.2637	11.2602	14.42	8.74	5.27812	14.3842	0	10.0514	-9999	-9999	-9999
8	1	19.3764	12.0427	16.15	7.1	5.4033	14.3221	0.05	9.93368	-9999	-9999	-9999
8	2	16.5025	10.8533	14.03	7.32	4.47472	13.3929	0.15	9.84629	-9999	-9999	-9999
8	3	16.5852	11.7017	15.32	6.67	5.03622	13.3948	0.05	9.7437	-9999	-9999	-9999
8	4	14.7852	13.5877	19.37	6.86	4.75764	14.1775	1.4	9.60179	-9999	-9999	-9999
8	5	8.7966	13.1002	15.45	10.91	1.10667	14.7148	9.75	10.1531	-9999	-9999	-9999
8	6	17.1756	13.8031	17.98	9.55	3.46656	14.9204	1.5	10.4541	-9999	-9999	-9999
8	7	17.0046	13.6379	17.82	7.92	3.50541	14.7373	0	10.348	-9999	-9999	-9999
8	8	4.2192	14.6017	17.13	12.66	1.07381	15.1142	22.45	10.8149	-9999	-9999	-9999
8	9	13.7363	17.5192	23.92	13	3.35126	17.3294	0	10.593	-9999	-9999	-9999
8	10	15.3396	20.1567	25.55	14.68	6.3723	18.7265	0.05	10.3003	-9999	-9999	-9999
8	11	14.1174	16.8215	21.55	10.88	5.40574	17.2587	0	10.1185	-9999	-9999	-9999
8	12	12.4614	15.4502	19.36	12.63	3.4264	17.046	0.2	9.98797	-9999	-9999	-9999
8	13	5.1156	13.7123	15.59	12.04	0.835107	15.6594	6.45	10.481	-9999	-9999	-9999
8	14	8.39925	14.1046	18.18	12.39	1.30159	16.2325	8.25	10.7445	-9999	-9999	-9999
8	15	6.2928	12.8177	14.17	11.67	0.823232	15.3735	1.9	11.2057	-9999	-9999	-9999
8	16	11.6748	11.3269	13.4	7.4	1.4916	14.7258	0.9	10.8985	-9999	-9999	-9999
8	17	9.0882	8.90375	12.45	3.86	2.24608	12.066	0	10.7918	-9999	-9999	-9999
8	18	18.0141	10.5013	14.6	6.11	3.28757	12.9148	0	10.6427	-9999	-9999	-9999
8	19	13.5324	15.9767	21.27	10.48	5.41811	15.0104	0	10.4546	-9999	-9999	-9999
8	20	5.247	13.4017	15.96	9.31	1.53394	14.85	1.3	10.3149	-9999	-9999	-9999
8	21	15.1906	11.5515	15.87	5.91	3.09217	13.3277	0	10.2727	-9999	-9999	-9999
8	22	16.9078	12.7196	17.82	5.98	5.12725	13.1017	0	10.1674	-9999	-9999	-9999
8	23	4.3146	13.4281	15.9	11.5	3.15015	12.9771	2.35	10.0883	-9999	-9999	-9999
8	24	8.7831	14.6504	17.62	11.26	3.28165	13.6794	0	10.0137	-9999	-9999	-9999
8	25	10.0854	17.049	21.58	12.22	4.52967	14.74	0	9.91541	-9999	-9999	-9999
8	26	11.367	18.7575	23.02	15.92	6.04226	16.4058	0.15	9.7528	-9999	-9999	-9999
8	27	16.7364	13.8363	17.88	8.88	5.74005	14.6163	0.4	9.59026	-9999	-9999	-9999
8	28	9.26865	10.2887	14.36	7.13	1.36634	12.5023	1.85	9.53281	-9999	-9999	-9999
8	29	8.5806	10.6769	14.08	7.13	1.63668	11.9056	4.65	9.52144	-9999	-9999	-9999
8	30	8.1387	10.611	14.62	8.59	1.04741	12.4594	4.15	10.6333	-9999	-9999	-9999
8	31	15.2064	10.3285	14.94	4.43	3.31384	11.6396	0	11.2203	-9999	-9999	-9999
9	1	12.5568	10.9256	16.57	4.16	4.07913	10.9388	0	10.9896	-9999	-9999	-9999
9	2	15.6168	14.4569	19.68	10.52	5.27885	12.3425	0	10.7997	-9999	-9999	-9999
9	3	2.9304	10.0767	13.18	5.34	0.964168	11.1504	0.45	10.6991	-9999	-9999	-9999
9	4	8.3736	7.75	12.27	1.4	2.12946	8.94625	0.35	10.6985	-9999	-9999	-9999
9	5	9.27945	9.14625	12.48	5.78	4.24682	9.14083	0	10.6243	-9999	-9999	-9999
9	6	10.1718	8.15375	12.4	2.35	3.39053	8.27375	0	10.5945	-9999	-9999	-9999
9	7	1.9206	8.90375	12.82	6.37	0.181283	9.54292	7.2	10.6896	-9999	-9999	-9999
9	8	4.4136	6.28542	7.75	4.88	0.458487	9.34042	2.25	11.6393	-9999	-9999	-9999
9	9	2.5344	5.89375	7	4.78	0.163227	8.31604	7.1	11.9915	-9999	-9999	-9999
9	10	10.3806	6.06708	9.85	2.53	2.02463	7.63167	0	11.7009	-9999	-9999	-9999
9	11	7.6374	4.41229	9.55	-1.66	2.24529	5.49062	0	11.4484	-9999	-9999	-9999
9	12	6.1338	9.26083	12.9	5.2	2.31237	8.24917	2.6	11.2584	-9999	-9999	-9999
9	13	10.7892	4.28146	7.9	0.52	2.39033	6.335	0.25	11.4763	-9999	-9999	-9999
9	14	2.322	6.06208	9.6	2.37	0.193043	7.05104	8.4	12.0984	-9999	-9999	-9999
9	15	10.7892	3.51812	7.66	-0.05	2.3358	5.315	0	12.1975	-9999	-9999	-9999
9	16	7.8336	1.78979	5.95	-1.49	1.11582	3.86583	0.2	11.7646	-9999	-9999	-9999
9	17	10.0368	2.47688	6.72	-1.81	1.78512	3.72083	0.05	11.6022	-9999	-9999	-9999
9	18	4.0572	3.96521	8.87	0.22	1.11791	3.78229	0.75	11.5162	-9999	-9999	-9999
9	19	10.6452	5.72083	10.61	0.67	2.45559	3.78271	0	11.518	-9999	-9999	-9999
9	20	4.4172	9.98396	14.38	5.71	2.63519	7.00854	0	11.3999	-9999	-9999	-9999
9	21	6.1218	6.33583	10.3	2.65	2.37838	5.84771	0.15	11.3098	-9999	-9999	-9999
9	22	9.6102	4.57896	8.88	0.38	2.44676	4.06562	0.15	11.2605	-9999	-9999	-9999
9	23	7.524	9.60771	15.11	4.88	2.57232	6.74375	0	11.1727	-9999	-9999	-9999
9	24	2.5956	10.0117	12.58	5.51	1.38444	7.78	0	11.0814	-9999	-9999	-9999
9	25	7.866	6.03667	9.98	2.47	2.91788	5.41208	0	11.0382	-9999	-9999	-9999
9	26	1.5408	10.7904	12.19	6.56	1.64603	7.785	0.15	10.988	-9999	-9999	-9999
9	27	1.872	11.109	13.56	9.68	1.73789	8.97729	0.45	10.9002	-9999	-9999	-9999
9	28	1.0422	10.7306	11.54	9.2	0.384143	9.69917	2.65	10.9149	-9999	-9999	-9999
9	29	1.1376	8.51208	9.57	7.11	0.399474	8.61	0	11.4358	-9999	-9999	-9999
9	30	3.6162	7.54625	9.01	6.12	1.43693	7.86271	0	11.5412	-9999	-9999	-9999
10	1	2.2284	9.42479	11.23	7.6	2.23692	8.06292	0	11.4845	-9999	-9999	-9999
10	2	0.918	9.5725	10.71	8.89	0.914465	8.81833	2	11.4009	-9999	-9999	-9999
10	3	3.411	8.39	10.34	5.65	1.21179	8.28979	0.4	11.6301	-9999	-9999	-9999
10	4	6.7014	6.33375	10.22	0.95	2.60611	5.21167	0.05	11.7299	-9999	-9999	-9999
10	5	5.1984	6.80833	12.73	0.03	2.26343	4.84271	0	11.6966	-9999	-9999	-9999
10	6	5.2578	8.55125	11.45	1.81	3.21519	5.97708	0	11.5813	-9999	-9999	-9999
10	7	5.7078	7.17646	12.34	1.44	1.82722	4.93979	0	11.532	-9999	-9999	-9999
10	8	1.5336	8.03771	9.15	7.4	0.934847	7.08146	0	11.423	-9999	-9999	-9999
10	9	0.5274	10.7054	12.77	8.63	2.27016	7.90958	0	11.3379	-9999	-9999	-9999
10	10	3.8952	7.64437	11.88	3.83	1.46113	7.04063	2.75	11.6312	-9999	-9999	-9999
10	11	4.6584	9.97333	12.21	8.25	2.21342	7.59257	0	11.7557	-9999	-9999	-9999
10	12	1.2636	10.0921	10.76	9.1	1.66962	8.50771	0	11.6171	-9999	-9999	-9999
10	13	0.5436	8.85667	9.76	7.59	2.03484	7.88208	0	11.522	-9999	-9999	-9999
10	14	0.7758	6.9475	9.37	2.22	1.10155	7.12542	0.9	11.4604	-9999	-9999	-9999
10	15	1.4202	2.64479	3.96	1.62	1.14112	4.55625	0.3	11.5862	-9999	-9999	-9999
10	16	1.6326	0.511042	1.47	-0.92	1.90087	2.82292	0	11.6359	-9999	-9999	-9999
10	17	0.7938	3.27437	7.22	0.04	1.19373	2.91708	1.1	11.6675	-9999	-9999	-9999
10	18	3.8124	1.48125	4.47	-1.54	1.88735	1.13833	0	11.7635	-9999	-9999	-9999
10	19	1.3626	-1.40354	0	-2.96	0.279246	0.624792	0.55	11.701	-9999	-9999	-9999
10	20	0.5868	1.64562	4.71	-1.37	0.155103	1.07208	2.45	11.8205	-9999	-9999	-9999
10	21	1.3698	-2.22563	-1.32	-2.99	0.363336	0.741042	0	12.3245	-9999	-9999	-9999
10	22	1.2852	-2.22646	-0.38	-3.29	0.165185	0.575417	0.85	12.0697	-9999	-9999	-9999
10	23	1.6254	-5.79104	-3.07	-9.54	0.235811	0.560625	0	11.9152	-9999	-9999	-9999
10	24	3.2706	-9.67396	-5.87	-12.41	0.268172	0.317083	0	11.8019	-9999	-9999	-9999
10	25	3.3876	-12.1198	-8.06	-15.54	0.261783	-0.9175	0	11.6741	-9999	-9999	-9999
10	26	2.1312	-12.9185	-8.98	-16.02	0.252651	-2.30813	0	11.5462	-9999	-9999	-9999
10	27	2.322	-13.0623	-7.86	-18.28	0.237723	-4.04583	0	11.1853	-9999	-9999	-9999
10	28	0.3312	-2.50542	3.68	-7.57	0.125927	-1.85771	0.25	7.89905	-9999	-9999	-9999
10	29	0.3186	6.46896	7.3	4.04	0.226648	0.0233333	0	10.6791	-9999	-9999	-9999
10	30	1.2492	6.61646	8.76	5.01	1.30601	0.71875	0	12.9663	-9999	-9999	-9999
10	31	0.2556	6.35604	7.64	4.79	0.217311	2.07333	0.45	13.0278	-9999	-9999	-9999
11	1	0.4716	6.40854	8.18	4.79	0.283133	2.37687	0.8	12.7657	-9999	-9999	-9999
11	2	0.1224	5.31229	6.23	4.1	0.392566	3.51125	1.15	12.5379	-9999	-9999	-9999
11	3	1.2762	4.42063	6.37	3.57	0.612736	2.71875	0	12.4748	-9999	-9999	-9999
11	4	0.1854	5.75604	7.33	4.31	0.221944	3.88667	2.65	12.4483	-9999	-9999	-9999
11	5	0.6048	2.69958	7.02	-3.34	0.181938	3.5925	1.5	12.631	-9999	-9999	-9999
11	6	0.639	-5.40354	-1.98	-8.39	0.182503	0.387708	0.75	12.2996	-9999	-9999	-9999
11	7	0.414	-1.24063	-0.03	-2.78	0.0378522	0.18375	0.25	11.9233	-9999	-9999	-9999
11	8	0.3024	1.17062	4.57	-1.37	0.0264651	0.221875	1.9	11.8431	-9999	-9999	-9999
11	9	0.135	3.95813	6.28	-0.66	0.0156458	0.260208	0.1	12.4342	-9999	-9999	-9999
11	10	0.9018	3.93146	6.12	1.8	0.239499	1.52375	1.85	13.0505	-9999	-9999	-9999
11	11	0.2394	1.44604	3.67	-0.4	0.128588	1.38583	0.4	12.5438	-9999	-9999	-9999
11	12	0.1602	0.367083	5.7	-2.37	0.127127	0.566667	1.5	12.2466	-9999	-9999	-9999
11	13	0.396	0.944375	5.41	-1.62	0.227396	0.456458	0.3	12.3431	-9999	-9999	-9999
11	14	0.243	-2.975	-1.32	-4.46	0.234965	0.293333	0.05	12.1451	-9999	-9999	-9999
11	15	0.252	-4.29667	-2.16	-7.48	0.300314	0.107083	0.1	11.85	-9999	-9999	-9999
11	16	0.6642	-4.35063	-3	-6.7	0.341998	-0.676458	0	11.6558	-9999	-9999	-9999
11	17	0.2538	-4.21958	-2.82	-6.54	0.253264	-1.16917	0.05	11.4985	-9999	-9999	-9999
11	18	0.2988	-5.36625	-3.62	-8.28	0.19637	-1.80167	0.1	11.2756	-9999	-9999	-9999
11	19	0.2736	-3.13604	-1.53	-5.94	0.46417	-1.80937	0	9.90894	-9999	-9999	-9999
11	20	0.3852	-2.69854	-1.34	-4.45	0.828188	-1.98875	0	7.65033	-9999	-9999	-9999
11	21	0.738	-5.77688	-2.26	-9.32	0.23767	-2.97875	0.35	6.29976	-9999	-9999	-9999
11	22	0.1998	-2.46104	1.53	-4.63	0.296365	-1.40375	0	5.91265	-9999	-9999	-9999
11	23	0.108	2.43521	3.46	1.14	0.541175	-0.576458	0	6.15796	-9999	-9999	-9999
11	24	0.0774	1.16	2.33	-0.07	0.154657	-0.3475	0.75	6.62568	-9999	-9999	-9999
11	25	0.1188	-1.31208	0.06	-2.67	0.0432291	-0.07125	5	7.44529	-9999	-9999	-9999
11	26	0.0954	-4.52958	-2.65	-6.48	0.171543	-0.0295833	1.75	9.01412	-9999	-9999	-9999
11	27	0.162	-11.0148	-6.53	-15.52	0.248946	-0.10625	0.15	10.1126	-9999	-9999	-9999
11	28	0.0684	-3.14188	-1.53	-6.89	0.150559	-0.210625	0.55	10.3423	-9999	-9999	-9999
11	29	0.0486	-0.48875	0.3	-2.66	0.0657649	-0.113958	1.45	10.4143	-9999	-9999	-9999
11	30	0.0558	-3.60875	-0.97	-5.77	0.241092	-0.055625	0.45	10.4473	-9999	-9999	-9999
12	1	0.0774	-5.19062	-3.91	-6.12	0.244564	-0.0766667	0	10.4546	-9999	-9999	-9999
12	2	0.0792	-4.74542	-3.7	-7.4	0.243937	-0.0964583	0	10.4519	-9999	-9999	-9999
12	3	0.0648	-3.37729	-2.08	-6.76	0.205308	-0.105625	0.1	10.4489	-9999	-9999	-9999
12	4	0.099	-5.10542	-3.99	-6.74	0.168028	-0.0945833	0	10.4446	-9999	-9999	-9999
12	5	0.0774	-5.93396	-5.18	-6.31	0.171478	-0.141042	0	10.4439	-9999	-9999	-9999
12	6	0.0522	-5.89	-4.92	-6.59	0.183109	-0.173542	0.2	10.4414	-9999	-9999	-9999
12	7	0.1458	-11.2648	-4.3	-18.14	0.21905	-0.237292	0.1	10.4313	-9999	-9999	-9999
12	8	0.0702	-19.3629	-13.05	-22.36	0.21588	-0.728333	0.25	10.4251	-9999	-9999	-9999
12	9	0.0558	-7.25667	-4.46	-13.04	0.194542	-0.997708	0	10.4091	-9999	-9999	-9999
12	10	0.036	-7.47125	-4.18	-16.64	0.274326	-0.751667	0	10.3567	-9999	-9999	-9999
12	11	0.0594	-8.88167	-4.8	-18.43	0.191511	-1.08333	1.75	10.2783	-9999	-9999	-9999
12	12	0.0378	-5.72979	-4.46	-8.18	0.172837	-0.823542	1.35	10.1867	-9999	-9999	-9999
12	13	0.0342	-9.67375	-5.92	-17.29	0.257143	-0.732917	0	10.0787	-9999	-9999	-9999
12	14	0.054	-14.711	-10.83	-20.65	0.242564	-1.10688	2.45	9.96804	-9999	-9999	-9999
12	15	0.027	-10.8825	-8.82	-12.74	0.231668	-1.19562	2.65	9.85712	-9999	-9999	-9999
12	16	0.0414	-9.48375	-8.11	-10.11	0.222934	-1.07167	3.2	9.7354	-9999	-9999	-9999
12	17	0.0396	-6.03729	-4.89	-7.64	0.183371	-0.911458	1.45	9.59324	-9999	-9999	-9999
12	18	0.0342	-5.37479	-4.51	-7.03	0.168232	-0.7325	0	9.44531	-9999	-9999	-9999
12	19	0.0468	-4.95729	-3.64	-6.95	0.15075	-0.594792	0.05	9.31001	-9999	-9999	-9999
12	20	0.0234	-10.6679	-6.41	-12.76	0.217772	-0.52125	0	9.20055	-9999	-9999	-9999
12	21	0.0144	-19.3433	-11.09	-25.38	0.21752	-0.626042	0	9.1224	-9999	-9999	-9999
12	22	0.0702	-21.8562	-16.49	-24.46	0.205709	-1.07146	0.6	9.07524	-9999	-9999	-9999
12	23	0.0612	-12.195	-8.84	-16.48	0.234516	-1.38354	0.4	9.02796	-9999	-9999	-9999
12	24	0.0252	-8.20708	-6.98	-9.33	0.207764	-1.27833	2.8	8.97216	-9999	-9999	-9999
12	25	0.0486	-7.25917	-6.62	-8.4	0.195531	-1.09021	1.1	8.89005	-9999	-9999	-9999
12	26	0.0342	-14.7435	-8.27	-19.87	0.246561	-0.985417	3.6	8.79366	-9999	-9999	-9999
12	27	0.0612	-9.78604	-7.77	-14.38	0.231463	-1.20146	0.5	8.69125	-9999	-9999	-9999
12	28	0.0576	-7.76813	-7.2	-8.98	0.220883	-1.1675	0.05	8.59298	-9999	-9999	-9999
12	29	0.0324	-13.4706	-9.08	-18.67	0.268868	-1.06583	1.75	8.49616	-9999	-9999	-9999
12	30	0.072	-17.0981	-9.76	-23.6	0.224087	-1.35729	0.35	8.40329	-9999	-9999	-9999
12	31	0.0774	-7.13604	-4.88	-10.06	0.193761	-1.53583	0.2	8.31149	-9999	-9999	-9999
