Month	n_days	Rg_f	Ta_f	Tmax	Tmin	VPD_f	Ts_f	Precip	SWC	LAI	ET	Litterfall
1	1	0.027	-10.536	-8.23	-13.64	0.329493	-7.40771	0.5	4.22456	-9999	-9999	-9999
1	2	0.0251028	-11.2831	-8.42	-13.15	0.408728	-6.66688	0.4	4.21458	-9999	-9999	-9999
1	3	0.0108828	-19.39	-13.5	-24.63	0.21787	-6.59519	1.2	-9999	-9999	-9999	-9999
1	4	-0.0084996	-28.5442	-23.81	-32.33	0.182983	-7.11287	0	4.21342	-9999	-9999	-9999
1	5	0.0243234	-31.7258	-30.43	-33.43	0.140272	-7.68458	0.5	4.21671	-9999	-9999	-9999
1	6	0.037134	-35.6246	-32.8	-36.58	0.105802	-8.13417	0	4.21304	-9999	-9999	-9999
1	7	0.0765252	-27.7667	-24.31	-34.8	0.167981	-8.45813	0.9	4.20691	-9999	-9999	-9999
1	8	0.0341802	-22.5865	-18.98	-26.31	0.219811	-8.12771	3.9	4.2006	-9999	-9999	-9999
1	9	0.0286848	-20.9404	-18.91	-22.5	0.247485	-7.6875	0.6	4.19377	-9999	-9999	-9999
1	10	0.0283806	-19.7573	-15.98	-23.29	0.26769	-7.48583	0.6	4.18947	-9999	-9999	-9999
1	11	0.0831654	-15.4663	-12.14	-20.96	0.278572	-7.46	2.5	4.18587	-9999	-9999	-9999
1	12	0.187218	-15.9229	-12.16	-21	0.292751	-7.28583	2.1	4.18062	-9999	-9999	-9999
1	13	0.241884	-15.3902	-11.19	-18.56	0.302295	-7.27229	0.4	4.17648	-9999	-9999	-9999
1	14	0.057888	-15.4983	-13.76	-19.3	0.310475	-7.13479	2.7	4.17321	-9999	-9999	-9999
1	15	0.051822	-19.2323	-14.55	-24.77	0.270537	-7.04667	3.5	4.17399	-9999	-9999	-9999
1	16	0.254425	-15.1869	-12.56	-18.85	0.293277	-7.08417	1.6	4.16994	-9999	-9999	-9999
1	17	0.253993	-20.6192	-17.18	-23.8	0.264957	-6.85958	2	4.16701	-9999	-9999	-9999
1	18	0.183433	-12.3623	-10.7	-17.67	0.290103	-7.00208	4.3	4.16595	-9999	-9999	-9999
1	19	0.104359	-11.9452	-10.94	-15.62	0.315594	-6.90188	3	4.16419	-9999	-9999	-9999
1	20	0.187911	-25.0225	-15.78	-32.93	0.228588	-6.50083	0.5	4.16015	-9999	-9999	-9999
1	21	0.149431	-12.539	-5.06	-21.39	0.251373	-6.44917	7.9	4.15813	-9999	-9999	-9999
1	22	0.338593	-12.7444	-0.16	-20.16	0.286879	-6.52604	0.6	4.15813	-9999	-9999	-9999
1	23	0.134712	-12.5385	-9.4	-15.89	0.313668	-6.37563	1.6	4.15464	-9999	-9999	-9999
1	24	0.144967	-9.80937	-4.83	-12.91	0.486599	-6.2625	0.7	4.15387	-9999	-9999	-9999
1	25	0.449424	-8.58771	-4.79	-18.45	0.433062	-6.15792	0.6	4.15222	-9999	-9999	-9999
1	26	0.227039	-13.61	-9.22	-18.18	0.299802	-5.97375	1.1	4.14847	-9999	-9999	-9999
1	27	0.98478	-16.9094	-10.08	-28.34	0.308587	-5.90625	0	4.14803	-9999	-9999	-9999
1	28	0.256435	-25.2013	-22.92	-29.5	0.18731	-5.80354	0.2	4.1466	-9999	-9999	-9999
1	29	0.292194	-26.265	-23.97	-30	0.18623	-5.81396	0	4.1469	-9999	-9999	-9999
1	30	0.333391	-27.8825	-24.56	-29.56	0.171844	-5.82104	0.2	4.14693	-9999	-9999	-9999
1	31	0.614405	-30.8263	-23.41	-36.81	0.1669	-5.805	0	4.148	-9999	-9999	-9999
2	1	0.257929	-29.331	-18.01	-36.35	0.144699	-5.85313	1.1	4.14594	-9999	-9999	-9999
2	2	0.294529	-11.7098	-6.57	-17.15	0.255334	-6.1475	3	4.1441	-9999	-9999	-9999
2	3	0.25362	-6.23146	-4.4	-9.64	0.269129	-6.40708	0.3	4.14487	-9999	-9999	-9999
2	4	0.508397	-16.1062	-9.8	-20.04	0.307768	-6.24708	2.4	4.13999	-9999	-9999	-9999
2	5	0.87345	-21.2179	-18.82	-25.53	0.246301	-6.08125	1.8	4.14194	-9999	-9999	-9999
2	6	0.388476	-21.4579	-16.36	-25.79	0.244129	-6.06917	3.1	4.1393	-9999	-9999	-9999
2	7	0.733363	-21.1575	-15.8	-23.7	0.226648	-6.15292	0.2	4.1386	-9999	-9999	-9999
2	8	0.209016	-7.46938	-1.43	-15.1	0.268084	-6.43542	0.9	4.13331	-9999	-9999	-9999
2	9	0.314478	-0.77725	0.37	-1.79	0.1807	-6.77896	0	4.13294	-9999	-9999	-9999
2	10	0.34677	-0.510979	0.33	-0.91	0.197797	-6.5725	1.3	4.13053	-9999	-9999	-9999
2	11	1.22878	-4.38771	-0.61	-7.18	0.277907	-6.07688	0	4.12807	-9999	-9999	-9999
2	12	1.86109	-1.59292	0.74	-2.79	0.693687	-5.91771	0	4.12733	-9999	-9999	-9999
2	13	1.04159	-1.97729	0.27	-3.13	0.404343	-5.69312	1	4.12752	-9999	-9999	-9999
2	14	1.01572	-4.06354	-2.85	-5.32	0.232304	-5.51687	0	4.1285	-9999	-9999	-9999
2	15	1.20882	-6.695	-3.92	-7.62	0.291776	-5.29021	0	4.12869	-9999	-9999	-9999
2	16	2.43744	-0.175	2.15	-3.79	0.833359	-5.16292	0	4.1324	-9999	-9999	-9999
2	17	1.09287	-0.209167	1.84	-2.12	0.915376	-4.92229	0	4.13445	-9999	-9999	-9999
2	18	1.83467	2.81604	4.55	0.79	1.89139	-5.25167	0	4.13724	-9999	-9999	-9999
2	19	2.15035	0.314167	2.22	-2.83	1.72848	-5.3025	0	4.14216	-9999	-9999	-9999
2	20	3.10959	-6.00458	-0.53	-10.7	0.557962	-4.76813	0	4.14564	-9999	-9999	-9999
2	21	2.90726	-4.5175	1.71	-8.49	1.60777	-4.76542	0	4.14792	-9999	-9999	-9999
2	22	2.79819	-3.86771	1.22	-8.61	1.64467	-4.8675	0	4.14741	-9999	-9999	-9999
2	23	2.91066	-0.15375	4.43	-5.72	1.72838	-4.89042	0	4.14631	-9999	-9999	-9999
2	24	3.33826	-2.4771	1.28	-8.55	0.972875	-4.86417	0	4.14462	-9999	-9999	-9999
2	25	1.82384	-6.18646	-4.53	-8.38	0.350378	-4.78125	0.1	4.14348	-9999	-9999	-9999
2	26	2.08886	-7.55333	-5.01	-11.58	0.250304	-4.72896	0	4.14289	-9999	-9999	-9999
2	27	3.9406	-3.47812	-1.54	-6.03	0.558971	-4.73062	0	4.14322	-9999	-9999	-9999
2	28	4.4386	-6.89458	-2.85	-11.33	0.675504	-4.59479	0	4.1419	-9999	-9999	-9999
3	1	2.20585	-11.1031	-5.18	-18.87	0.431191	-4.64396	0	4.14241	-9999	-9999	-9999
3	2	1.47266	-6.73667	-4.89	-8.21	0.34812	-4.84146	0.8	4.14142	-9999	-9999	-9999
3	3	1.89305	-9.05062	-8.22	-10.16	0.405177	-4.77813	2	4.13761	-9999	-9999	-9999
3	4	5.86987	-8.52917	-4.07	-13.15	0.607222	-4.69604	0.1	4.13599	-9999	-9999	-9999
3	5	3.23458	-7.49438	-6.12	-8.58	0.585381	-4.69354	2.3	4.13676	-9999	-9999	-9999
3	6	1.32345	-4.64563	-2.23	-7.6	0.546479	-4.67583	0.2	4.13621	-9999	-9999	-9999
3	7	1.08916	-2.37729	-1.66	-3.26	0.587743	-4.66625	2.5	4.13786	-9999	-9999	-9999
3	8	3.08569	-0.20875	2.34	-2.24	0.854902	-4.44771	0	4.13981	-9999	-9999	-9999
3	9	1.97257	-1.19917	-0.62	-1.7	0.763917	-4.23938	0.2	4.14491	-9999	-9999	-9999
3	10	1.76314	-0.61375	0.64	-1.63	0.533106	-4.09125	1.5	4.1516	-9999	-9999	-9999
3	11	4.2589	-1.26021	1.09	-3.15	1.3299	-3.84333	2.2	4.15585	-9999	-9999	-9999
3	12	7.23247	-5.75896	-2.07	-12.97	0.853121	-3.74583	0.4	4.1622	-9999	-9999	-9999
3	13	4.33471	-4.16417	3.86	-13.74	1.43661	-3.68521	0	4.16863	-9999	-9999	-9999
3	14	6.99795	4.86625	7.47	1.17	3.53641	-3.92208	0.2	4.1734	-9999	-9999	-9999
3	15	6.28812	-1.72271	2.51	-4.43	1.75354	-4.02375	0.4	4.17787	-9999	-9999	-9999
3	16	3.27917	-3.5279	0.19	-9.74	0.463306	-3.86479	1.1	4.1872	-9999	-9999	-9999
3	17	6.24598	-1.1719	2.98	-6.01	1.77047	-3.79521	0	4.18976	-9999	-9999	-9999
3	18	3.81611	0.99625	6.31	-5.34	2.74647	-3.71292	0.1	4.18874	-9999	-9999	-9999
3	19	6.58867	-6.47604	-0.7	-12.92	1.53709	-3.6225	0.4	4.19593	-9999	-9999	-9999
3	20	8.90753	-9.60479	-4.11	-15.03	1.27952	-3.46583	0	4.19821	-9999	-9999	-9999
3	21	7.65166	-5.75104	-1.27	-11.43	1.25832	-3.58125	2	4.19553	-9999	-9999	-9999
3	22	8.74105	3.7899	7.68	-1.09	3.07592	-3.83667	0	4.18764	-9999	-9999	-9999
3	23	10.6127	1.22	5.04	-4.55	2.19341	-3.89021	0.1	4.18896	-9999	-9999	-9999
3	24	7.90335	-0.664375	4.57	-7.09	2.07878	-3.74646	0	4.19102	-9999	-9999	-9999
3	25	10.93	-3.40102	0.13	-8.37	1.95669	-3.66688	0	4.19266	-9999	-9999	-9999
3	26	6.6585	2.69792	6.97	-1.86	2.86328	-3.69729	0	4.18833	-9999	-9999	-9999
3	27	10.434	3.29875	6.07	-2.52	3.34123	-3.77125	0	4.20005	-9999	-9999	-9999
3	28	9.27272	-1.09396	1.44	-6.29	2.23389	-3.56688	0	4.22511	-9999	-9999	-9999
3	29	6.2565	-6.3125	-2.96	-13.18	0.794083	-3.38083	0.8	4.24696	-9999	-9999	-9999
3	30	5.60707	-5.32104	-3.17	-12.36	0.982216	-3.43417	0	4.25441	-9999	-9999	-9999
3	31	12.2819	-11.1594	-6.09	-17.19	1.06671	-3.29312	0	4.24894	-9999	-9999	-9999
4	1	10.9449	-8.30937	-3.61	-17.05	1.51481	-3.40417	0.9	4.24061	-9999	-9999	-9999
4	2	6.62492	-4.36917	-2.47	-6.15	1.31786	-3.71979	1.1	4.22886	-9999	-9999	-9999
4	3	7.43684	-3.47854	0.35	-6.69	0.998831	-3.80521	3.4	4.22526	-9999	-9999	-9999
4	4	12.8098	-5.69583	0.47	-17.73	1.6705	-3.59604	0.4	4.2202	-9999	-9999	-9999
4	5	13.2597	-6.89771	-4.19	-10.81	1.44613	-3.54167	0	4.21965	-9999	-9999	-9999
4	6	14.0003	-5.99271	-2.32	-10.73	1.51849	-3.5075	0	4.21752	-9999	-9999	-9999
4	7	15.377	-8.85354	-2.93	-16.35	1.4309	-3.46729	0	4.21256	-9999	-9999	-9999
4	8	15.8617	-7.57604	0.12	-19.95	2.18179	-3.50979	0	4.20904	-9999	-9999	-9999
4	9	15.117	-1.53896	6.59	-10.24	3.13502	-3.66396	0	4.20089	-9999	-9999	-9999
4	10	15.6492	0.647917	7.93	-9.58	3.61527	-3.79479	0	4.19329	-9999	-9999	-9999
4	11	6.38867	-0.40625	3.6	-6.65	0.979702	-3.85958	0.4	4.18929	-9999	-9999	-9999
4	12	7.45924	-0.417917	5.08	-8.07	1.39268	-3.57167	0	4.18947	-9999	-9999	-9999
4	13	5.85372	2.62167	4.95	1.09	1.98229	-3.22667	0.8	4.20063	-9999	-9999	-9999
4	14	3.91743	1.33021	2.45	0.23	0.190947	-0.742917	5.3	4.34041	-9999	-9999	-9999
4	15	13.3209	3.10562	6.7	0.58	2.16913	-1.37937	0.2	6.14464	-9999	-9999	-9999
4	16	6.03832	2.15125	4.48	0.09	1.20533	-1.01937	1.2	10.5555	-9999	-9999	-9999
4	17	17.1828	3.31958	6.81	-0.06	3.123	-0.91625	0	14.404	-9999	-9999	-9999
4	18	16.3243	5.64687	9.84	1.27	4.29374	-0.813958	0	15.6033	-9999	-9999	-9999
4	19	13.7425	7.79583	12.32	3.15	3.45055	-0.725625	0	15.1965	-9999	-9999	-9999
4	20	17.0565	9.83437	16.25	1.39	5.33096	-0.648542	0	15.8784	-9999	-9999	-9999
4	21	15.1795	6.00375	11.53	-0.84	3.57477	-0.6325	0.2	15.1475	-9999	-9999	-9999
4	22	13.0346	0.5	2.3	-3.18	2.73077	-0.66125	0	14.3422	-9999	-9999	-9999
4	23	16.2769	-3.75875	-1.25	-7.01	2.0763	-0.671875	0	13.8445	-9999	-9999	-9999
4	24	16.7193	-5.01792	-1.11	-9.41	1.55146	-0.698958	0.1	13.3933	-9999	-9999	-9999
4	25	14.5707	-4.31875	-0.29	-10.06	1.63954	-0.740625	0	13.1018	-9999	-9999	-9999
4	26	19.4487	-3.30854	0.94	-9.48	2.28613	-0.78625	0	12.7909	-9999	-9999	-9999
4	27	11.6076	-2.48312	0.85	-8.2	1.38891	-1.11604	4.2	12.5116	-9999	-9999	-9999
4	28	9.49066	0.0166667	2.4	-1.86	0.776494	-1.12083	2.8	12.2869	-9999	-9999	-9999
4	29	15.5407	-1.31646	-0.19	-5.56	1.47978	-0.872917	0.6	12.1422	-9999	-9999	-9999
4	30	19.6137	-2.01792	2.3	-8.99	2.54968	-0.835625	0.1	12.0609	-9999	-9999	-9999
5	1	6.9485	-0.24875	1.21	-2.25	0.621905	-0.896875	2.4	11.9946	-9999	-9999	-9999
5	2	9.28633	1.24269	3.74	-1.23	1.65816	-0.8475	0.2	12.0507	-9999	-9999	-9999
5	3	16.4618	0.27375	2.72	-2.23	2.40919	-0.714583	0	12.9239	-9999	-9999	-9999
5	4	22.3475	2.61271	7.44	-4.73	4.60088	-0.668542	0	13.5913	-9999	-9999	-9999
5	5	15.3254	3.29062	7.79	-0.92	3.88415	-0.6475	0.3	14.7262	-9999	-9999	-9999
5	6	3.80357	2.38063	2.94	1.33	0.113451	-0.851667	7.1	17.2795	-9999	-9999	-9999
5	7	14.8798	2.68292	5.6	0.16	2.5541	-0.773542	0.3	16.2785	-9999	-9999	-9999
5	8	20.5303	1.91417	5.51	-1.59	2.36535	-0.624583	0.4	15.282	-9999	-9999	-9999
5	9	22.4136	3.16604	7.62	-4.2	3.76937	-0.597083	0	15.2912	-9999	-9999	-9999
5	10	15.345	3.89333	9.41	-2.92	2.75767	-0.617083	0.3	15.7945	-9999	-9999	-9999
5	11	19.875	5.38917	10.07	1.19	2.40121	-0.585417	0	16.6967	-9999	-9999	-9999
5	12	22.3933	8.17896	14.1	-1.56	5.57644	-0.435417	0	16.7248	-9999	-9999	-9999
5	13	20.3198	10.9833	16.98	1.75	6.44663	0.462727	0.6	16.7405	-9999	-9999	-9999
5	14	10.7293	11.6915	17.2	7.17	3.49497	3.69834	11.5	16.3631	-9999	-9999	-9999
5	15	22.8685	10.2948	13.07	5.96	4.30656	6.01298	0	14.3351	-9999	-9999	-9999
5	16	11.9058	7.27229	11.99	2.93	2.65987	5.17482	6.1	13.0343	-9999	-9999	-9999
5	17	20.7483	9.45104	15.4	4.37	4.20509	10.4808	0	13.2069	-9999	-9999	-9999
5	18	14.9395	9.34688	15.31	4.28	4.87065	10.3977	0.1	12.4622	-9999	-9999	-9999
5	19	16.5308	12.5452	19.4	7.31	5.98148	11.7898	0.4	11.9595	-9999	-9999	-9999
5	20	11.6083	10.15	12.92	8.25	3.67886	10.8523	0.3	11.6218	-9999	-9999	-9999
5	21	10.2745	10.1446	14.04	7.08	3.19726	10.0593	0.4	11.3706	-9999	-9999	-9999
5	22	11.3687	9.23	13.42	6.17	2.34832	10.2349	2	11.1317	-9999	-9999	-9999
5	23	9.53946	7.14521	8.83	5.03	2.25395	9.45927	0	10.9789	-9999	-9999	-9999
5	24	22.6605	6.89542	10.76	3.5	4.16331	10.113	0	10.736	-9999	-9999	-9999
5	25	20.1863	10.224	15.9	-0.25	6.4948	9.78209	0.3	10.5334	-9999	-9999	-9999
5	26	4.96922	10.606	15.09	6.18	1.05247	8.90515	7.4	10.663	-9999	-9999	-9999
5	27	14.4791	11.5108	14.09	8.07	4.99636	11.2348	2.4	13.1033	-9999	-9999	-9999
5	28	16.1105	5.72562	8.45	2.89	2.49282	8.79003	1.3	12.3448	-9999	-9999	-9999
5	29	15.2033	7.76521	11.27	3.97	4.56955	9.66037	0	11.9493	-9999	-9999	-9999
5	30	7.38457	7.86437	11.15	5.5	1.73139	9.16093	6.6	11.9767	-9999	-9999	-9999
5	31	7.42676	4.71333	5.92	2.52	1.49696	7.80619	3.7	12.8894	-9999	-9999	-9999
6	1	25.9704	3.775	7.89	0.31	3.39527	8.44218	0	12.7009	-9999	-9999	-9999
6	2	27.6898	7.22896	12.31	0.7	5.61725	9.68843	0	12.1033	-9999	-9999	-9999
6	3	11.1944	8.32625	11.92	3.76	3.06078	8.40447	3.7	11.6831	-9999	-9999	-9999
6	4	7.2373	7.34396	9.41	3.94	1.57622	8.87243	3.6	12.0523	-9999	-9999	-9999
6	5	22.6655	5.87729	10.5	1.02	3.45207	9.41833	0	12.2714	-9999	-9999	-9999
6	6	24.4915	9.57063	13.82	3.81	5.59516	11.1485	0	11.7983	-9999	-9999	-9999
6	7	18.6417	11.4598	16.19	6.54	4.28978	11.9895	8.2	11.3566	-9999	-9999	-9999
6	8	11.7143	9.75042	12.38	7.42	3.56187	11.6025	7.3	13.1584	-9999	-9999	-9999
6	9	16.631	8.40854	10.78	5.82	4.58089	11.967	0	12.2436	-9999	-9999	-9999
6	10	18.2747	6.54958	7.85	3.44	4.07476	10.5432	0.2	11.6938	-9999	-9999	-9999
6	11	6.56302	4.91333	7.13	1.87	2.44229	7.12068	0.5	11.4225	-9999	-9999	-9999
6	12	20.1975	6.5425	9.7	1.88	4.56226	8.95395	0	11.1458	-9999	-9999	-9999
6	13	16.9817	5.52062	7.37	3.07	4.68442	8.59055	0	10.83	-9999	-9999	-9999
6	14	15.5032	7.40542	10.16	4.22	4.34368	9.59422	0.1	10.5239	-9999	-9999	-9999
6	15	18.2858	7.25437	9.46	4.63	3.4361	10.8355	1.7	10.2389	-9999	-9999	-9999
6	16	18.734	6.84458	10	3.89	3.10196	10.7843	2.1	10.0076	-9999	-9999	-9999
6	17	18.7124	8.51292	11.43	3	4.11984	10.9079	2.3	9.69873	-9999	-9999	-9999
6	18	17.646	10.7329	13.6	7.09	5.64661	12.7372	0	9.30829	-9999	-9999	-9999
6	19	20.3791	12.5879	16.42	6.88	7.41075	13.3824	0	-9999	-9999	-9999	-9999
6	20	23.0926	13.9454	17.21	9.89	8.64709	15.676	0	8.20752	-9999	-9999	-9999
6	21	27.1308	12.7808	16.43	6.52	8.33297	14.4695	0	7.80219	-9999	-9999	-9999
6	22	24.7406	14.8106	19.5	6.94	9.76061	14.8636	0	7.22905	-9999	-9999	-9999
6	23	27.7884	15.1042	19.04	9.01	9.99415	15.2894	0	6.66627	-9999	-9999	-9999
6	24	27.1268	14.8185	20.17	8.65	10.1281	15.8111	0	6.19497	-9999	-9999	-9999
6	25	19.9121	16.3523	20.91	11.91	8.89722	16.4797	0.1	5.84761	-9999	-9999	-9999
6	26	29.4511	15.1231	18.72	10.19	10.1805	16.5596	0	5.52826	-9999	-9999	-9999
6	27	24.6073	15.5933	20.11	6.93	10.8061	15.7275	0	5.26185	-9999	-9999	-9999
6	28	26.5626	13.7835	17.96	8.11	7.50776	15.5277	0	5.03555	-9999	-9999	-9999
6	29	29.7158	13.7798	19.9	6.06	8.49268	15.9874	0	4.83007	-9999	-9999	-9999
6	30	28.7702	18.2571	23.29	8.58	12.9473	17.6326	0	4.62511	-9999	-9999	-9999
7	1	28.9204	19.2565	24.3	11.47	14.1274	18.375	0	4.4277	-9999	-9999	-9999
7	2	26.7211	20.6898	25.46	13.29	14.9738	19.2944	0	4.25015	-9999	-9999	-9999
7	3	22.0222	21.206	26.41	11.82	13.4212	19.8164	0	4.09348	-9999	-9999	-9999
7	4	19.4563	18.0712	23.69	11.84	6.38907	20.1979	0.3	3.96644	-9999	-9999	-9999
7	5	5.66145	11.0679	12.1	9.75	2.19776	15.6017	0	3.92115	-9999	-9999	-9999
7	6	8.61622	10.0763	11.86	8.57	2.56202	14.1947	0.1	3.93352	-9999	-9999	-9999
7	7	18.7203	11.9585	15.19	7.87	5.74337	15.1834	0	3.88511	-9999	-9999	-9999
7	8	24.0406	14.5777	19.11	7.06	8.37864	16.4911	0	3.78724	-9999	-9999	-9999
7	9	23.6243	15.3627	19.77	9.32	9.0088	17.1057	1.4	3.69283	-9999	-9999	-9999
7	10	3.89912	10.6125	13.48	9.43	0.489854	11.9146	23.7	8.93189	-9999	-9999	-9999
7	11	7.77278	13.9146	16.75	10.94	2.47499	14.1288	1.4	11.7631	-9999	-9999	-9999
7	12	15.6489	19.1383	25.08	14.14	5.39794	17.9147	2.3	11.7368	-9999	-9999	-9999
7	13	14.729	20.2623	24.48	15.96	6.62172	19.4968	0	11.4099	-9999	-9999	-9999
7	14	24.9887	17.0967	21.03	13.36	7.27077	18.8579	0	10.962	-9999	-9999	-9999
7	15	27.3323	19.8815	25	10.57	10.3831	18.4567	0	10.5637	-9999	-9999	-9999
7	16	25.9621	23.4677	29.21	15.25	13.9744	20.3689	0	10.1221	-9999	-9999	-9999
7	17	22.146	19.719	25.06	12.15	7.59649	19.8521	0	9.60891	-9999	-9999	-9999
7	18	24.4707	15.329	19.62	9.36	8.62634	17.1941	0	8.99533	-9999	-9999	-9999
7	19	19.1535	19.3427	24.71	12.23	7.98574	18.5809	0	7.97258	-9999	-9999	-9999
7	20	21.9572	21.1656	27.13	16.31	9.14288	20.0245	20.6	8.23345	-9999	-9999	-9999
7	21	20.348	18.9944	22.68	14.72	6.05526	18.9153	0	11.1878	-9999	-9999	-9999
7	22	19.6505	20.38	25.4	14.42	7.96352	18.9278	1.3	10.5166	-9999	-9999	-9999
7	23	20.0069	20.1919	24.74	15.96	6.5683	19.0991	7.8	10.1294	-9999	-9999	-9999
7	24	18.5074	17.5879	21.39	14.62	6.15873	17.9281	1	11.0508	-9999	-9999	-9999
7	25	23.9875	18.089	22.55	12.5	9.42156	16.5632	0	10.5711	-9999	-9999	-9999
7	26	20.7436	19.9123	25.03	12.39	9.1631	16.9485	0	10.1109	-9999	-9999	-9999
7	27	19.7222	20.8735	25.8	13.79	9.10029	18.0997	0	9.55436	-9999	-9999	-9999
7	28	13.6248	20.2969	23.84	17.16	6.02808	18.3921	0.3	8.96508	-9999	-9999	-9999
7	29	16.6571	20.9679	24.62	17.83	6.72483	19.9986	0.1	7.98807	-9999	-9999	-9999
7	30	10.826	19.0667	23.19	15.56	3.5922	18.3201	0	7.3279	-9999	-9999	-9999
7	31	20.3583	22.6802	28.56	16.9	9.34819	20.3748	0	6.39659	-9999	-9999	-9999
8	1	19.2561	22.614	26.95	16.2	10.546	20.2236	0	5.62774	-9999	-9999	-9999
8	2	10.5006	20.3073	23.29	18.33	5.26788	18.7845	0.3	5.22302	-9999	-9999	-9999
8	3	7.10347	16.6917	19.47	12.58	1.66692	16.3447	17.5	6.03565	-9999	-9999	-9999
8	4	15.8188	15.4152	19.37	11.9	3.11664	15.7727	0	9.12611	-9999	-9999	-9999
8	5	5.98658	13.8596	16.35	11.04	2.39304	13.874	0	9.32367	-9999	-9999	-9999
8	6	13.7991	12.9175	15.7	9.03	3.5937	13.9709	0	8.97616	-9999	-9999	-9999
8	7	18.3565	13.294	19.7	4.4	4.4543	13.8542	0.3	8.44205	-9999	-9999	-9999
8	8	10.7471	11.7304	14.39	8.07	3.80523	13.696	0	7.75443	-9999	-9999	-9999
8	9	16.7394	9.92271	13.54	4.69	3.56154	11.8931	2.2	6.76112	-9999	-9999	-9999
8	10	5.62205	9.71646	10.95	8.46	2.63322	11.1064	0.1	6.18299	-9999	-9999	-9999
8	11	7.87396	11.3744	14.22	8.22	2.00745	12.7084	1.7	5.90472	-9999	-9999	-9999
8	12	9.28586	13.259	16.38	10.84	2.03777	14.2546	0.6	5.80918	-9999	-9999	-9999
8	13	9.53132	13.9369	16.79	11.74	2.60441	14.9998	0.4	5.64719	-9999	-9999	-9999
8	14	11.8305	12.9781	16.51	7.83	3.52487	13.6747	0	5.3948	-9999	-9999	-9999
8	15	12.2513	13.7633	16.72	9.75	4.21898	14.2873	0	5.10508	-9999	-9999	-9999
8	16	13.9873	11.5835	15.77	7.65	2.75935	12.9824	0	4.89163	-9999	-9999	-9999
8	17	8.69596	10.5981	14.05	6.4	2.5646	11.4845	1.1	4.74315	-9999	-9999	-9999
8	18	10.5018	10.76	13.84	7.08	3.87976	11.142	0	4.58763	-9999	-9999	-9999
8	19	17.897	12.4515	18.04	3.99	5.50089	11.1744	0	4.4208	-9999	-9999	-9999
8	20	7.0234	12.284	17.14	7.8	1.26988	11.8942	3.1	4.35282	-9999	-9999	-9999
8	21	4.68476	12.9631	14.73	10.27	0.56232	11.9142	6.7	6.07808	-9999	-9999	-9999
8	22	9.28435	13.2879	16.17	11.21	1.32947	13.5324	8.9	10.3872	-9999	-9999	-9999
8	23	3.32762	10.7896	11.77	9.72	1.24407	11.8209	0	10.2301	-9999	-9999	-9999
8	24	7.52455	9.545	10.69	7.54	2.04523	11.5102	0.1	9.70684	-9999	-9999	-9999
8	25	8.93317	8.56563	11.11	5.6	2.04195	10.5981	0	9.05927	-9999	-9999	-9999
8	26	9.28714	7.29458	9.4	4.66	1.72859	8.54961	2.5	8.55815	-9999	-9999	-9999
8	27	3.02879	6.49625	7.82	5.73	1.01827	6.98501	9.7	9.69719	-9999	-9999	-9999
8	28	3.63082	7.31125	9.25	5.06	0.71912	7.61315	2.8	11.3369	-9999	-9999	-9999
8	29	4.17672	7.84646	9.62	5.74	0.765199	8.66473	1.8	11.5356	-9999	-9999	-9999
8	30	7.55775	5.26708	7.27	2.2	1.76999	7.43654	1.1	11.46	-9999	-9999	-9999
8	31	10.1988	3.49854	6.82	-0.14	1.95196	4.64982	0.306383	11.364	-9999	-9999	-9999
9	1	10.7551	2.16062	5.55	-1.73	1.89023	3.36467	0	17.2261	-9999	-9999	-9999
9	2	13.2054	3.2225	8.29	-1.24	2.48112	3.55781	0	17.1117	-9999	-9999	-9999
9	3	3.30376	3.47812	6.62	-0.44	0.780552	2.99559	2.6	17.073	-9999	-9999	-9999
9	4	12.4036	9.25833	13.72	5.22	2.84064	5.72304	0	16.9815	-9999	-9999	-9999
9	5	9.43796	9.18437	14.28	1.52	3.00981	5.51014	0	16.9886	-9999	-9999	-9999
9	6	12.5225	12.9835	17.94	8.71	4.25853	8.25986	0	16.8564	-9999	-9999	-9999
9	7	11.7673	13.1	18.65	8.61	4.03885	9.05029	0	16.6893	-9999	-9999	-9999
9	8	9.24505	11.16	15.51	6.51	2.48519	8.84508	0	16.5864	-9999	-9999	-9999
9	9	7.807	11.2912	17.4	8.11	1.68687	9.16308	0	16.4976	-9999	-9999	-9999
9	10	11.7847	12.0852	19.21	5.12	3.47789	8.03481	0	16.3334	-9999	-9999	-9999
9	11	12.2025	12.8419	19.2	6.61	4.76117	7.06635	0	16.0807	-9999	-9999	-9999
9	12	9.58	9.47833	12.22	6.05	1.44842	6.59802	0	15.9253	-9999	-9999	-9999
9	13	8.87005	9.83625	14.62	5.56	1.79259	7.94437	0	15.8774	-9999	-9999	-9999
9	14	5.46917	10.5854	14.35	5.81	2.68809	7.40562	0.4	15.7315	-9999	-9999	-9999
9	15	6.26809	10.6188	12.53	7.17	3.74643	7.83496	1.5	15.4043	-9999	-9999	-9999
9	16	9.55951	7.25458	10.16	2.48	3.26956	5.50086	0	15.1247	-9999	-9999	-9999
9	17	9.10175	4.68208	9.24	-0.12	1.89619	3.04715	0	14.8982	-9999	-9999	-9999
9	18	2.15179	5.86521	10.4	1.19	0.390906	3.38744	3.8	15.0178	-9999	-9999	-9999
9	19	8.24926	3.45458	6.57	0.06	1.11716	4.49931	3.3	17.0023	-9999	-9999	-9999
9	20	5.57853	1.98771	6.3	-1.58	1.12932	1.66951	0.5	17.2719	-9999	-9999	-9999
9	21	6.41167	5.90854	10.37	0.71	1.85374	4.08247	0	17.2699	-9999	-9999	-9999
9	22	4.30735	7.61604	9.35	5.82	0.954617	6.41927	1.4	17.2187	-9999	-9999	-9999
9	23	0.952871	8.82875	12.74	5.93	0.464243	7.13231	17.9	18.7437	-9999	-9999	-9999
9	24	7.08493	4.5125	6.35	2.8	2.6212	4.1336	0.7	18.3715	-9999	-9999	-9999
9	25	7.83169	3.70625	6.87	-0.05	1.98951	2.39543	5.8	18.4198	-9999	-9999	-9999
9	26	8.02795	1.66313	6.16	-2.31	1.45243	-0.845562	0	18.1389	-9999	-9999	-9999
9	27	2.27765	1.175	2.5	-0.81	0.169681	0.921233	3.5	18.2068	-9999	-9999	-9999
9	28	1.42726	0.0629167	2.3	-3.02	0.307339	-0.576248	0	18.2773	-9999	-9999	-9999
9	29	0.889182	3.01875	4.17	2.31	0.142207	2.30927	5.4	18.0941	-9999	-9999	-9999
9	30	1.80749	2.90062	3.99	1.91	0.124534	2.95742	4.3	18.8504	-9999	-9999	-9999
10	1	1.63832	2.33417	3.92	-1.71	0.355126	3.01266	0	18.4442	-9999	-9999	-9999
10	2	2.14211	1.33585	3.58	-0.91	0.166393	1.50594	0.1	18.045	-9999	-9999	-9999
10	3	2.52227	2.99354	5.23	0.77	0.281664	2.62155	0	17.7996	-9999	-9999	-9999
10	4	1.46565	7.54542	8.86	5.26	1.31087	5.13977	0.6	17.6119	-9999	-9999	-9999
10	5	0.980856	6.92479	8.12	5.74	0.308041	5.68586	3.3	17.5218	-9999	-9999	-9999
10	6	1.92391	5.81792	7.6	4.69	0.526676	5.54035	5.1	18.4315	-9999	-9999	-9999
10	7	2.20992	4.30312	6.18	2.85	0.529533	4.47358	3.4	18.4722	-9999	-9999	-9999
10	8	0.63621	5.50396	6.07	4.49	0.19301	4.57404	7.1	18.97	-9999	-9999	-9999
10	9	2.48638	4.69937	6.46	2.77	0.458647	4.36079	0	18.4048	-9999	-9999	-9999
10	10	2.47659	2.98812	5.87	-1.21	0.563942	2.21829	0	18.0201	-9999	-9999	-9999
10	11	2.0513	0.108333	2.37	-2.72	0.0792971	0.67051	0.1	17.8318	-9999	-9999	-9999
10	12	2.29801	2.05979	3.66	0.2	0.129367	2.06832	1.6	17.7385	-9999	-9999	-9999
10	13	4.30383	0.924375	5.37	-2.24	0.726762	-0.826669	0	17.7572	-9999	-9999	-9999
10	14	4.46791	0.195	2.85	-2.4	1.02506	-1.40417	0	17.6564	-9999	-9999	-9999
10	15	2.28446	-1.30583	2.32	-6.27	0.503947	-1.92375	0	17.5158	-9999	-9999	-9999
10	16	1.12882	4.67063	6.49	1.93	1.11605	-1.50958	1.1	17.366	-9999	-9999	-9999
10	17	3.38474	4.80375	7.96	-0.66	2.20179	0.0324467	2	17.3377	-9999	-9999	-9999
10	18	2.59623	-1.9625	-0.21	-4.05	0.318281	-0.834167	2.6	17.7231	-9999	-9999	-9999
10	19	1.73864	-2.74562	-0.58	-5.67	0.563123	-0.75375	0	17.8712	-9999	-9999	-9999
10	20	1.46588	-4.78208	-3.51	-6.63	0.449935	-0.721667	0	17.8454	-9999	-9999	-9999
10	21	2.34636	-5.67438	-2.91	-9.3	0.441562	-0.667917	0	17.7533	-9999	-9999	-9999
10	22	3.35189	-4.70813	-1.26	-8.75	0.595796	-0.701667	0	17.6211	-9999	-9999	-9999
10	23	3.15202	-5.9	-2.72	-9.82	0.367506	-0.970208	0.3	17.4542	-9999	-9999	-9999
10	24	1.1921	-6.16583	-3.84	-8.32	0.200085	-0.909583	0.2	17.2891	-9999	-9999	-9999
10	25	0.858294	-4.79063	-2.04	-6.8	0.320489	-0.901875	0.7	17.1491	-9999	-9999	-9999
10	26	1.35214	-7.88896	-4.56	-10.39	0.348785	-1.06375	0.2	17.028	-9999	-9999	-9999
10	27	0.340799	-5.89938	1.56	-13.33	0.151584	-1.29625	6.2	16.9149	-9999	-9999	-9999
10	28	1.86332	1.40854	2.49	0.17	1.26741	-1.12521	0	16.7988	-9999	-9999	-9999
10	29	2.09893	0.68	2.41	-2.99	2.12384	-0.89125	0	16.6866	-9999	-9999	-9999
10	30	1.08911	-6.96104	-3.91	-10.49	0.258046	-0.854688	0	16.6022	-9999	-9999	-9999
10	31	0.491618	-1.23958	0.34	-4.32	0.157851	-0.92625	0	16.5331	-9999	-9999	-9999
11	1	0.466511	0.042125	1.2	-1.27	0.216859	-1.30167	0.6	16.4583	-9999	-9999	-9999
11	2	0.266791	0.688542	1.34	0.09	0.215893	-1.1125	1.1	16.3928	-9999	-9999	-9999
11	3	0.3348	1.59229	2.19	0.77	0.0498614	-1.12875	0.6	16.3814	-9999	-9999	-9999
11	4	0.376128	1.72208	2.77	0.89	0.0382185	-0.992708	1.8	17.1704	-9999	-9999	-9999
11	5	0.474984	0.525	1.48	-0.08	0.117156	-0.828958	0	18.7429	-9999	-9999	-9999
11	6	0.485424	0.991875	4.27	-1.02	0.0709918	-0.579583	0	18.576	-9999	-9999	-9999
11	7	0.802152	5.7575	7.23	3.98	2.39346	-0.3175	0	18.9015	-9999	-9999	-9999
11	8	1.08995	0.878771	4.36	-1.87	0.453316	-0.386875	0	18.6143	-9999	-9999	-9999
11	9	0.900972	-2.07938	-0.16	-3.93	0.138376	-0.252083	0	18.2957	-9999	-9999	-9999
11	10	0.436446	-1.22783	0.42	-4.1	0.244918	-0.286458	0	18.0178	-9999	-9999	-9999
11	11	0.286645	-2.66333	-1.64	-3.18	0.123169	-0.371042	0	17.793	-9999	-9999	-9999
11	12	0.400387	-2.19792	-1.1	-3.06	0.155104	-0.368125	0	17.6296	-9999	-9999	-9999
11	13	0.936537	-4.87958	-1.92	-7.06	0.170886	-0.967083	0	17.491	-9999	-9999	-9999
11	14	0.16182	-2.72604	-1.31	-4.96	0.0924382	-1.12292	0.9	17.3528	-9999	-9999	-9999
11	15	0.200754	-2.36	-1.03	-4.06	0.0981731	-0.928542	0.1	17.2055	-9999	-9999	-9999
11	16	0.185832	-0.511521	0.08	-2.47	0.024178	-1.12479	3.4	17.0809	-9999	-9999	-9999
11	17	0.176238	-3.05333	-0.09	-7.06	0.092616	-0.909792	0.1	16.9812	-9999	-9999	-9999
11	18	0.152588	-11.4888	-7.27	-15.08	0.209413	-0.925833	0.2	16.9106	-9999	-9999	-9999
11	19	0.147384	-9.78604	-7.59	-12.69	0.210468	-1.34333	0	16.8504	-9999	-9999	-9999
11	20	0.136728	-7.3025	-6.56	-10.24	0.189656	-1.43521	1	16.7614	-9999	-9999	-9999
11	21	0.119713	-7.41354	-6.43	-9.5	0.197685	-1.46646	0.4	16.6411	-9999	-9999	-9999
11	22	0.141534	-10.746	-7.67	-13.78	0.226382	-1.65625	3.1	16.4927	-9999	-9999	-9999
11	23	0.083376	-11.541	-7.91	-14.4	0.229049	-2.22479	1.3	16.2707	-9999	-9999	-9999
11	24	0.101322	-14.9417	-8.59	-20.93	0.22748	-2.39604	0.5	15.5381	-9999	-9999	-9999
11	25	0.158837	-11.1406	-7.22	-13.88	0.240392	-2.53208	0.3	13.7888	-9999	-9999	-9999
11	26	0.0544554	-16.445	-10.48	-20.92	0.239334	-3.2475	1.6	12.6551	-9999	-9999	-9999
11	27	0.0474066	-7.63146	-5.69	-12.2	0.204535	-3.0375	0	11.8954	-9999	-9999	-9999
11	28	0.073224	-2.24708	0.19	-5.72	0.0676524	-2.08042	1.2	11.813	-9999	-9999	-9999
11	29	0.114138	-0.0842083	0.71	-1.18	0.0899803	-1.01917	1.7	12.0416	-9999	-9999	-9999
11	30	0.070056	0.347917	0.99	-1.08	0.308809	-0.497708	0.1	12.7458	-9999	-9999	-9999
12	1	0.067158	1.50354	2.48	0.38	0.0378731	-0.570625	1.7	15.1843	-9999	-9999	-9999
12	2	0.008442	-1.185	2.16	-4.95	0.272415	-0.0890552	0	20.0633	-9999	-9999	-9999
12	3	0.0650034	-2.10215	0.37	-4.3	0.0928251	-0.349375	0	18.6466	-9999	-9999	-9999
12	4	0.0251838	0.912917	3.13	-1.17	0.607879	-0.356667	1.6	18.1372	-9999	-9999	-9999
12	5	0.014616	-2.89063	2.87	-8.43	1.42057	-0.205458	0	17.9023	-9999	-9999	-9999
12	6	-0.014238	-8.67229	-6.25	-12.59	0.655034	-1.82896	0	17.737	-9999	-9999	-9999
12	7	0.008748	-5.63896	-2.1	-11.48	0.465264	-2.47042	1.7	16.2772	-9999	-9999	-9999
12	8	-0.003204	-3.77063	-0.65	-7.24	1.16789	-1.34167	0.1	13.7671	-9999	-9999	-9999
12	9	-0.029304	-11.9375	-7.5	-15.63	0.447117	-2.11333	0	13.0027	-9999	-9999	-9999
12	10	-0.0035568	-1.76167	0.85	-8.33	0.210378	-1.99438	1.4	12.2255	-9999	-9999	-9999
12	11	-0.037242	-1.2025	1.37	-5.03	0.935342	-1.10896	0	12.2238	-9999	-9999	-9999
12	12	0.020412	-3.07438	-1.06	-5.72	1.00278	-1.33979	1.9	12.1999	-9999	-9999	-9999
12	13	-0.0227466	-10.5913	-1.96	-16.26	0.534388	-1.39875	0	12.1571	-9999	-9999	-9999
12	14	0.0161874	-6.82042	-5.72	-9.33	0.453065	-1.86375	0.9	11.947	-9999	-9999	-9999
12	15	0.0290826	-9.23208	-6.65	-11.08	0.29419	-1.69104	1.5	11.8519	-9999	-9999	-9999
12	16	-0.055476	-18.8867	-9.7	-26.78	0.250691	-2.15333	0	11.7248	-9999	-9999	-9999
12	17	-0.0018	-20.0323	-15.97	-25.16	0.229868	-3.05729	0.9	11.4129	-9999	-9999	-9999
12	18	0.0223128	-17.6058	-8.16	-25.52	0.225419	-3.39625	1.7	11.1927	-9999	-9999	-9999
12	19	0.033372	-8.07188	-2.46	-11.88	0.200601	-2.65	3.2	11.1043	-9999	-9999	-9999
12	20	-0.01584	-16.565	-11.85	-23.16	0.252793	-2.40729	0	11.0984	-9999	-9999	-9999
12	21	-0.079038	-23.3992	-19.26	-28.3	0.246814	-3.13896	0	-9999	-9999	-9999	-9999
12	22	-0.036288	-32.1523	-27.09	-35.65	0.132142	-4.03667	0	-9999	-9999	-9999	-9999
12	23	-0.015984	-28.6371	-26.44	-32.93	0.168394	-4.73812	0	-9999	-9999	-9999	-9999
12	24	0.048438	-19.0231	-8.7	-29.77	0.196766	-5.09042	3	-9999	-9999	-9999	-9999
12	25	0.057042	-4.00312	-0.89	-8.49	0.110838	-4.2275	1.1	10.7676	-9999	-9999	-9999
12	26	0.0225	-11.9527	-5.73	-17.85	0.239852	-3.22083	0.1	10.7744	-9999	-9999	-9999
12	27	0.036198	-15.4219	-7.95	-20.99	0.233165	-3.32021	2.8	10.7815	-9999	-9999	-9999
12	28	0.052056	-3.41638	0.2	-8.13	0.121433	-3.35167	1	10.7763	-9999	-9999	-9999
12	29	0.031158	-8.32146	-7.04	-10.66	0.236559	-2.79479	0	10.7954	-9999	-9999	-9999
12	30	0.065772	-7.80979	-5.64	-11.05	0.188146	-2.81625	0.5	10.8034	-9999	-9999	-9999
12	31	0.0271692	-16.5971	-10.5	-26.8	0.241325	-2.62271	0	10.8123	-9999	-9999	-9999
