Month	n_days	Rg_f	Ta_f	Tmax	Tmin	VPD_f	Ts_f	Precip	SWC	LAI	ET	LITTERFALL
1	1	1.49	-4.39	-3.6	-5.1	0.01	-9999	0	-9999	-9999	-9999	-9999
1	2	1.18	-4.32	-3.2	-5.05	0.03	-9999	0	-9999	-9999	-9999	-9999
1	3	1.21	-5.54	-5.1	-5.8	0.05	-9999	0	-9999	-9999	-9999	-9999
1	4	6.39	-6.52	-2.5	-8.2	0.18	-9999	0	-9999	-9999	-9999	-9999
1	5	8.11	-3.58	0.75	-7.45	0.27	-9999	0	-9999	-9999	-9999	-9999
1	6	4.44	4.09	6.45	1.6	0.54	-9999	0.6	-9999	-9999	-9999	-9999
1	7	3.87	8.83	10.75	5.6	0.43	-9999	0	-9999	-9999	-9999	-9999
1	8	2.46	8.9	10.2	5.75	0.38	-9999	0	-9999	-9999	-9999	-9999
1	9	7.12	8.73	11.3	7.25	0.41	-9999	0	-9999	-9999	-9999	-9999
1	10	2.01	2.9	6.2	0.5	0.09	-9999	0.3	-9999	-9999	-9999	-9999
1	11	3.53	-1.51	0.5	-2.6	0.01	-9999	0	-9999	-9999	-9999	-9999
1	12	1	1.04	2.6	-0.85	0.04	-9999	7.8	-9999	-9999	-9999	-9999
1	13	0.49	6.18	7.45	2.75	0.01	-9999	83	-9999	-9999	-9999	-9999
1	14	1.79	7.1	7.75	6.2	0.01	-9999	33.4	-9999	-9999	-9999	-9999
1	15	1.24	4.95	6.4	3.9	0.16	-9999	2.4	-9999	-9999	-9999	-9999
1	16	7	7.92	10.45	4.75	0.36	-9999	0	-9999	-9999	-9999	-9999
1	17	8	8.37	10.05	6.25	0.4	-9999	0	-9999	-9999	-9999	-9999
1	18	5.39	5.26	6.45	4.1	0.3	-9999	0.1	-9999	-9999	-9999	-9999
1	19	1.27	0.51	4.85	-2.45	0.01	-9999	18.6	-9999	-9999	-9999	-9999
1	20	1.62	-4	-2.6	-4.8	0.01	-9999	12.5	-9999	-9999	-9999	-9999
1	21	1.81	-5.85	-4.75	-7.15	0.01	-9999	1.5	-9999	-9999	-9999	-9999
1	22	4.77	-7.94	-7.25	-8.75	0.1	-9999	0	-9999	-9999	-9999	-9999
1	23	7.26	-8.26	-7.15	-9.6	0.08	-9999	0	-9999	-9999	-9999	-9999
1	24	0.76	-5.55	-4.15	-7.45	0.01	-9999	0	-9999	-9999	-9999	-9999
1	25	2.08	-2.9	-1.8	-4.05	0.02	-9999	0	-9999	-9999	-9999	-9999
1	26	2.11	-2.92	-2.35	-3.5	0.05	-9999	0	-9999	-9999	-9999	-9999
1	27	1.9	-3.8	-3.1	-4.45	0.01	-9999	0	-9999	-9999	-9999	-9999
1	28	8.86	-3.86	-1.25	-5.05	0.16	-9999	0	-9999	-9999	-9999	-9999
1	29	10.55	-2.78	0.55	-5.75	0.41	-9999	0	-9999	-9999	-9999	-9999
1	30	10.83	-6.24	-2	-9.5	0.12	-9999	0	-9999	-9999	-9999	-9999
1	31	3.45	-9.12	-8.1	-9.9	0.01	-9999	0	-9999	-9999	-9999	-9999
2	1	6.83	-8.9	-5.45	-10.55	0.01	-9999	0	-9999	-9999	-9999	-9999
2	2	3.19	-8.34	-5.7	-10.45	0.01	-9999	0	-9999	-9999	-9999	-9999
2	3	9.89	-1.54	1.55	-6.4	0.18	-9999	1.3	-9999	-9999	-9999	-9999
2	4	7.24	2.02	4.6	-1.45	0.21	-9999	0	-9999	-9999	-9999	-9999
2	5	11.12	4.44	8.15	1.65	0.29	-9999	0	-9999	-9999	-9999	-9999
2	6	11.1	7.08	10.45	3.35	0.37	-9999	0	-9999	-9999	-9999	-9999
2	7	11.62	10.19	11.65	8.02	0.53	-9999	0	-9999	-9999	-9999	-9999
2	8	10.14	6.54	11.9	2.2	0.39	-9999	0	-9999	-9999	-9999	-9999
2	9	8.84	2.08	3.1	1.1	0.06	-9999	0	-9999	-9999	-9999	-9999
2	10	11	4.67	7.45	0.8	0.35	-9999	0	-9999	-9999	-9999	-9999
2	11	2.66	6.76	8.15	5.1	0.32	-9999	6.4	-9999	-9999	-9999	-9999
2	12	1.27	0.94	6.85	-1.7	0.03	-9999	16.4	-9999	-9999	-9999	-9999
2	13	1.54	0.39	2.5	-2.2	0.02	-9999	0.5	-9999	-9999	-9999	-9999
2	14	5.61	-1.47	2.1	-2.55	0.01	-9999	4.9	-9999	-9999	-9999	-9999
2	15	4.54	-2.94	-2.15	-3.5	0.01	-9999	0.96	-9999	-9999	-9999	-9999
2	16	9.33	0.39	5.3	-3.95	0.14	-9999	0	-9999	-9999	-9999	-9999
2	17	9.15	2.34	5.9	-1.85	0.2	-9999	0	-9999	-9999	-9999	-9999
2	18	2.29	-2.04	-1.4	-2.65	0.01	-9999	1	-9999	-9999	-9999	-9999
2	19	1.43	-1.65	-1.3	-2.15	0.01	-9999	2.7	-9999	-9999	-9999	-9999
2	20	1.84	-4.24	-2.2	-6.75	0.01	-9999	0.2	-9999	-9999	-9999	-9999
2	21	2.92	-8.38	-6.9	-9.45	0.02	-9999	0	-9999	-9999	-9999	-9999
2	22	1.58	-9.45	-8.55	-10.6	0.03	-9999	0	-9999	-9999	-9999	-9999
2	23	2.15	-9.06	-8.5	-9.75	0.05	-9999	0	-9999	-9999	-9999	-9999
2	24	12.42	-5.34	-2.15	-8.75	0.39	-9999	2.75	-9999	-9999	-9999	-9999
2	25	15.43	-4.62	-3.2	-6.4	0.47	-9999	0.3	-9999	-9999	-9999	-9999
2	26	14.9	-0.78	4.6	-5.45	0.43	-9999	0.1	-9999	-9999	-9999	-9999
2	27	9.1	1.5	2.85	0.25	0.23	-9999	0.2	-9999	-9999	-9999	-9999
2	28	13.62	1.49	4.6	-0.85	0.17	-9999	0	-9999	-9999	-9999	-9999
3	1	4.03	-2.48	1.35	-4.3	0.09	-9999	0	-9999	-9999	-9999	-9999
3	2	12.02	-2.95	-0.75	-4.95	0.3	-9999	0	-9999	-9999	-9999	-9999
3	3	9.76	-0.87	3.05	-3.9	0.31	-9999	0	-9999	-9999	-9999	-9999
3	4	13.3	-2.21	2.1	-5.45	0.08	-9999	0	-9999	-9999	-9999	-9999
3	5	16.27	0.86	3.95	-1.95	0.17	-9999	0	-9999	-9999	-9999	-9999
3	6	2.48	-2.12	1.4	-3.5	0.2	-9999	0	-9999	-9999	-9999	-9999
3	7	17.61	-4.29	-2.25	-5.85	0.47	-9999	0	-9999	-9999	-9999	-9999
3	8	17.54	0.88	6.3	-5.25	0.54	-9999	0	-9999	-9999	-9999	-9999
3	9	14.23	5.8	7.7	3.85	0.4	-9999	0	-9999	-9999	-9999	-9999
3	10	1.91	4.8	7.15	2.95	0.2	-9999	2.7	-9999	-9999	-9999	-9999
3	11	10.19	5.3	7.1	4.4	0.29	-9999	0	-9999	-9999	-9999	-9999
3	12	16.82	8.98	14.7	2.45	0.44	-9999	0	-9999	-9999	-9999	-9999
3	13	4.44	10.27	11.2	9.35	0.49	-9999	0	-9999	-9999	-9999	-9999
3	14	11.68	9.71	10.35	9.15	0.4	-9999	0	-9999	-9999	-9999	-9999
3	15	17.72	10.32	14.85	6.95	0.35	-9999	0	-9999	-9999	-9999	-9999
3	16	6.55	9.72	11.65	7.95	0.32	-9999	0	-9999	-9999	-9999	-9999
3	17	3.95	6.54	8.85	3.8	0.09	-9999	4.1	-9999	-9999	-9999	-9999
3	18	1.83	1.76	3.7	0.55	0.02	-9999	37.6	-9999	-9999	-9999	-9999
3	19	2.59	-0.67	1.3	-1.6	0.05	-9999	3	-9999	-9999	-9999	-9999
3	20	10.11	-1.15	0.05	-2.65	0.25	-9999	0	-9999	-9999	-9999	-9999
3	21	14.22	0.41	2.75	-1.2	0.32	-9999	0	-9999	-9999	-9999	-9999
3	22	18.93	4.06	8.3	-0.7	0.42	-9999	0	-9999	-9999	-9999	-9999
3	23	19.13	7.22	9.55	4.75	0.45	-9999	0	-9999	-9999	-9999	-9999
3	24	19.45	9.64	13.15	6.6	0.42	-9999	0	-9999	-9999	-9999	-9999
3	25	18.36	10.81	12.75	8.55	0.44	-9999	0	-9999	-9999	-9999	-9999
3	26	9.28	7.87	11.1	4.1	0.29	-9999	6.9	-9999	-9999	-9999	-9999
3	27	5.25	3.08	4.35	2.25	0.01	-9999	8.9	-9999	-9999	-9999	-9999
3	28	13.7	5.44	7.8	2.9	0.16	-9999	0	-9999	-9999	-9999	-9999
3	29	16.35	7.26	9.15	5.15	0.33	-9999	0	-9999	-9999	-9999	-9999
3	30	20.11	9.31	11.3	6.85	0.41	-9999	0	-9999	-9999	-9999	-9999
3	31	14.14	9.34	11.85	6.6	0.28	-9999	0.41	-9999	-9999	-9999	-9999
4	1	4.74	9.03	9.85	7.75	0.07	-9999	10.57	-9999	-9999	-9999	-9999
4	2	20.47	12.47	15.8	9.35	0.27	-9999	0	-9999	-9999	-9999	-9999
4	3	21.06	14.78	17.4	12.05	0.39	-9999	0	-9999	-9999	-9999	-9999
4	4	6.45	9.32	15.7	4.5	0.18	-9999	6.5	-9999	-9999	-9999	-9999
4	5	11.84	6.14	7.9	4.1	0.17	-9999	3	-9999	-9999	-9999	-9999
4	6	7.44	10.01	12.5	7.1	0.29	-9999	0.3	-9999	-9999	-9999	-9999
4	7	20.78	15.79	20.15	11.4	0.35	-9999	0.8	-9999	-9999	-9999	-9999
4	8	12.03	11.12	14.85	8.15	0.29	-9999	0	-9999	-9999	-9999	-9999
4	9	22.48	10.13	12.7	7.2	0.4	-9999	0	-9999	-9999	-9999	-9999
4	10	22.76	8.1	11.6	4.25	0.39	-9999	0	-9999	-9999	-9999	-9999
4	11	20.02	10.52	13.75	6.8	0.36	-9999	0	-9999	-9999	-9999	-9999
4	12	4.11	7.59	12.9	1.75	0.18	-9999	14.1	-9999	-9999	-9999	-9999
4	13	6.42	0.04	1.85	-1.2	0.07	-9999	4.9	-9999	-9999	-9999	-9999
4	14	17.2	2.13	4.35	0.6	0.19	-9999	1.9	-9999	-9999	-9999	-9999
4	15	9.88	1.83	3.65	0.1	0.09	-9999	5.2	-9999	-9999	-9999	-9999
4	16	10.57	4.27	6.15	1.75	0.24	-9999	0	-9999	-9999	-9999	-9999
4	17	23.2	7.12	10.2	3.9	0.41	-9999	0	-9999	-9999	-9999	-9999
4	18	23.47	8.96	12.35	5.05	0.42	-9999	0	-9999	-9999	-9999	-9999
4	19	22.99	10.52	13.85	6.85	0.43	-9999	0	-9999	-9999	-9999	-9999
4	20	23.73	12.98	16.55	8.6	0.43	-9999	0	-9999	-9999	-9999	-9999
4	21	23.33	15.2	18.05	12.5	0.45	-9999	0	-9999	-9999	-9999	-9999
4	22	23.87	16.4	20.25	13.25	0.5	-9999	0	-9999	-9999	-9999	-9999
4	23	23.97	16.36	19	13.25	0.54	-9999	0	-9999	-9999	-9999	-9999
4	24	20.44	14.45	17.1	10.95	0.43	-9999	0.2	-9999	-9999	-9999	-9999
4	25	14.44	10.06	12.45	6.4	0.18	-9999	0.1	-9999	-9999	-9999	-9999
4	26	8.83	7.33	9.35	4.8	0.1	-9999	0.6	-9999	-9999	-9999	-9999
4	27	12.42	9.36	12.45	7.65	0.26	-9999	0	-9999	-9999	-9999	-9999
4	28	10.67	9.59	12.45	7.72	0.22	-9999	2.95	-9999	-9999	-9999	-9999
4	29	15.6	9.51	12.7	8.11	0.21	-9999	0	-9999	-9999	-9999	-9999
4	30	19.32	10.05	13.45	7.9	0.27	-9999	0	-9999	-9999	-9999	-9999
5	1	8.11	7.96	8.9	7.15	0.1	-9999	4.39	-9999	-9999	-9999	-9999
5	2	19.76	8.78	12.7	4.9	0.15	-9999	3.91	-9999	-9999	-9999	-9999
5	3	4.57	4.7	9.1	-0.6	0.07	-9999	5.5	-9999	-9999	-9999	-9999
5	4	13.58	2.49	5.75	-0.95	0.21	-9999	0.3	-9999	-9999	-9999	-9999
5	5	20.14	5.68	8.6	2.9	0.42	-9999	0	-9999	-9999	-9999	-9999
5	6	25.93	10.2	14.65	4.85	0.43	-9999	0	-9999	-9999	-9999	-9999
5	7	26.39	13.34	16.3	10.25	0.5	-9999	0	-9999	-9999	-9999	-9999
5	8	12.28	9.99	13	7.95	0.39	-9999	0.4	-9999	-9999	-9999	-9999
5	9	26.11	10.82	14.1	6.45	0.41	-9999	0	-9999	-9999	-9999	-9999
5	10	25.88	15.41	18.7	11.15	0.47	-9999	0	-9999	-9999	-9999	-9999
5	11	24.61	16.74	19.5	14.05	0.48	-9999	0	-9999	-9999	-9999	-9999
5	12	18.45	15.6	19.45	10.6	0.32	-9999	1.8	-9999	-9999	-9999	-9999
5	13	18.54	11.82	13.8	9.95	0.22	-9999	0	-9999	-9999	-9999	-9999
5	14	12.97	11.73	13.3	10	0.14	-9999	5.4	-9999	-9999	-9999	-9999
5	15	4.87	5.47	8.9	4	0.06	-9999	23.1	-9999	-9999	-9999	-9999
5	16	12.34	5.93	7.8	3.95	0.11	-9999	0.7	-9999	-9999	-9999	-9999
5	17	12.14	10.51	13	7.65	0.26	-9999	0	-9999	-9999	-9999	-9999
5	18	20.07	14.94	18.6	11.55	0.35	-9999	0	-9999	-9999	-9999	-9999
5	19	9.57	16.82	19.62	14.3	0.36	-9999	1.03	-9999	-9999	-9999	-9999
5	20	8.88	15.6	18.45	13.8	0.29	-9999	0.75	-9999	-9999	-9999	-9999
5	21	18.18	14.99	17.9	13.95	0.35	-9999	0	-9999	-9999	-9999	-9999
5	22	20.26	16.6	19.85	13.65	0.34	-9999	1.7	-9999	-9999	-9999	-9999
5	23	12.38	15.35	17.45	12.6	0.23	-9999	0.5	-9999	-9999	-9999	-9999
5	24	25.75	18.42	21.6	15.45	0.37	-9999	0	-9999	-9999	-9999	-9999
5	25	17.44	14.04	18.3	10.5	0.24	-9999	0	-9999	-9999	-9999	-9999
5	26	25.38	18.63	22.8	13.25	0.33	-9999	0	-9999	-9999	-9999	-9999
5	27	4.44	10.51	14.8	4.1	0.06	-9999	38.4	-9999	-9999	-9999	-9999
5	28	6.39	6.25	9.05	4.1	0.05	-9999	13.3	-9999	-9999	-9999	-9999
5	29	24.77	12.91	16.6	8.4	0.37	-9999	0	-9999	-9999	-9999	-9999
5	30	26.86	18.74	23.65	13.25	0.45	-9999	0	-9999	-9999	-9999	-9999
5	31	17.25	18.12	20.15	14.2	0.36	-9999	0.1	-9999	-9999	-9999	-9999
6	1	7.29	11.36	13.5	9.7	0.03	-9999	1.9	-9999	-9999	-9999	-9999
6	2	5.38	10.31	10.9	9.35	0.01	-9999	6.7	-9999	-9999	-9999	-9999
6	3	12.37	13.41	18	10.2	0.07	-9999	6.5	-9999	-9999	-9999	-9999
6	4	21.5	17.38	21.75	13.15	0.27	-9999	0	-9999	-9999	-9999	-9999
6	5	22.6	19.55	22.85	16.5	0.42	-9999	0	-9999	-9999	-9999	-9999
6	6	23.08	18.76	22.8	13.45	0.4	-9999	0	-9999	-9999	-9999	-9999
6	7	19.22	16.99	19.75	13.3	0.31	-9999	0.5	-9999	-9999	-9999	-9999
6	8	11.88	15.18	17.1	12	0.16	-9999	6.8	-9999	-9999	-9999	-9999
6	9	11.01	10.23	12.2	8.2	0.12	-9999	2	-9999	-9999	-9999	-9999
6	10	20.09	12.7	15.55	9.65	0.28	-9999	0	-9999	-9999	-9999	-9999
6	11	15.09	12.9	14.95	10.15	0.19	-9999	6.6	-9999	-9999	-9999	-9999
6	12	8.53	10.79	12.65	9	0.04	-9999	3.1	-9999	-9999	-9999	-9999
6	13	13.39	12.6	14.55	10.45	0.12	-9999	0	-9999	-9999	-9999	-9999
6	14	13.48	13.12	15.25	11	0.16	-9999	0.6	-9999	-9999	-9999	-9999
6	15	23.28	17.17	19.95	14.4	0.31	-9999	0	-9999	-9999	-9999	-9999
6	16	17.23	18.61	20.7	16	0.33	-9999	0.2	-9999	-9999	-9999	-9999
6	17	15.47	15.59	19.1	11.3	0.18	-9999	0.8	-9999	-9999	-9999	-9999
6	18	3.25	12.96	19.6	7.6	0.16	-9999	18.7	-9999	-9999	-9999	-9999
6	19	14.38	9.09	11.35	7.7	0.19	-9999	5.2	-9999	-9999	-9999	-9999
6	20	10.23	11.09	13.75	8.35	0.23	-9999	1.7	-9999	-9999	-9999	-9999
6	21	21.81	17.93	21.2	13.65	0.29	-9999	0.2	-9999	-9999	-9999	-9999
6	22	22.34	21.1	27.2	13.95	0.36	-9999	2.05	-9999	-9999	-9999	-9999
6	23	9.04	13.36	16.35	11.3	0.09	-9999	32.5	-9999	-9999	-9999	-9999
6	24	11.71	11.03	12.75	9.65	0.18	-9999	1.2	-9999	-9999	-9999	-9999
6	25	6.27	9.38	10.25	8.3	0.18	-9999	2.8	-9999	-9999	-9999	-9999
6	26	10.97	12.89	16.05	8.85	0.09	-9999	8.1	-9999	-9999	-9999	-9999
6	27	25.57	17.67	20.55	14.25	0.28	-9999	0	-9999	-9999	-9999	-9999
6	28	27.79	17.82	20.45	14.55	0.36	-9999	0	-9999	-9999	-9999	-9999
6	29	27.4	19.39	22.05	15.9	0.43	-9999	0	-9999	-9999	-9999	-9999
6	30	5.19	13.29	20.05	9.4	0.1	-9999	6.8	-9999	-9999	-9999	-9999
7	1	13.24	9.44	12.55	7.05	0.21	-9999	3.1	-9999	-9999	-9999	-9999
7	2	13.79	8.16	10.5	6.85	0.14	-9999	3.4	-9999	-9999	-9999	-9999
7	3	7.95	9.14	10.65	7.55	0.15	-9999	5.8	-9999	-9999	-9999	-9999
7	4	16.8	13.07	17.6	9.1	0.1	-9999	6.5	-9999	-9999	-9999	-9999
7	5	5.44	14.08	15.05	13.45	0.01	-9999	4.2	-9999	-9999	-9999	-9999
7	6	24.04	18.3	21.7	13.75	0.26	-9999	1	-9999	-9999	-9999	-9999
7	7	21.36	20.67	24.05	17.3	0.35	-9999	13.6	-9999	-9999	-9999	-9999
7	8	16.01	17.41	21.65	13.15	0.25	-9999	0	-9999	-9999	-9999	-9999
7	9	25.3	21.15	24.45	14.9	0.3	-9999	0	-9999	-9999	-9999	-9999
7	10	25.98	19.23	23.05	16	0.19	-9999	1.4	-9999	-9999	-9999	-9999
7	11	15.6	17.59	19	15.7	0.19	-9999	0.9	-9999	-9999	-9999	-9999
7	12	26.15	19.13	23.05	14	0.2	-9999	0	-9999	-9999	-9999	-9999
7	13	21.38	22.09	26.95	18.95	0.25	-9999	0	-9999	-9999	-9999	-9999
7	14	4.52	12.39	17.6	11.2	0.02	-9999	10.9	-9999	-9999	-9999	-9999
7	15	12	11.87	13.4	10.05	0.18	-9999	1.7	-9999	-9999	-9999	-9999
7	16	26.33	16.33	20.35	12.2	0.35	-9999	0	-9999	-9999	-9999	-9999
7	17	25.32	19.2	26.1	12.5	0.36	-9999	0	-9999	-9999	-9999	-9999
7	18	10.18	11.17	12.7	9.6	0.14	-9999	4.1	-9999	-9999	-9999	-9999
7	19	20.57	16.66	21.8	10.6	0.31	-9999	0	-9999	-9999	-9999	-9999
7	20	8.74	10.76	19.1	8.5	0.12	-9999	40.9	-9999	-9999	-9999	-9999
7	21	10.19	11.87	15	9.9	0.11	-9999	25.9	-9999	-9999	-9999	-9999
7	22	14.94	12.36	14.95	10.75	0.14	-9999	6.3	-9999	-9999	-9999	-9999
7	23	6.2	11.31	13.1	9.5	0.07	-9999	13.6	-9999	-9999	-9999	-9999
7	24	5.84	7.86	9.95	7	0.04	-9999	26.1	-9999	-9999	-9999	-9999
7	25	11.3	10	11.65	8.05	0.2	-9999	0.2	-9999	-9999	-9999	-9999
7	26	7.68	12.34	13.55	11.3	0.25	-9999	0	-9999	-9999	-9999	-9999
7	27	20.33	15.29	18.1	12.3	0.3	-9999	0	-9999	-9999	-9999	-9999
7	28	10.8	14.01	16.3	12.25	0.15	-9999	2.2	-9999	-9999	-9999	-9999
7	29	11.55	12.74	16.25	11.55	0.06	-9999	7.9	-9999	-9999	-9999	-9999
7	30	3.18	11.74	12.65	9.6	0.07	-9999	8.6	-9999	-9999	-9999	-9999
7	31	15.85	11.71	14.6	9.55	0.06	-9999	3.6	-9999	-9999	-9999	-9999
8	1	10.44	12.54	14.75	10.5	0.06	-9999	0	-9999	-9999	-9999	-9999
8	2	19.47	16.4	19.6	12.15	0.23	-9999	0	-9999	-9999	-9999	-9999
8	3	22.25	18.33	21.85	15.55	0.23	-9999	5.63	-9999	-9999	-9999	-9999
8	4	7.5	14.87	16.7	13.7	0.06	-9999	12	-9999	-9999	-9999	-9999
8	5	18.7	18.38	20.1	15.5	0.25	-9999	0.2	-9999	-9999	-9999	-9999
8	6	15.88	18.71	21.85	15.6	0.13	-9999	1.8	-9999	-9999	-9999	-9999
8	7	8.38	16	19.75	12.4	0.14	-9999	7.7	-9999	-9999	-9999	-9999
8	8	4.36	12.16	13.2	10.55	0.06	-9999	18.4	-9999	-9999	-9999	-9999
8	9	20.01	10.96	13.35	9	0.2	-9999	6.9	-9999	-9999	-9999	-9999
8	10	11.74	9.41	11.15	7.85	0.17	-9999	3.9	-9999	-9999	-9999	-9999
8	11	23.94	15.24	18.7	10.55	0.36	-9999	0	-9999	-9999	-9999	-9999
8	12	18.68	18.14	20.45	16.8	0.42	-9999	0.6	-9999	-9999	-9999	-9999
8	13	11.51	15.93	18.55	13.45	0.17	-9999	1.7	-9999	-9999	-9999	-9999
8	14	23.74	20.09	23.9	16	0.3	-9999	0.9	-9999	-9999	-9999	-9999
8	15	7.25	15.35	17.6	13.95	0.05	-9999	15.3	-9999	-9999	-9999	-9999
8	16	15.6	16.75	20.59	14.5	0.13	-9999	0.6	-9999	-9999	-9999	-9999
8	17	22.72	19.43	22.97	16.35	0.25	-9999	0	-9999	-9999	-9999	-9999
8	18	22.63	22.13	24.3	18.75	0.34	-9999	0	-9999	-9999	-9999	-9999
8	19	13.95	20.94	23.55	18.5	0.28	-9999	6	-9999	-9999	-9999	-9999
8	20	15.26	19.08	21.3	16.65	0.14	-9999	0	-9999	-9999	-9999	-9999
8	21	22.51	22.97	25.45	19.95	0.33	-9999	0.1	-9999	-9999	-9999	-9999
8	22	21.67	25.74	27.55	23.8	0.43	-9999	0	-9999	-9999	-9999	-9999
8	23	21.45	27.31	29.5	25.85	0.46	-9999	0	-9999	-9999	-9999	-9999
8	24	21.7	25.15	27.2	23.5	0.41	-9999	0	-9999	-9999	-9999	-9999
8	25	21.71	22.21	25.75	17.45	0.24	-9999	0	-9999	-9999	-9999	-9999
8	26	22.28	26.82	30.1	23.8	0.49	-9999	0	-9999	-9999	-9999	-9999
8	27	2.77	13.29	25.75	6.6	0.15	-9999	14.6	-9999	-9999	-9999	-9999
8	28	22.74	12.36	15.25	9.8	0.27	-9999	0	-9999	-9999	-9999	-9999
8	29	18.38	15.15	16.75	12.8	0.24	-9999	0	-9999	-9999	-9999	-9999
8	30	8.74	12.51	14.65	11.75	0.17	-9999	0.3	-9999	-9999	-9999	-9999
8	31	19.36	14.73	18.05	11.4	0.21	-9999	0	-9999	-9999	-9999	-9999
9	1	11.02	16.02	19.1	13.75	0.2	-9999	0	-9999	-9999	-9999	-9999
9	2	14.92	17.34	20.05	14.55	0.29	-9999	0	-9999	-9999	-9999	-9999
9	3	21.19	20.12	23.7	16.6	0.34	-9999	0	-9999	-9999	-9999	-9999
9	4	17.89	22.66	24.9	20.2	0.37	-9999	0	-9999	-9999	-9999	-9999
9	5	3.68	15.13	23.3	10.25	0.13	-9999	20.9	-9999	-9999	-9999	-9999
9	6	18.96	14	16.25	11.2	0.31	-9999	0	-9999	-9999	-9999	-9999
9	7	10.27	16.02	17.65	12.25	0.39	-9999	1.7	-9999	-9999	-9999	-9999
9	8	3.12	10.41	13.35	8.6	0.11	-9999	9.3	-9999	-9999	-9999	-9999
9	9	4.28	13.31	17.05	10.35	0.07	-9999	15.2	-9999	-9999	-9999	-9999
9	10	20.3	19.31	21.95	16.3	0.25	-9999	0.1	-9999	-9999	-9999	-9999
9	11	20.13	22.98	25.1	21.05	0.41	-9999	0	-9999	-9999	-9999	-9999
9	12	12.51	16.9	19.6	15.8	0.22	-9999	0	-9999	-9999	-9999	-9999
9	13	20.15	18.29	20.1	17.1	0.34	-9999	0	-9999	-9999	-9999	-9999
9	14	5.71	13.98	18.1	10.3	0.15	-9999	15.5	-9999	-9999	-9999	-9999
9	15	8.18	12.46	13.85	11.65	0.18	-9999	0	-9999	-9999	-9999	-9999
9	16	19.8	14.44	17.55	10.9	0.15	-9999	0	-9999	-9999	-9999	-9999
9	17	10.94	17.34	19.35	15.4	0.31	-9999	0	-9999	-9999	-9999	-9999
9	18	8.04	14.08	20.5	5.75	0.2	-9999	6.6	-9999	-9999	-9999	-9999
9	19	2.33	3.9	5.45	2.8	0.01	-9999	32	-9999	-9999	-9999	-9999
9	20	2.97	6.58	8.35	4.2	0.03	-9999	11.2	-9999	-9999	-9999	-9999
9	21	16	10.47	13.7	7.55	0.09	-9999	0	-9999	-9999	-9999	-9999
9	22	14.88	12.36	14.35	10.7	0.09	-9999	0	-9999	-9999	-9999	-9999
9	23	15.01	12.83	14.15	11.3	0.22	-9999	0	-9999	-9999	-9999	-9999
9	24	17.33	13.26	15.85	10.45	0.16	-9999	0	-9999	-9999	-9999	-9999
9	25	17.87	15.79	18.4	13.5	0.24	-9999	0	-9999	-9999	-9999	-9999
9	26	17.56	16.11	18.65	14.05	0.25	-9999	0	-9999	-9999	-9999	-9999
9	27	15.19	15.93	17.85	13.85	0.2	-9999	0	-9999	-9999	-9999	-9999
9	28	15.34	15.01	16.6	14.05	0.2	-9999	0	-9999	-9999	-9999	-9999
9	29	14.65	14.03	16.5	11.35	0.25	-9999	0	-9999	-9999	-9999	-9999
9	30	17.03	15.93	18.5	13.45	0.33	-9999	0	-9999	-9999	-9999	-9999
10	1	17.05	16.22	18.8	13.2	0.27	-9999	0	-9999	-9999	-9999	-9999
10	2	17.1	16.51	18.25	14.8	0.34	-9999	0	-9999	-9999	-9999	-9999
10	3	16.89	16.28	18.6	13.9	0.35	-9999	0	-9999	-9999	-9999	-9999
10	4	15.54	16.35	18.15	15.2	0.24	-9999	0	-9999	-9999	-9999	-9999
10	5	11.79	14.44	15.95	13.15	0.23	-9999	0	-9999	-9999	-9999	-9999
10	6	15.68	15.46	18.45	12.85	0.28	-9999	0	-9999	-9999	-9999	-9999
10	7	1.93	4.54	16	1.5	0.04	-9999	56.6	-9999	-9999	-9999	-9999
10	8	5.2	2.09	3.3	0.75	0.03	-9999	30.8	-9999	-9999	-9999	-9999
10	9	2.77	1.49	2.7	0.4	0.06	-9999	11.6	-9999	-9999	-9999	-9999
10	10	1.65	7.34	12.3	2.4	0.1	-9999	42	-9999	-9999	-9999	-9999
10	11	8.82	13.47	17.3	11.2	0.21	-9999	0.5	-9999	-9999	-9999	-9999
10	12	3.21	10.2	11.45	8.65	0.12	-9999	16.7	-9999	-9999	-9999	-9999
10	13	3.3	5.15	8.6	3.5	0.04	-9999	35.1	-9999	-9999	-9999	-9999
10	14	8.01	2.78	4.3	0.25	0.17	-9999	0	-9999	-9999	-9999	-9999
10	15	15.27	2.77	6.7	-1.1	0.24	-9999	0.1	-9999	-9999	-9999	-9999
10	16	14.8	3.81	7.05	0.85	0.18	-9999	0.1	-9999	-9999	-9999	-9999
10	17	14.25	7.14	10.2	3.75	0.24	-9999	0.2	-9999	-9999	-9999	-9999
10	18	14.24	10.44	15.25	4.65	0.33	-9999	0	-9999	-9999	-9999	-9999
10	19	9.97	10.36	15.4	1.8	0.34	-9999	3.6	-9999	-9999	-9999	-9999
10	20	2.32	0.86	1.85	0.05	0.03	-9999	8.6	-9999	-9999	-9999	-9999
10	21	9.32	1.65	2.75	0.3	0.14	-9999	0.7	-9999	-9999	-9999	-9999
10	22	13.36	1.47	4.5	-1.55	0.16	-9999	0.2	-9999	-9999	-9999	-9999
10	23	13.08	4.39	7.75	1.95	0.25	-9999	0.1	-9999	-9999	-9999	-9999
10	24	13.14	5.64	8.55	3.3	0.33	-9999	0.1	-9999	-9999	-9999	-9999
10	25	6.98	11.4	15.35	5.2	0.4	-9999	0	-9999	-9999	-9999	-9999
10	26	2.22	9.82	14.25	7.55	0.14	-9999	1.6	-9999	-9999	-9999	-9999
10	27	12.35	9.71	14.05	6.65	0.23	-9999	0.1	-9999	-9999	-9999	-9999
10	28	10.61	5.75	8.8	3.05	0.1	-9999	0.1	-9999	-9999	-9999	-9999
10	29	12.15	7.23	9.4	4.05	0.22	-9999	0.1	-9999	-9999	-9999	-9999
10	30	11.72	8.48	11.3	3.25	0.31	-9999	0.1	-9999	-9999	-9999	-9999
10	31	11.67	10.65	13.2	7.4	0.39	-9999	0	-9999	-9999	-9999	-9999
11	1	11.88	8.99	11.5	3.8	0.32	-9999	0.1	-9999	-9999	-9999	-9999
11	2	11.08	5.48	8.3	1.8	0.21	-9999	0.2	-9999	-9999	-9999	-9999
11	3	11.4	8.97	11.9	3	0.38	-9999	0	-9999	-9999	-9999	-9999
11	4	8.4	11.41	15.15	5.15	0.39	-9999	0.1	-9999	-9999	-9999	-9999
11	5	7.68	15.45	17.45	14	0.46	-9999	0	-9999	-9999	-9999	-9999
11	6	4.02	13.5	14.65	11.65	0.42	-9999	0	-9999	-9999	-9999	-9999
11	7	10.31	11.65	13.75	9.73	0.42	-9999	0	-9999	-9999	-9999	-9999
11	8	9.04	12.03	14.55	10.05	0.42	-9999	0	-9999	-9999	-9999	-9999
11	9	10.42	10.54	12.8	8.55	0.39	-9999	0	-9999	-9999	-9999	-9999
11	10	7.1	4.01	8.95	1.1	0.08	-9999	0	-9999	-9999	-9999	-9999
11	11	8.21	1.73	5.55	-0.7	0.17	-9999	0.2	-9999	-9999	-9999	-9999
11	12	10.06	5.19	8.45	1.55	0.43	-9999	0	-9999	-9999	-9999	-9999
11	13	10.13	8.1	10.5	5.65	0.52	-9999	0	-9999	-9999	-9999	-9999
11	14	9.11	5.09	6.85	2.95	0.47	-9999	0	-9999	-9999	-9999	-9999
11	15	9.78	2.33	4.45	-0.05	0.33	-9999	0	-9999	-9999	-9999	-9999
11	16	6.63	-2.56	2.1	-4.25	0.07	-9999	0	-9999	-9999	-9999	-9999
11	17	9.56	5.13	7.85	-4.55	0.46	-9999	0	-9999	-9999	-9999	-9999
11	18	8.42	5.18	6.95	3.9	0.26	-9999	0	-9999	-9999	-9999	-9999
11	19	9.53	1.91	3.85	0.25	0.14	-9999	0.1	-9999	-9999	-9999	-9999
11	20	8.81	4.96	7.45	0.8	0.38	-9999	0.1	-9999	-9999	-9999	-9999
11	21	7.17	7.46	9.95	6.1	0.38	-9999	0	-9999	-9999	-9999	-9999
11	22	8.7	6.4	8.2	3.6	0.38	-9999	0	-9999	-9999	-9999	-9999
11	23	3.6	-4.34	2.15	-5.3	0.01	-9999	0	-9999	-9999	-9999	-9999
11	24	8.99	0.56	5	-5.35	0.19	-9999	0	-9999	-9999	-9999	-9999
11	25	8.65	4.4	7.05	1.25	0.45	-9999	0	-9999	-9999	-9999	-9999
11	26	1.9	1.48	3.7	0.1	0.14	-9999	0.3	-9999	-9999	-9999	-9999
11	27	6.74	8.12	11.9	1.85	0.48	-9999	0	-9999	-9999	-9999	-9999
11	28	3.12	3.74	6.75	3.15	0.07	-9999	2.1	-9999	-9999	-9999	-9999
11	29	8.26	6.74	8.85	4.3	0.44	-9999	0.1	-9999	-9999	-9999	-9999
11	30	3.56	7.54	9	5.8	0.31	-9999	0	-9999	-9999	-9999	-9999
12	1	6.87	8.38	11.85	3.95	0.34	-9999	0	-9999	-9999	-9999	-9999
12	2	7.25	10.09	12.5	6.85	0.5	-9999	0	-9999	-9999	-9999	-9999
12	3	1.02	4.36	7.1	2.7	0.09	-9999	0.6	-9999	-9999	-9999	-9999
12	4	1.91	7.7	9.8	5.6	0.3	-9999	0.6	-9999	-9999	-9999	-9999
12	5	1.64	3.54	9.3	0.1	0.28	-9999	4.4	-9999	-9999	-9999	-9999
12	6	2.35	0.66	2.65	-1.7	0.23	-9999	6.4	-9999	-9999	-9999	-9999
12	7	1.1	0.16	2.45	-1.45	0.07	-9999	15.2	-9999	-9999	-9999	-9999
12	8	3.04	0.76	3.15	-1.45	0.3	-9999	7.2	-9999	-9999	-9999	-9999
12	9	6.41	5.87	8.4	1.75	0.46	-9999	0	-9999	-9999	-9999	-9999
12	10	1.63	0.32	6.25	-1.2	0.04	-9999	2.3	-9999	-9999	-9999	-9999
12	11	4.84	0.27	2.05	-1.35	0.04	-9999	0	-9999	-9999	-9999	-9999
12	12	4.91	2.65	7.1	-0.4	0.18	-9999	7.7	-9999	-9999	-9999	-9999
12	13	5.27	3.3	6.4	0.1	0.3	-9999	0	-9999	-9999	-9999	-9999
12	14	5.94	6.48	9.05	2.75	0.39	-9999	3.2	-9999	-9999	-9999	-9999
12	15	1.25	1.98	3.2	0.8	0.17	-9999	1.6	-9999	-9999	-9999	-9999
12	16	1.96	2.11	9.85	1.35	0.19	-9999	3.91	-9999	-9999	-9999	-9999
12	17	0.56	-1.45	2.55	-2.6	0.16	-9999	2.4	-9999	-9999	-9999	-9999
12	18	4.59	-1.5	-0.1	-2.65	0.24	-9999	0	-9999	-9999	-9999	-9999
12	19	2.18	-3.85	-2.2	-4.55	0.11	-9999	1.2	-9999	-9999	-9999	-9999
12	20	7.17	-4.02	-2.1	-5.5	0.22	-9999	0	-9999	-9999	-9999	-9999
12	21	0.94	-2.07	-1.4	-3.45	0.01	-9999	20.5	-9999	-9999	-9999	-9999
12	22	0.89	-1.6	-0.05	-2.5	0.01	-9999	10.2	-9999	-9999	-9999	-9999
12	23	1.23	2.6	3.9	-0.25	0.01	-9999	16.2	-9999	-9999	-9999	-9999
12	24	1.38	1.69	3.35	-0.5	0.12	-9999	0.9	-9999	-9999	-9999	-9999
12	25	1.78	-0.53	1.25	-1.65	0.21	-9999	0.3	-9999	-9999	-9999	-9999
12	26	1.73	1.93	2.7	0.4	0.14	-9999	0	-9999	-9999	-9999	-9999
12	27	6.98	1.81	3.75	-0.7	0.08	-9999	0	-9999	-9999	-9999	-9999
12	28	5.54	1.03	6.7	-3.35	0.2	-9999	0	-9999	-9999	-9999	-9999
12	29	0.55	0.88	4.85	-0.7	0.24	-9999	3.6	-9999	-9999	-9999	-9999
12	30	1.11	-1.15	1.35	-2.7	0.17	-9999	10.5	-9999	-9999	-9999	-9999
12	31	2.7	-1.63	0.15	-2.45	0.09	-9999	14.2	-9999	-9999	-9999	-9999

