CASTEL DI SANGRO	TEMPARIA2M_MING	3,8	2,2	1,4	-0,5	-2,6	0,1	-0,4	4,6	4,8	0,3	4,5	-3,5	-3,8	-4	-1,5	-1,7	-0,7	0,3	2,3	4,8	2,5	1,7	-0,4	-1,7	0,3	1,5	1,2	-3,3	-6,1	-6,1	-5,5
CASTEL DI SANGRO	TEMPARIA2M_MAXG	23,2	23,3	23,2	22,6	22,8	20,7	18,8	20,3	15,8	19,4	21,5	22,8	24,7	26,6	28	28,7	28,1	28,1	28,4	28,4	28,5	28,3	29,7	30	27,5	25,7	26,2	26	24	24,4
CASTEL DI SANGRO	TEMPARIA2M_MING	-3,1	-1,9	2,3	4,5	0	-1,3	-0,3	5,7	--	6,2	5,9	9,5	6	2,2	-0,4	1,7	2,3	1,5	2,7	2,3	1,8	2,9	1,9	1,1	4,2	0,6	0,9	-0,3	2,8	1,7
CASTEL DI SANGRO	UMARIA2M_MEDDIU	64,3	45,2	53,9	58,6	47,8	45,1	67,3	52,2	51	48	44,1	35,5	54,2	67,7	76,9	82,5	64	83,3	84,9	65	40,6	33,9	33,4	53	76,3	72,3	58,4	65,9	68,4	93,3	84,6
CASTEL DI SANGRO	RADSOL_TOTG	19926,23	23993,6	15696,17	22064,5	23730,2	17485,82	20088,92	16161	17935,15	9188,36	18136,57	22529,34	18942,3	15060,88	13829,05	16292,7	16811,79	17214,65	16153,25	16470,9	14138,94	18338,03	18152,08	17942,91	17485,8	16672,34	17733,71	10141,3	13309,99	6283,1	16889,26
CASTEL DI SANGRO	UMARIA2M_MEDDIU	78,8	62	47,8	46	66,8	78	65,5	63,9	61,7	59,1	31,1	50,9	68,2	61,5	49,7	63,1	69,7	75,7	61,9	43,9	76,3	71,5	61,8	53,2	35,9	53,2	59,7	60,9
CASTEL DI SANGRO	PREC_TOTG	0	29,8	0	0,4	0,2	1,4	0	0	4,2	0	0	0	0	0	0	0	0	0	0	0	0	0	0	0,8	6,6	0,6	0	0	2,4	2
CASTEL DI SANGRO	PREC_TOTG	0	2,4	10,8	5	1,6	2,8	24,2	1,8	0	0	0	2,8	6,6	0	1,2	0	0,2	3,6	0,2	0	0	0	0	0	6	0	0	18,4	0	0	16,2
CASTEL DI SANGRO	UMARIA2M_MEDDIU	41,3	40,5	64,4	51,3	47,9	30,5	41	48,5	37,5	38,7	45,9	53	53	76,2	76,4	80	64,2	65,4	58,3	64,1	72	72,2	66,3	76,5	76,3	70,6	81	61,2	55	76,8	77,7
CASTEL DI SANGRO	TEMPARIA2M_MAXG	7,9	11,5	14,3	14,2	11	9,6	10,2	13,9	14,2	14,1	14,2	14,6	12,1	12,6	14,5	14,2	13,1	12,1	10,5	12,1	8,9	7,2	12,4	13,4	12,8	12,8	13,9	14,7
CASTEL DI SANGRO	RADSOL_TOTG	7979,78	9149,64	5996,47	4563,2	7390,99	10265,25	10071,58	2851,04	9854,65	8731,28	7995,28	1983,32	4199,06	4888,57	4888,59	5647,81	5523,88	914,19	--	--	--	--	--	--	--	--	--	7143,06	3525,05	3912,42
CASTEL DI SANGRO	TEMPARIA2M_MAXG	17	19,1	16,8	17,5	12,6	18,1	15,7	18	18,7	17,8	17,9	17,3	17	19,3	20,1	20,7	20,9	19,9	16,7	17,9	19,7	21,7	19,2	18,6	18,3	18,7	20,9	--	17,6	18,1	16,6
CASTEL DI SANGRO	TEMPARIA2M_MING	1,9	-1,2	1,4	7,9	3,3	2	4	1,3	6,8	11,5	4,6	2,5	2,5	3,4	5	7,1	8,6	6,5	0,8	-2,3	0,3	12,6	10,6	6,4	6,1	4,9	0,3	--	-0,3	-1,9	3
CASTEL DI SANGRO	PREC_TOTG	0	0,6	1	8,2	0	1,4	4,8	0,6	0	10,4	0,4	0,6	0	0	0	0	0,2	0	0	0	1,8	29,6	1,8	3,6	0	0,2	0	0	1,8	2,2
CASTEL DI SANGRO	UMARIA2M_MEDDIU	44,5	32,8	56,9	84,9	62,7	58,6	62,5	64,6	70,44	83,2	87,2	71,2	45,2	66,3	53,1	59,7	70,7	63,5	66,7	64,4	84	47,3	52,5	56,5	73,6	51,2	74,9	51,2	53,4	46,3
CASTEL DI SANGRO	TEMPARIA2M_MING	9,9	9,8	11,6	13,2	11,7	11	12	11	9,8	11	10,5	9,5	7,6	9,2	9	8,9	9	8,6	8,5	8,7	8,5	9,9	10,6	10,5	10,8	12,1	10,1	9,9	11,1	9,6	8
CASTEL DI SANGRO	UMARIA2M_MEDDIU	72,6	57,7	84,4	72,3	95,1	69,7	82,2	75,9	72,3	94,7	79,1	79,5	75,9	72,8	80,3	81,1	71,9	45,6	70,7	56,6	68,9	62,9	66,5	70,6	69,7	79,8	63,6	74,11	58,5	69,5	87
CASTEL DI SANGRO	UMARIA2M_MEDDIU	42,5	40,9	40,9	74	57,9	52	48	93,2	49,7	63,2	72,9	78,7	73,3	67,4	55,3	47,2	47,7	60,7	73	70,9	60,6	57	52,4	96,4	66,7	89,8	70,3	50,6	64,2	56,2	50,5
CASTEL DI SANGRO	PREC_TOTG	0	0	0	0,4	2,6	0	0	0	21,8	28,8	4,6	0	0	0	0	0	0	0	0	0	0	0	1	0	0	0	0	0	0	0	0
CASTEL DI SANGRO	TEMPARIA2M_MING	-6,7	-13,3	-11,6	-6,1	-8,7	-8,7	-10,2	-10,6	--	-7,9	-7,4	-8,3	-9,1	-6,9	-11,6	-14,5	-3,2	-14,6	-15,9	-13,2	-11,1	-6,3	-9,3	3	-1,1	-3	-3	-0,9	-2	-3,1	-0,2
CASTEL DI SANGRO	UMARIA2M_MEDDIU	73,4	83,2	69,3	83	77,3	90,5	90,1	74,8	85,1	91,2	82,5	87,4	83	72,4	79,6	87,3	81	89,8	60,5	60,3	79,8	67,3	79,7	89,3	93,6	78,8	86,2	90,9	83,4	80,9	92,1
CASTEL DI SANGRO	TEMPARIA2M_MING	-0,5	3,2	2,4	-0,1	-3,3	4,3	4,1	2	1	--	--	1,1	2	-1,2	-1,6	-0,5	-0,9	2,2	-4,4	-9	-9,1	-1,3	-0,7	-0,1	5,7	-0,2	-1,1	2,5	-2	-2	3,8
CASTEL DI SANGRO	PREC_TOTG	0,2	0	0	0	0	0	0	0	0	0	0	0	0	1,6	5,2	14	0,6	0	0	0	0	0	0	13,6	0	0	0	0	0	0	0
CASTEL DI SANGRO	TEMPARIA2M_MAXG	19,3	19	17,3	15,6	13,4	7,2	10,5	5,9	11,8	13,2	15,9	--	14,5	16,7	19,1	19	17,4	14,4	--	--	--	--	--	--	--	--	--	15,2	13,3	9,5
CASTEL DI SANGRO	TEMPARIA2M_MING	3,7	0,8	9,1	5,2	3,7	-4,6	-7,5	0,2	-1,8	-2,6	-3,1	--	6,7	9,7	13,7	13,7	5,1	6,6	--	--	--	--	--	--	--	--	--	0,9	-0,1	-1,5
CASTEL DI SANGRO	TEMPARIA2M_MING	3,4	6,9	7,4	12,1	11,4	12,2	9,7	5,9	4,9	4,2	5,2	5	3,5	5,6	7,5	9,3	10,5	9,6	8,4	9,8	13,1	11,5	10,6	13,7	11,7	11,3	9,7	10,4	13	11,3
CASTEL DI SANGRO	TEMPARIA2M_MAXG	0,7	4,4	0,9	0,2	3,2	6,5	9,5	7,4	--	11,3	10,2	7,8	8,5	1,6	0,3	-0,8	3,9	3,5	6	7,2	7	9,3	10,4	7,9	9	10,9	9,1	15,5	17	11,3	9,5
CASTEL DI SANGRO	PREC_TOTG	0	0	0	2,2	0	0	0,4	57,8	1,8	1,2	6,6	2,2	1,8	0	0	0	0	0	10,4	1,2	2,4	0	0	43,6	3,6	9	0	0,8	0	0	0
CASTEL DI SANGRO	PREC_TOTG	0,2	0	0	0	0	3,4	2,2	0	0	11,4	2,6	0	0	0	2,4	0	0	0	1,2	15,2	2,2	0,6	3,6	0	0	0	0,2	14,8	0,2	2,4	0
CASTEL DI SANGRO	TEMPARIA2M_MAXG	8,3	6,3	10,2	8,7	8,5	6,5	7,8	6,8	3,3	--	--	9,1	9,9	10,5	8,5	10,6	10,2	6,7	5,8	7,9	5,1	11	14,9	10,9	8,5	11,3	10,7	9,3	11	12,6	8,6
CASTEL DI SANGRO	TEMPARIA2M_MAXG	26	29,2	27,6	31,4	30,2	27,1	25,9	25,2	24,2	22,5	20,5	23,4	25	25,5	25,3	25	25,5	25,1	25,7	26,9	25,3	26,1	26,4	26	26	26,4	26,3	21,5	20	19,9	22,9
CASTEL DI SANGRO	PREC_TOTG	0	0	0	0	1,2	2,4	0	4,8	13,2	0	0	0	0	0	0	0	0	0,4	0	0	0	0,4	9	7	0,2	0	0,2	0	0	0	0
CASTEL DI SANGRO	PREC_TOTG	0	0	1,2	53,4	0,6	1,6	0	0	0,2	6,6	11,6	0,2	1,8	0,2	0	0	6,4	0	4	0	5,8	1,4	0,8	9,8	2,6	0	1,8	0	0,2	0
CASTEL DI SANGRO	TEMPARIA2M_MAXG	21,9	22,3	22,7	23,6	22,6	21,2	20,9	21,9	24	21,4	22,5	19,6	16,2	19,2	19,9	19,8	19,6	23,2	24,1	23,9	24,6	16,6	20	17,1	17,1	15,6	15,2	14	13,1	13,8
CASTEL DI SANGRO	TEMPARIA2M_MING	0,3	3,2	10,1	6,4	1,9	0,4	5,8	9,8	6,3	6,7	5,7	7,8	4,3	2,9	3,3	2,9	4,1	5,6	10,3	7,5	4,2	7,4	6,4	11,6	11,7	11,7	9,9	7,2	4,4	4,5	3,8
CASTEL DI SANGRO	PREC_TOTG	0	0	0	0,8	0,8	0	0	2,4	0	0	0	0	0	0	0	0	0,8	44,4	5,8	0	0	3,2	0	0	0	6,8	23,6	0	3,6	2,2
CASTEL DI SANGRO	UMARIA2M_MEDDIU	67,1	63,2	74,5	77,8	73,7	81,5	83,2	72	74,1	82	80,4	80,9	78	72,1	69	68,6	79,1	61,4	60,6	74,7	78,2	98,9	74,7	63,9	75,3	80,3	73,9	69,6	73,9	87,1
CASTEL DI SANGRO	TEMPARIA2M_MING	7,5	8,7	7,8	6,6	8,9	8,4	9,3	6,2	7,3	9,4	7,2	8,9	11,1	6	4,9	4,1	4,1	3,6	5,4	9	9	13,1	10,5	8,6	6,7	2,6	0,4	1,7	5,7	7,9
CASTEL DI SANGRO	TEMPARIA2M_MAXG	17,2	16,9	13,7	6	10,8	15,2	15,7	16,4	--	12,3	11,6	16,8	16,3	13,7	15	14,4	12,1	13	16	15,6	10,3	16,2	16,3	18,4	11,3	17,3	12,9	18,5	19,5	20
CASTEL DI SANGRO	PREC_TOTG	0	0,4	0	0	0	0	0	0	0	0	0	0	0	0,8	4,8	6,4	0,4	6	2,8	0	0	0	0	0	17,8	0	0	0	3,2	14,6	10,6
CASTEL DI SANGRO	UMARIA2M_MEDDIU	49,7	83,5	64,3	71,2	60,7	67,7	59,5	60,1	88,6	69	71,7	58,1	46,9	39,5	43,8	48,5	52,22	44,5	52	54,2	59,5	51,3	40,6	69,6	79,6	71,9	65,9	63,1	82,2	74,8
CASTEL DI SANGRO	TEMPARIA2M_MAXG	20,8	22,9	21,3	16	16,3	18,5	18	13,2	19,4	17,4	21	17,7	19,5	20,5	21,8	21,9	23,2	22,8	18,4	17,5	21,2	22,1	21,7	14,3	21	18,3	21,3	18,6	19,7	22	22,1
CASTEL DI SANGRO	TEMPARIA2M_MAXG	16,5	17,7	17,6	15	20,3	14,5	17,3	12	10,6	12,3	15,3	16,9	17,7	18,9	18,3	18,6	17,9	18,6	15	18,1	20	18,8	7,2	3,3	6,8	8	3,8	6,7	10,3	14,3	17,2
CASTEL DI SANGRO	RADSOL_TOTG	12566,22	15851,14	10613,89	14565,05	17338,61	9506,01	11287,92	12821,87	15486,99	8250,96	11721,76	9707,44	6755,72	17966,13	13914,26	13015,57	9939,87	16199,74	16625,84	11954,19	13379,7	1084,63	10265,26	11404,13	4880,85	7879,07	11938,69	7042,33	12814,15	4725,91
CASTEL DI SANGRO	RADSOL_TOTG	26503,75	12783,17	20546,03	19910,72	12976,84	17090,68	24032,33	23939,35	7452,96	16656,83	17307,61	25682,51	25566,33	27030,58	24822,57	25233,16	24102,05	26883,35	24342,23	22374,4	15370,78	24946,53	25930,44	17462,58	10846,33	20375,58	19686,07	21088,33	16199,76	17439,34
CASTEL DI SANGRO	TEMPARIA2M_MAXG	25	28	28,3	27,8	26,1	26,9	24,1	26,2	29,4	29,5	30,7	30,5	29,3	24,2	24,4	--	24,8	24,2	23,8	25	29,2	30,3	31,2	30	25,6	19,4	20,6	22,2	24,9	23,2	23,9
CASTEL DI SANGRO	TEMPARIA2M_MING	8,6	11,2	15,1	13,1	9,7	6,7	10,9	8,8	8,9	12	11,9	11,1	11,3	11,7	10,3	--	11,3	9,3	11,6	12,1	9,5	9,5	8,6	10,5	10,9	11,3	14,2	12	10,7	10,5	8,8
CASTEL DI SANGRO	UMARIA2M_MEDDIU	79,9	69,1	87,4	83,4	68,5	84,9	57,8	88,2	69	66,7	75,7	78,62	73	60,8	54,8	56,6	75,7	91,6	72,1	--	--	--	56,6	--	--	--	--	76,7	87,6	85,4
CASTEL DI SANGRO	UMARIA2M_MEDDIU	69,1	50,1	52,6	47,4	46,8	51,1	50	63,3	53,7	72,6	60,8	62,2	59,6	62,6	69,3	62,7	66,9	63,1	70	68,9	78,9	71,2	61,8	63,4	62,4	60,5	68,8	84,5	79,6	86,7	69,3
CASTEL DI SANGRO	TEMPARIA2M_MING	-1,3	-2,7	-4,7	-4,2	-4,9	5	1,5	1,3	-2,4	0,7	-3,5	-3,7	4,3	-2,2	0,8	5,5	6,6	4,4	-0,4	-4,3	2,3	-3,6	-4,2	-1,9	-6,1	-0,5	-0,5	3,1
CASTEL DI SANGRO	PREC_TOTG	0,4	0	0	0	0	11,4	0	0	0	0	0	0	0	0	0	1	0	8,4	0	0,2	3,6	1,6	0	0,2	0	0	0	0
CASTEL DI SANGRO	UMARIA2M_MEDDIU	44,5	40,6	43,8	59,2	41,6	54,4	47,1	70,9	83	74,8	16	28,5	36,4	24,1	38,6	52,9	56	52,1	52	67,8	60,8	49,2	58	69,1	48	59,1	66,5	52,9	53,7	34,3	23,1
