Month	n_days	Rg_f	Ta_f	Tmax	Tmin	VPD_f	Ts_f	Precip	SWC	LAI	ET	Litterfall
1	1	3.41452	1.49283	3.327	-1.15	4.20789	5.41635	0	-9999	-9999	-9999	-9999
1	2	2.35828	2.76656	4.9	0.846	2.12543	5.47874	3.4	-9999	-9999	-9999	-9999
1	3	0.657605	4.4281	5.588	2.88	0.123709	5.90015	6	-9999	-9999	-9999	-9999
1	4	0.315119	3.98652	5.338	3.352	0.65229	6.1869	0.6	-9999	-9999	-9999	-9999
1	5	3.17906	4.03327	7.14	-0.098	1.07416	6.11085	0	-9999	-9999	-9999	-9999
1	6	7.68371	1.99312	9.15	-2.496	0.793108	5.12757	0.2	-9999	-9999	-9999	-9999
1	7	6.28044	0.747083	7.65	-3.24	0.823288	4.46699	0.2	-9999	-9999	-9999	-9999
1	8	2.03745	4.4481	7.52	-0.177	0.577693	4.8566	1.6	-9999	-9999	-9999	-9999
1	9	4.87583	5.33085	8.45	3.074	1.2037	5.74038	0	-9999	-9999	-9999	-9999
1	10	2.46504	5.03167	7.04	3.085	1.00999	5.97679	0.2	-9999	-9999	-9999	-9999
1	11	7.61162	4.74931	11.06	0.331	1.55728	5.7649	0.2	-9999	-9999	-9999	-9999
1	12	8.30421	5.13581	12.33	-0.622	2.90305	5.25468	0	-9999	-9999	-9999	-9999
1	13	4.85097	5.0019	10.1	-0.093	2.145	5.23712	0	-9999	-9999	-9999	-9999
1	14	6.62152	10.4237	12.88	7.76	5.15322	6.58022	0	-9999	-9999	-9999	-9999
1	15	3.23881	8.31244	10.29	6.369	3.34038	6.96671	0.6	-9999	-9999	-9999	-9999
1	16	8.31128	6.49081	8.36	4.575	3.72073	6.83774	0	-9999	-9999	-9999	-9999
1	17	8.72336	4.7004	9.12	-0.962	3.4881	5.96504	0	-9999	-9999	-9999	-9999
1	18	8.92071	2.04871	8.28	-3.669	2.49905	4.88102	0	-9999	-9999	-9999	-9999
1	19	4.11819	4.37298	9.46	-1.98	2.74759	4.76608	0	-9999	-9999	-9999	-9999
1	20	7.79037	6.93329	13.07	0.894	4.14049	5.52426	0	-9999	-9999	-9999	-9999
1	21	9.45913	5.59288	12.15	-1.65	3.18425	5.29911	0	-9999	-9999	-9999	-9999
1	22	7.84901	8.49423	11.39	2.013	3.22083	6.76622	0.8	-9999	-9999	-9999	-9999
1	23	0.649411	5.58781	10.05	0.444	0.693827	6.14403	5.8	-9999	-9999	-9999	-9999
1	24	3.53974	9.39312	11.02	8.14	3.73273	7.27403	4	-9999	-9999	-9999	-9999
1	25	9.52722	9.66521	13.22	7.1	4.9439	7.37736	0	-9999	-9999	-9999	-9999
1	26	9.6706	10.9245	17.61	4.823	4.68715	7.57841	0	-9999	-9999	-9999	-9999
1	27	2.97035	10.8652	15.02	4.456	4.99029	7.75529	0	-9999	-9999	-9999	-9999
1	28	9.92036	12.3277	19.39	6.196	6.21454	8.36354	0	-9999	-9999	-9999	-9999
1	29	9.36669	8.54892	15.46	3.51	2.40512	8.06257	0	-9999	-9999	-9999	-9999
1	30	2.12757	7.88921	9.35	6.563	0.430387	8.3975	0.4	-9999	-9999	-9999	-9999
1	31	2.63451	9.17646	11.07	7.83	1.79407	8.70444	0	-9999	-9999	-9999	-9999
2	1	10.268	10.6454	15.29	5.465	5.02815	8.62813	0	-9999	-9999	-9999	-9999
2	2	4.60268	7.96294	11.37	3.351	1.37634	8.28021	0	-9999	-9999	-9999	-9999
2	3	2.29719	9.38271	10.58	8.44	1.20652	8.85688	0.2	-9999	-9999	-9999	-9999
2	4	2.28191	8.74333	9.77	7.84	0.280633	9.20174	27.8	-9999	-9999	-9999	-9999
2	5	1.49521	7.98792	9	7.06	0.338364	9.01931	7.4	-9999	-9999	-9999	-9999
2	6	7.68175	8.21773	9.89	6.714	4.02683	8.54083	1.2	-9999	-9999	-9999	-9999
2	7	11.9328	7.22583	10.24	5.711	5.56649	7.59948	0.2	-9999	-9999	-9999	-9999
2	8	11.3355	10.6694	15.83	3.034	6.60189	7.77352	0	-9999	-9999	-9999	-9999
2	9	10.6406	12.3585	16.26	10.19	6.014	8.97049	0	-9999	-9999	-9999	-9999
2	10	5.78622	11.0065	12.58	9.06	5.30301	9.3909	0	-9999	-9999	-9999	-9999
2	11	12.2371	11.2146	18.56	5.773	5.96279	9.17618	0	-9999	-9999	-9999	-9999
2	12	12.4736	12.7166	19.55	5.856	7.32275	8.98118	0	-9999	-9999	-9999	-9999
2	13	11.4715	11.1806	17.56	5.041	5.3735	9.16931	0	-9999	-9999	-9999	-9999
2	14	6.51573	7.02656	11.42	4.42	3.298	8.91125	0.4	-9999	-9999	-9999	-9999
2	15	2.07642	4.85838	6.596	3.241	1.72657	7.91396	2.4	-9999	-9999	-9999	-9999
2	16	1.94835	3.64137	5.055	2.577	0.575945	7.40959	2.6	-9999	-9999	-9999	-9999
2	17	0.907101	3.42094	4.291	2.68	0.224281	6.95424	21.8	-9999	-9999	-9999	-9999
2	18	13.1659	5.58694	8.23	3.387	2.98706	6.68484	0.2	-9999	-9999	-9999	-9999
2	19	13.7237	6.36983	8.28	5.143	4.03324	6.73078	0	-9999	-9999	-9999	-9999
2	20	1.34638	8.2115	9.87	6.682	3.38872	7.20542	0.4	-9999	-9999	-9999	-9999
2	21	14.1501	5.79608	9.18	2.758	4.75882	7.06685	5.4	-9999	-9999	-9999	-9999
2	22	13.1653	6.77125	10.44	2.225	4.12938	6.49651	0	-9999	-9999	-9999	-9999
2	23	5.98533	10.9644	11.99	9.88	4.25416	8.15701	0	-9999	-9999	-9999	-9999
2	24	10.1136	9.50646	11.14	8.26	5.28385	8.53785	0	-9999	-9999	-9999	-9999
2	25	12.273	10.5104	13.58	8.05	4.69064	8.78611	0	-9999	-9999	-9999	-9999
2	26	11.0394	10.1202	14.97	6.513	3.28068	9.09	0	-9999	-9999	-9999	-9999
2	27	8.107	10.9696	15.4	6.393	3.84338	9.20215	0	-9999	-9999	-9999	-9999
2	28	6.023	9.35958	10.8	7.41	4.43592	9.52174	0	-9999	-9999	-9999	-9999
3	1	0.400883	6.96229	10.19	5.565	1.35086	8.74813	4.2	-9999	-9999	-9999	-9999
3	2	4.76517	7.57846	10.57	3.828	3.30801	8.65667	4	-9999	-9999	-9999	-9999
3	3	15.1481	7.54508	12.78	3.03	4.14003	7.87537	0	-9999	-9999	-9999	-9999
3	4	14.1596	7.70485	14.19	1.012	4.62888	7.55119	0	-9999	-9999	-9999	-9999
3	5	1.87484	7.16077	9.53	5.999	1.52666	8.0009	26.4	-9999	-9999	-9999	-9999
3	6	12.1066	7.81023	10.84	5.592	3.63803	7.88681	2.8	-9999	-9999	-9999	-9999
3	7	14.4384	10.3044	14.36	7.15	4.79797	8.36236	0	-9999	-9999	-9999	-9999
3	8	17.1468	13.2819	19.51	8.51	6.97771	9.11507	0	-9999	-9999	-9999	-9999
3	9	14.8981	11.6569	14	9.33	5.02191	9.51215	0	-9999	-9999	-9999	-9999
3	10	18.189	12.3802	19.49	6.882	8.71081	9.51354	0	-9999	-9999	-9999	-9999
3	11	14.813	9.8505	15.5	4.488	4.54685	9.36257	0	-9999	-9999	-9999	-9999
3	12	0.701773	9.45187	10.34	8.14	1.06714	9.69201	0	-9999	-9999	-9999	-9999
3	13	16.605	10.613	15.42	5.343	5.37942	9.65444	0	-9999	-9999	-9999	-9999
3	14	7.72343	11.0677	12.43	10.08	2.17442	10.2328	3.4	-9999	-9999	-9999	-9999
3	15	5.06649	9.51521	12.28	7.2	1.00043	10.3478	3.4	-9999	-9999	-9999	-9999
3	16	8.96527	10.6279	12.7	9.38	1.76592	10.3701	0	-9999	-9999	-9999	-9999
3	17	11.977	11.0804	15.31	8.06	3.0805	10.5998	0	-9999	-9999	-9999	-9999
3	18	8.88474	10.4933	14.49	7.72	2.01958	10.5409	0.6	-9999	-9999	-9999	-9999
3	19	7.1819	14.129	16.52	8.14	5.02776	10.8577	0.2	-9999	-9999	-9999	-9999
3	20	12.8153	16.6198	18.9	14.98	8.38322	12.0808	0	-9999	-9999	-9999	-9999
3	21	19.742	18.1217	24.42	12.11	12.8195	12.4151	0	-9999	-9999	-9999	-9999
3	22	20.0285	15.8575	19.08	13.33	8.63805	12.894	0	-9999	-9999	-9999	-9999
3	23	20.145	13.695	17.79	8.53	9.85978	12.4758	0	-9999	-9999	-9999	-9999
3	24	21.0436	10.9155	16.31	6.393	9.69833	11.3554	0	-9999	-9999	-9999	-9999
3	25	19.7594	7.61519	14.68	0.701	6.49686	9.955	0	-9999	-9999	-9999	-9999
3	26	20.8497	8.64467	15.95	1.135	7.01713	9.40153	0	-9999	-9999	-9999	-9999
3	27	19.2217	9.12413	14.41	3.709	6.89142	9.27486	0	-9999	-9999	-9999	-9999
3	28	13.4243	7.62823	11.43	3.946	3.58888	9.35125	0.4	-9999	-9999	-9999	-9999
3	29	6.23435	8.01156	10.94	5.319	4.02548	9.38604	0	-9999	-9999	-9999	-9999
3	30	8.16165	8.97525	12.6	5.885	4.10275	9.53542	0	-9999	-9999	-9999	-9999
3	31	17.5176	10.2269	16.69	3.328	4.16078	9.66042	0	-9999	-9999	-9999	-9999
4	1	16.2676	9.1921	15.31	3.856	2.07715	10.0648	0	-9999	-9999	-9999	-9999
4	2	8.20145	9.95625	12.85	7.62	2.48356	10.5285	0	-9999	-9999	-9999	-9999
4	3	6.00699	10.3142	12.77	7.58	3.60162	10.4756	0.4	-9999	-9999	-9999	-9999
4	4	19.4172	12.4798	16.57	10.06	5.96962	10.9193	0.4	-9999	-9999	-9999	-9999
4	5	17.008	13.8235	18.82	10.36	7.40489	11.5416	0	-9999	-9999	-9999	-9999
4	6	10.9547	10.8829	14.53	6.949	2.89012	11.4906	3.8	-9999	-9999	-9999	-9999
4	7	1.63216	9.60125	10.38	8.36	0.802604	10.9561	32.6	-9999	-9999	-9999	-9999
4	8	14.6718	13.2433	17.8	9.69	5.21559	11.408	0	-9999	-9999	-9999	-9999
4	9	9.52143	12.3554	15.43	9.2	2.86499	11.9667	2.2	-9999	-9999	-9999	-9999
4	10	9.82401	7.99542	11.86	3.739	2.995	10.8638	9	-9999	-9999	-9999	-9999
4	11	2.73136	8.13552	9.5	6.602	0.543084	10.1609	16.4	-9999	-9999	-9999	-9999
4	12	13.421	11.8098	16.89	7.9	3.82865	10.8059	1.4	-9999	-9999	-9999	-9999
4	13	5.1827	9.93812	11.09	8.85	4.00887	10.6241	0.2	-9999	-9999	-9999	-9999
4	14	11.9424	9.72956	12.85	6.909	5.51288	10.2924	0	-9999	-9999	-9999	-9999
4	15	13.5488	8.88682	12.508	4.909	5.83664	10.1259	-9999	-9999	-9999	-9999	-9999
4	16	14.0471	11.3571	17.445	5.0682	7.70615	10.6206	-9999	-9999	-9999	-9999	-9999
4	17	16.0865	12.9711	18.04	6.6818	8.61789	11.0227	-9999	-9999	-9999	-9999	-9999
4	18	21.873	13.2457	18.19	6.298	8.7444	11.2047	0	-9999	-9999	-9999	-9999
4	19	24.7359	14.4769	18.53	9.17	10.8285	11.7933	0	-9999	-9999	-9999	-9999
4	20	26.0066	14.0096	19.52	8.84	10.7497	12.0836	0	-9999	-9999	-9999	-9999
4	21	25.6733	14.536	21.03	7.61	10.4539	12.4022	0	-9999	-9999	-9999	-9999
4	22	24.1944	16.0963	22.27	6.72	10.4951	12.733	0	-9999	-9999	-9999	-9999
4	23	16.0091	18.1829	23.29	13.96	13.274	13.5482	0	-9999	-9999	-9999	-9999
4	24	22.8718	19.805	25.38	12.91	14.8869	14.0149	0	-9999	-9999	-9999	-9999
4	25	23.6918	21.2537	27.46	15.46	16.3221	15.1012	0	-9999	-9999	-9999	-9999
4	26	18.7149	16.1948	19.26	12.93	7.48253	15.2526	0	-9999	-9999	-9999	-9999
4	27	24.2515	14.3938	18.84	11.08	9.71042	14.5644	0	-9999	-9999	-9999	-9999
4	28	20.2061	12.7632	18.72	6.191	6.91398	13.7156	0	-9999	-9999	-9999	-9999
4	29	17.5674	13.4596	17.13	10.61	7.19931	13.7981	0	-9999	-9999	-9999	-9999
4	30	26.4086	13.5242	19.44	7.97	6.33964	13.848	0.6	-9999	-9999	-9999	-9999
5	1	1.61875	10.7969	12.01	8.45	0.492016	13.5087	27.2	-9999	-9999	-9999	-9999
5	2	7.95489	10.0269	12.5	8.05	2.37631	12.4116	1.6	-9999	-9999	-9999	-9999
5	3	19.1213	11.3634	15.45	6.972	6.0947	12.0752	0	-9999	-9999	-9999	-9999
5	4	21.009	11.2006	15.17	8.25	6.48423	12.0176	0	-9999	-9999	-9999	-9999
5	5	24.8836	10.8617	14.63	7.28	6.6811	11.9467	0	-9999	-9999	-9999	-9999
5	6	18.6023	9.74327	14.51	3.367	4.88235	11.636	0	-9999	-9999	-9999	-9999
5	7	11.7649	14.2069	18.53	9.18	7.64923	12.3087	0	-9999	-9999	-9999	-9999
5	8	8.26589	13.2475	16.01	11.08	2.47846	12.9711	6.8	-9999	-9999	-9999	-9999
5	9	12.019	12.5327	15.67	10.01	1.86741	13.182	13.6	-9999	-9999	-9999	-9999
5	10	9.18637	11.7169	14.86	9.67	1.80932	12.9215	1	-9999	-9999	-9999	-9999
5	11	26.9526	13.304	16.98	10.76	6.62803	12.7606	0	-9999	-9999	-9999	-9999
5	12	28.3931	15.1129	18.96	11.31	9.22187	13.1299	0	-9999	-9999	-9999	-9999
5	13	25.8485	14.3521	20.27	6.661	6.6984	13.2976	0	-9999	-9999	-9999	-9999
5	14	28.8486	18.495	24.86	11.2	12.3724	14.1833	0	-9999	-9999	-9999	-9999
5	15	28.3809	18.7373	24.94	11.92	12.525	14.8564	0	-9999	-9999	-9999	-9999
5	16	27.8617	17.0525	22.32	11.27	9.50774	15.0803	0	-9999	-9999	-9999	-9999
5	17	20.4695	15.726	20.51	10.2	6.80223	14.961	0	-9999	-9999	-9999	-9999
5	18	3.63464	14.4325	16.31	12.29	5.4882	14.403	2.6	-9999	-9999	-9999	-9999
5	19	28.9106	17.6879	22.53	12.87	10.3873	14.5258	0	-9999	-9999	-9999	-9999
5	20	28.7622	18.6135	24.19	12.97	11.1366	15.3512	0	-9999	-9999	-9999	-9999
5	21	27.4539	15.9715	20.41	11.34	6.65578	15.453	0	-9999	-9999	-9999	-9999
5	22	5.02674	14.7702	16.29	12.93	1.71696	15.2015	9.2	-9999	-9999	-9999	-9999
5	23	21.8215	13.9752	17.42	10.69	5.41333	14.605	12.2	-9999	-9999	-9999	-9999
5	24	29.1025	16.9448	22.09	11.26	10.0142	14.3866	0	-9999	-9999	-9999	-9999
5	25	22.0493	15.7844	18.24	11.9	8.05503	14.9676	0	-9999	-9999	-9999	-9999
5	26	21.5361	14.0365	18.97	10.82	7.4775	14.5244	0	-9999	-9999	-9999	-9999
5	27	22.4155	12.3663	15	10.22	5.87806	14.1481	0	-9999	-9999	-9999	-9999
5	28	23.1372	15.1746	19.97	10.2	8.48573	14.1886	0	-9999	-9999	-9999	-9999
5	29	27.9783	18.291	22.65	14.14	10.3893	15.229	0	-9999	-9999	-9999	-9999
5	30	25.6592	17.8598	23.98	11.27	8.87388	15.6201	0	-9999	-9999	-9999	-9999
5	31	29.2814	20.3294	27.42	12.71	12.2055	16.2141	0	-9999	-9999	-9999	-9999
6	1	21.6074	18.946	23.25	13.55	10.1906	16.4687	0.8	-9999	-9999	-9999	-9999
6	2	27.9602	20.1431	26.9	13.27	10.5833	16.7368	0	-9999	-9999	-9999	-9999
6	3	24.0392	19.1454	25.44	15.25	6.60945	17.118	0	-9999	-9999	-9999	-9999
6	4	14.832	17.6154	22.36	15.31	4.38543	17.0435	13.6	-9999	-9999	-9999	-9999
6	5	18.3636	14.9335	19.43	11.66	4.37879	16.4465	3.6	-9999	-9999	-9999	-9999
6	6	6.8121	11.5767	13.84	9.11	3.90691	14.1175	24	-9999	-9999	-9999	-9999
6	7	27.2528	15.2746	19.19	11.89	8.54067	14.0116	0.2	-9999	-9999	-9999	-9999
6	8	4.88833	12.0375	13.68	11.1	2.69346	14.1151	15.2	-9999	-9999	-9999	-9999
6	9	25.5908	15.0535	18.23	12.12	6.99301	13.7061	3	-9999	-9999	-9999	-9999
6	10	27.1841	15.1631	18.11	12.47	8.08394	14.236	0	-9999	-9999	-9999	-9999
6	11	29.4169	17.8304	22.12	13.17	9.67771	14.8772	0	-9999	-9999	-9999	-9999
6	12	29.5129	19.3754	26.12	11.61	10.3224	15.7715	0	-9999	-9999	-9999	-9999
6	13	28.8698	21.6177	28.78	13.61	10.9237	16.7013	0	-9999	-9999	-9999	-9999
6	14	28.8515	21.8029	27.68	16.11	9.71568	17.6604	0	-9999	-9999	-9999	-9999
6	15	27.9471	21.0338	27.39	15.16	10.0841	18.018	0	-9999	-9999	-9999	-9999
6	16	28.9807	21.3673	27.2	14.17	12.7495	18.059	0	-9999	-9999	-9999	-9999
6	17	29.7249	21.7994	27.95	13.7	14.5467	18.2187	0	-9999	-9999	-9999	-9999
6	18	29.1324	22.22	29.04	13.41	15.2193	18.381	0	-9999	-9999	-9999	-9999
6	19	28.8067	23.3865	30.75	14.89	15.3865	18.8388	0	-9999	-9999	-9999	-9999
6	20	23.8946	24.3031	30.13	17.56	13.607	19.5185	0	-9999	-9999	-9999	-9999
6	21	25.7032	24.4425	30.16	18.38	11.0005	20.0768	0	-9999	-9999	-9999	-9999
6	22	28.8945	26.999	33.72	20.26	16.0461	20.8225	0	-9999	-9999	-9999	-9999
6	23	28.6845	26.0362	32.36	20.65	16.5988	21.1335	0	-9999	-9999	-9999	-9999
6	24	27.3265	23.766	27.16	20.54	11.3117	21.1285	0	-9999	-9999	-9999	-9999
6	25	28.4633	24.8998	30.71	19.15	19.867	20.8971	0	-9999	-9999	-9999	-9999
6	26	29.9431	24.3121	31.29	17	20.3926	20.7234	0	-9999	-9999	-9999	-9999
6	27	26.8478	22.5746	27.79	18.13	12.0438	20.8035	0	-9999	-9999	-9999	-9999
6	28	28.1291	21.5523	25.25	16.27	13.745	20.617	0	-9999	-9999	-9999	-9999
6	29	25.7235	20.296	27.38	13.67	15.875	19.7053	0	-9999	-9999	-9999	-9999
6	30	29.55	21.625	26.97	15.09	16.4778	19.9321	0	-9999	-9999	-9999	-9999
7	1	27.5266	20.8077	25.83	16.74	12.5079	20.0802	0	-9999	-9999	-9999	-9999
7	2	23.5917	19.4212	22.75	14.66	10.0323	19.9828	0	-9999	-9999	-9999	-9999
7	3	22.1131	19.7667	27.53	13.25	11.1866	19.4019	0	-9999	-9999	-9999	-9999
7	4	30.3173	19.5056	24.61	15.05	12.7555	19.4376	0	-9999	-9999	-9999	-9999
7	5	27.8925	20.285	27.47	13.96	13.6519	19.4347	0	-9999	-9999	-9999	-9999
7	6	26.4641	18.4958	22.27	14.91	8.77755	19.0622	5.8	-9999	-9999	-9999	-9999
7	7	29.5987	21.4106	29.05	14.51	14.5933	18.7676	0	-9999	-9999	-9999	-9999
7	8	26.6952	21.1085	26.59	14.32	12.7764	19.1243	0	-9999	-9999	-9999	-9999
7	9	26.616	20.8298	26.38	16.08	10.0666	19.5997	0	-9999	-9999	-9999	-9999
7	10	26.0443	20.4494	25.52	15.97	11.778	19.3383	6.4	-9999	-9999	-9999	-9999
7	11	26.9762	22.6158	27.69	17.77	15.6817	19.3988	0	-9999	-9999	-9999	-9999
7	12	23.1653	23.0021	30.7	18.98	14.7211	19.9082	0.6	-9999	-9999	-9999	-9999
7	13	25.4828	19.384	22.43	16.43	11.2081	19.4312	0	-9999	-9999	-9999	-9999
7	14	15.3205	18.6763	22.35	16.15	10.1444	18.7236	0.4	-9999	-9999	-9999	-9999
7	15	13.9199	19.5544	21.51	18.1	9.41077	18.8024	0	-9999	-9999	-9999	-9999
7	16	8.82228	20.4294	23.11	16.38	8.86391	18.8542	0.6	-9999	-9999	-9999	-9999
7	17	27.3479	22.8002	26.98	19.09	14.607	19.6236	0	-9999	-9999	-9999	-9999
7	18	28.9666	24.4996	30.44	18.92	20.2733	20.4004	0	-9999	-9999	-9999	-9999
7	19	28.9795	23.4438	29.51	15.75	17.9111	20.5583	0	-9999	-9999	-9999	-9999
7	20	27.1672	23.1192	31.21	15.57	14.9753	20.721	0	-9999	-9999	-9999	-9999
7	21	23.5044	24.3671	30.35	18.51	12.2068	21.4128	0	-9999	-9999	-9999	-9999
7	22	26.7011	25.531	31.61	19.07	17.1223	21.8372	0	-9999	-9999	-9999	-9999
7	23	26.6517	25.5512	31.13	18.57	20.2473	21.9183	0.2	-9999	-9999	-9999	-9999
7	24	23.9157	20.2908	23.39	16.32	10.9342	21.4315	0.2	-9999	-9999	-9999	-9999
7	25	24.9512	21.1727	25.75	17.41	13.0299	20.8599	0	-9999	-9999	-9999	-9999
7	26	27.4611	24.5058	31.34	18.8	18.848	21.3564	0	-9999	-9999	-9999	-9999
7	27	26.9517	23.4688	29.29	17.04	14.9654	21.5883	0	-9999	-9999	-9999	-9999
7	28	24.4815	23.5638	30.36	17.43	12.1795	21.7201	0.2	-9999	-9999	-9999	-9999
7	29	20.5891	24.4335	31.53	18.35	13.2146	22.0256	0	-9999	-9999	-9999	-9999
7	30	24.1264	24.3296	30.89	19.33	14.0128	22.1694	0	-9999	-9999	-9999	-9999
7	31	25.2667	21.2298	24.62	17.08	11.7161	21.8597	0	-9999	-9999	-9999	-9999
8	1	26.7306	19.5725	24.84	13.93	12.6596	20.4058	5.6	-9999	-9999	-9999	-9999
8	2	26.3462	20.6125	25.54	14.08	14.5619	19.8313	0	-9999	-9999	-9999	-9999
8	3	25.2636	21.1948	27.53	13.44	13.212	19.8004	0.4	-9999	-9999	-9999	-9999
8	4	24.7964	23.6108	28.75	18.39	15.9433	20.7096	0	-9999	-9999	-9999	-9999
8	5	23.8433	22.2542	28.17	16.25	13.1626	21.0026	0	-9999	-9999	-9999	-9999
8	6	19.4435	20.1219	23.16	17.04	9.92507	20.265	2	-9999	-9999	-9999	-9999
8	7	23.9528	21.2023	24.77	17.37	12.1029	20.039	0	-9999	-9999	-9999	-9999
8	8	15.7192	20.7479	24.72	17.77	11.6323	20.1728	0	-9999	-9999	-9999	-9999
8	9	15.5882	18.3167	21.84	14.89	8.94363	19.8031	0	-9999	-9999	-9999	-9999
8	10	20.6139	17.0794	20.58	14.44	9.90518	19.1508	0	-9999	-9999	-9999	-9999
8	11	24.5255	17.7719	21.83	14.33	9.68623	18.884	0.6	-9999	-9999	-9999	-9999
8	12	22.5047	18.6121	22.35	15.6	9.37973	19.1272	0	-9999	-9999	-9999	-9999
8	13	25.941	22.5704	29.53	16.33	16.7179	19.6341	0	-9999	-9999	-9999	-9999
8	14	25.765	22.2538	29.87	14.12	15.5838	20.1276	0	-9999	-9999	-9999	-9999
8	15	24.9348	24.6321	32.45	15.11	17.7469	20.6174	0	-9999	-9999	-9999	-9999
8	16	25.0475	26.4587	32.47	22.18	20.5537	21.8769	0	-9999	-9999	-9999	-9999
8	17	24.2344	25.3273	31.75	19.62	18.6574	22.0396	0	-9999	-9999	-9999	-9999
8	18	23.6236	22.4108	28.85	16.6	12.2234	21.7326	0	-9999	-9999	-9999	-9999
8	19	12.5582	20.841	25.45	17.23	5.49815	21.3169	0	-9999	-9999	-9999	-9999
8	20	16.7755	22.19	26.87	17.01	8.90774	21.0396	0	-9999	-9999	-9999	-9999
8	21	23.8815	24.4354	29.42	19.98	18.3471	21.2422	0	-9999	-9999	-9999	-9999
8	22	11.1355	20.4396	26.27	16.66	10.3373	20.9138	0.2	-9999	-9999	-9999	-9999
8	23	18.8878	20.7756	27.69	15.04	11.5263	20.5666	0.2	-9999	-9999	-9999	-9999
8	24	3.79149	17.1658	19.03	15.09	1.95806	19.7899	18.8	-9999	-9999	-9999	-9999
8	25	7.53321	18.5985	23.9	16.42	3.07664	19.3899	61.8	-9999	-9999	-9999	-9999
8	26	13.8984	17.3679	22.73	15.58	2.5028	19.1163	2.6	-9999	-9999	-9999	-9999
8	27	14.8308	19.36	23.91	14.92	8.89555	18.8139	0.2	-9999	-9999	-9999	-9999
8	28	18.4455	19.9152	24.32	16.18	10.0231	18.6941	0	-9999	-9999	-9999	-9999
8	29	22.9034	21.445	25.21	17.95	10.4843	19.0509	0	-9999	-9999	-9999	-9999
8	30	20.1977	22.6812	27.46	18.62	11.2686	19.7387	0	-9999	-9999	-9999	-9999
8	31	9.61105	20.6569	26.1	16.08	7.67157	19.6651	0.4	-9999	-9999	-9999	-9999
9	1	20.9223	21.4677	25.67	17.21	12.5457	19.5517	0	-9999	-9999	-9999	-9999
9	2	13.4315	18.5748	23.07	15.03	6.72462	19.1797	0	-9999	-9999	-9999	-9999
9	3	13.802	19.0833	23.38	15.96	4.08158	19.2731	0	-9999	-9999	-9999	-9999
9	4	17.0335	19.326	24.19	15.34	6.73296	19.3947	0	-9999	-9999	-9999	-9999
9	5	10.0391	17.4865	20.94	15.9	5.43485	18.921	3.2	-9999	-9999	-9999	-9999
9	6	16.4454	18.2223	22.28	15.51	8.93859	18.1094	0	-9999	-9999	-9999	-9999
9	7	19.7903	17.9135	22.83	12.33	7.86675	18.0853	0	-9999	-9999	-9999	-9999
9	8	2.71439	16.5227	19.53	14.65	1.42383	18.0037	35.8	-9999	-9999	-9999	-9999
9	9	12.9032	18.9212	21.87	16.04	5.03018	18.4964	4	-9999	-9999	-9999	-9999
9	10	21.1457	18.8744	23.3	15.5	10.9254	17.814	0	-9999	-9999	-9999	-9999
9	11	20.8275	18.1942	23.87	12.14	11.1423	17.4789	0	-9999	-9999	-9999	-9999
9	12	18.1568	15.14	21.67	9.23	5.99182	16.9088	0	-9999	-9999	-9999	-9999
9	13	7.15886	14.8567	17.3	12.84	3.05532	16.9089	0.6	-9999	-9999	-9999	-9999
9	14	19.6257	17.2208	23.37	11.29	5.94575	16.9059	0	-9999	-9999	-9999	-9999
9	15	20.6991	18.7125	25.91	11.02	10.2996	17.0392	0	-9999	-9999	-9999	-9999
9	16	17.5471	16.4852	22.08	10.16	5.77772	16.9338	0	-9999	-9999	-9999	-9999
9	17	1.28183	16.5946	18.54	14.5	0.938344	17.1861	3	-9999	-9999	-9999	-9999
9	18	2.98741	18.3308	19.47	17.37	0.956435	17.776	3.2	-9999	-9999	-9999	-9999
9	19	12.1181	19.2406	22.37	17.12	2.43626	18.2721	0.2	-9999	-9999	-9999	-9999
9	20	14.5001	19.544	24.7	16.09	3.6346	18.5097	0.2	-9999	-9999	-9999	-9999
9	21	5.48897	18.5208	21.49	16.01	3.61858	18.4903	0	-9999	-9999	-9999	-9999
9	22	16.8707	18.6771	22.71	12.88	9.46998	18.2389	0	-9999	-9999	-9999	-9999
9	23	18.8492	14.1744	17.49	12.12	8.51857	16.7495	0	-9999	-9999	-9999	-9999
9	24	18.6411	12.0033	14.84	10.06	6.74352	15.4804	0	-9999	-9999	-9999	-9999
9	25	18.8755	12.8056	17.18	8.84	8.96824	14.851	0	-9999	-9999	-9999	-9999
9	26	18.1192	14.9985	19.72	9.13	8.87634	14.8368	0	-9999	-9999	-9999	-9999
9	27	17.7253	15.0485	19.51	11.08	8.90853	15.4011	0	-9999	-9999	-9999	-9999
9	28	18.0294	14.6106	20.65	8	8.49057	14.9599	0	-9999	-9999	-9999	-9999
9	29	17.6175	13.4254	19.9	6.797	6.54462	14.7531	0	-9999	-9999	-9999	-9999
9	30	9.90404	13.3317	17.64	8.23	3.64297	14.8551	0	-9999	-9999	-9999	-9999
10	1	4.55359	14.2771	17.43	10.87	3.55607	15.4085	0	-9999	-9999	-9999	-9999
10	2	12.266	13.8721	18.09	10.09	4.77694	15.2595	0	-9999	-9999	-9999	-9999
10	3	14.5672	15.0121	21.12	9.85	5.15422	15.2991	0	-9999	-9999	-9999	-9999
10	4	11.2457	17.8123	22.69	12.22	8.62771	15.5988	0	-9999	-9999	-9999	-9999
10	5	16.7729	15.7463	22.32	8.98	9.10983	15.3818	0	-9999	-9999	-9999	-9999
10	6	16.1742	16.0231	21.95	8.07	10.016	15.0893	0	-9999	-9999	-9999	-9999
10	7	16.5147	14.6587	19.83	9.38	8.26387	15.2672	0	-9999	-9999	-9999	-9999
10	8	13.3932	12.2967	17.65	6.082	3.82504	14.6156	0	-9999	-9999	-9999	-9999
10	9	0.572269	13.6062	14.8	11.88	0.729666	14.8462	125	-9999	-9999	-9999	-9999
10	10	2.3658	13.2363	14.23	12.3	1.0229	14.7302	30.2	-9999	-9999	-9999	-9999
10	11	6.37388	15.1423	16.98	13.35	5.27367	14.5412	0.8	-9999	-9999	-9999	-9999
10	12	12.2605	15.7196	19.71	11.97	7.03111	14.714	0	-9999	-9999	-9999	-9999
10	13	14.6474	14.6096	19.65	9.47	8.35778	14.257	0	-9999	-9999	-9999	-9999
10	14	13.7173	15.775	20.85	10.19	5.61719	14.465	0	-9999	-9999	-9999	-9999
10	15	7.00945	16.6308	19.64	14.87	2.19387	15.4763	0	-9999	-9999	-9999	-9999
10	16	5.69685	17.1056	18.95	15.85	1.7765	16.1471	0	-9999	-9999	-9999	-9999
10	17	5.54249	13.524	16.31	9.95	5.17353	15.6458	0.2	-9999	-9999	-9999	-9999
10	18	13.9889	11.744	15.84	8.66	5.25876	14.3272	0	-9999	-9999	-9999	-9999
10	19	11.8297	10.9653	16.4	6.939	4.51606	13.6533	0	-9999	-9999	-9999	-9999
10	20	1.97402	10.6426	15.52	6.012	2.26851	13.1145	0	-9999	-9999	-9999	-9999
10	21	0.375332	13.869	16.52	11.34	0.600074	14.0076	22.6	-9999	-9999	-9999	-9999
10	22	11.6768	15.2694	20.06	12.25	2.79108	14.5912	0.6	-9999	-9999	-9999	-9999
10	23	6.97704	13.4458	15.36	10.68	5.03152	14.2574	0.8	-9999	-9999	-9999	-9999
10	24	9.60502	11.5419	14.29	8.9	3.71648	13.474	0	-9999	-9999	-9999	-9999
10	25	7.19346	13.5204	17.44	9.68	2.41573	13.796	1.2	-9999	-9999	-9999	-9999
10	26	10.6969	16.3873	20.17	11.03	5.60405	14.4967	0	-9999	-9999	-9999	-9999
10	27	11.9386	14.3065	20.6	8.53	5.04738	14.0785	0.2	-9999	-9999	-9999	-9999
10	28	12.7424	12.4594	17.59	7.3	7.95208	13.5427	0	-9999	-9999	-9999	-9999
10	29	8.71577	11.5852	16.09	5.774	3.98764	12.7113	0	-9999	-9999	-9999	-9999
10	30	2.57256	14.0877	16.08	12.61	1.36521	13.8823	0.6	-9999	-9999	-9999	-9999
10	31	9.74962	14.8656	18.84	12.16	4.10084	14.1787	0.2	-9999	-9999	-9999	-9999
11	1	10.7023	13.6929	17.64	8.55	3.99717	13.7935	0	-9999	-9999	-9999	-9999
11	2	9.45395	15.4148	19.71	9.58	5.64158	13.817	0	-9999	-9999	-9999	-9999
11	3	7.43231	15.721	18.81	11.38	6.35692	14.382	1	-9999	-9999	-9999	-9999
11	4	9.2698	11.7002	13.88	10.22	5.61977	13.4403	0	-9999	-9999	-9999	-9999
11	5	11.27	10.8509	14.83	6.171	6.80814	12.7033	0	-9999	-9999	-9999	-9999
11	6	10.8995	9.68706	15.06	5.882	5.30831	11.7264	4.6	-9999	-9999	-9999	-9999
11	7	8.55847	9.60667	11.07	7.17	4.7675	11.4251	1	-9999	-9999	-9999	-9999
11	8	10.5668	8.74027	11.54	6.442	4.72203	10.6874	0	-9999	-9999	-9999	-9999
11	9	5.66412	12.689	16.54	6.879	4.44027	11.5418	0.8	-9999	-9999	-9999	-9999
11	10	7.67756	15.895	18.45	14.24	5.59649	13.018	0	-9999	-9999	-9999	-9999
11	11	5.52312	13.9492	16.31	10.18	5.75501	13.4174	0	-9999	-9999	-9999	-9999
11	12	8.33764	9.62173	13.94	4.427	3.28135	12.2808	0.8	-9999	-9999	-9999	-9999
11	13	7.1018	11.7392	15.2	8.51	1.86594	12.2919	0.2	-9999	-9999	-9999	-9999
11	14	5.83058	13.0198	15.05	11.3	2.6705	12.9204	12.8	-9999	-9999	-9999	-9999
11	15	2.96237	11.0448	12.75	9.82	0.885275	12.7981	5.8	-9999	-9999	-9999	-9999
11	16	4.94685	10.2515	13.08	8.73	0.777193	12.5317	0	-9999	-9999	-9999	-9999
11	17	7.5423	10.0815	14.25	6.416	1.91892	12.2151	0	-9999	-9999	-9999	-9999
11	18	9.32332	9.46031	13.31	5.123	3.92298	11.2478	0	-9999	-9999	-9999	-9999
11	19	8.52922	7.41456	11.81	2.526	2.50602	10.3694	0.2	-9999	-9999	-9999	-9999
11	20	1.94073	10.7944	13.55	7.66	0.695409	11.0642	24.4	-9999	-9999	-9999	-9999
11	21	0.77612	10.4629	12.05	7.77	1.72466	11.8212	7.8	-9999	-9999	-9999	-9999
11	22	8.79976	8.35973	12.96	4.946	2.90402	10.5537	0	-9999	-9999	-9999	-9999
11	23	3.78621	10.2784	14.26	3.888	1.53977	10.454	0	-9999	-9999	-9999	-9999
11	24	0.711392	12.6304	13.62	10.48	0.545046	12.0508	29.2	-9999	-9999	-9999	-9999
11	25	2.28864	9.49458	10.9	7.86	1.29567	11.7511	1.6	-9999	-9999	-9999	-9999
11	26	6.98013	9.64548	13.79	5.162	4.18549	10.9569	0	-9999	-9999	-9999	-9999
11	27	8.40433	8.35556	15	2.899	2.12107	10.0139	0	-9999	-9999	-9999	-9999
11	28	0.760032	9.69392	12.62	6.824	1.35933	10.4641	12.8	-9999	-9999	-9999	-9999
11	29	4.3863	8.95237	11.85	6.756	3.35075	10.4107	0	-9999	-9999	-9999	-9999
11	30	8.04765	8.78146	10.75	7.33	4.46961	9.78938	0.4	-9999	-9999	-9999	-9999
12	1	1.61423	7.19712	9.5	6.096	1.97204	9.55736	8.8	-9999	-9999	-9999	-9999
12	2	4.06326	7.933	9.53	6.562	3.64433	9.36653	0.2	-9999	-9999	-9999	-9999
12	3	8.09225	7.59294	10.2	5.954	4.30671	8.85125	0	-9999	-9999	-9999	-9999
12	4	8.84548	7.26665	9.29	5.543	4.06439	8.5934	0	-9999	-9999	-9999	-9999
12	5	5.66744	6.93337	8.78	5.889	3.69028	8.47535	1.6	-9999	-9999	-9999	-9999
12	6	7.3709	7.61656	10.36	5.974	4.2456	8.49736	0	-9999	-9999	-9999	-9999
12	7	7.62517	5.92852	8.54	3.868	3.71613	8.27958	0	-9999	-9999	-9999	-9999
12	8	6.90764	4.46629	8.66	1.212	2.57258	7.534	0	-9999	-9999	-9999	-9999
12	9	0.599148	2.73035	6.864	-0.828	0.479331	6.88665	37.2	-9999	-9999	-9999	-9999
12	10	0.161262	4.81625	7.25	3.513	0.406267	7.11988	98.2	-9999	-9999	-9999	-9999
12	11	0.270493	6.47002	8.79	4.338	0.0794358	6.87902	94.4	-9999	-9999	-9999	-9999
12	12	0.944188	6.38823	7.21	3.464	0.0735028	7.31647	76.6	-9999	-9999	-9999	-9999
12	13	6.71074	5.66471	12.14	0.91	0.98856	6.77254	0.4	-9999	-9999	-9999	-9999
12	14	0.609894	6.62571	9.93	2.573	0.181081	6.95683	56.8	-9999	-9999	-9999	-9999
12	15	5.75383	9.52688	12.27	7.02	3.22083	8.01208	0.2	-9999	-9999	-9999	-9999
12	16	5.18902	7.86575	11.33	3.493	2.66491	7.68451	0	-9999	-9999	-9999	-9999
12	17	2.74908	7.45973	9.79	4.696	1.8984	7.70951	0	-9999	-9999	-9999	-9999
12	18	5.34433	8.30629	12.89	6.237	2.46877	8.18271	0	-9999	-9999	-9999	-9999
12	19	2.72173	7.31298	10.1	5.848	2.25877	8.06361	0	-9999	-9999	-9999	-9999
12	20	1.09736	6.6106	7.79	5.821	1.04285	8.00056	0.8	-9999	-9999	-9999	-9999
12	21	6.19521	7.35788	12.67	2.573	0.842859	7.89424	0.4	-9999	-9999	-9999	-9999
12	22	5.04268	8.18373	11.6	5.135	0.855911	8.08757	0	-9999	-9999	-9999	-9999
12	23	2.06719	7.04506	9.43	4.599	0.0707888	8.28111	0.4	-9999	-9999	-9999	-9999
12	24	3.51481	8.52746	12.76	6.562	0.594868	8.56431	0	-9999	-9999	-9999	-9999
12	25	5.97204	9.59519	13.76	4.83	3.27961	8.38792	0.2	-9999	-9999	-9999	-9999
12	26	1.17271	7.3834	9.01	5.594	0.861246	8.38618	1	-9999	-9999	-9999	-9999
12	27	0.495614	10.6492	12.29	7.04	0.604054	9.37583	4	-9999	-9999	-9999	-9999
12	28	2.75774	9.86731	12.27	6.712	3.52768	9.26437	0.2	-9999	-9999	-9999	-9999
12	29	3.53429	10.3156	11.87	8.14	3.39602	9.15111	0	-9999	-9999	-9999	-9999
12	30	1.92344	8.07502	10.98	6.087	1.34889	8.95639	0.2	-9999	-9999	-9999	-9999
12	31	4.88308	10.7319	12.17	9.74	4.97641	9.17604	0	-9999	-9999	-9999	-9999
