Month	n_days	Rg_f	Ta_f	Tmax	Tmin	VPD_f	Ts_f	Precip	SWC	LAI	ET	Litterfall
1	1	2.85361	2.93454	5.357	0.765	2.32368	5.43197	1.8	-9999	-9999	-9999	-9999
1	2	3.41633	5.62925	6.992	3.23	3.32223	5.61846	0.6	-9999	-9999	-9999	-9999
1	3	7.79735	2.29906	4.207	-1.88	3.17791	5.2764	0	-9999	-9999	-9999	-9999
1	4	7.88769	1.80673	6.007	-2.442	3.73656	4.31478	0	-9999	-9999	-9999	-9999
1	5	7.93134	5.5924	10.71	0.628	4.29197	4.81149	0	-9999	-9999	-9999	-9999
1	6	6.17163	1.97519	7.98	-2.113	1.96177	4.41768	0	-9999	-9999	-9999	-9999
1	7	6.12933	2.07892	8.82	-2.819	1.14545	4.30784	0	-9999	-9999	-9999	-9999
1	8	4.29054	3.70925	6.824	-0.487	1.23717	4.82351	1.2	-9999	-9999	-9999	-9999
1	9	2.75108	9.99563	12.78	4.427	2.9601	6.44599	1.8	-9999	-9999	-9999	-9999
1	10	6.31956	10.4009	15.45	6.664	2.58037	7.39838	3.6	-9999	-9999	-9999	-9999
1	11	3.66001	13.6587	15.79	11.13	3.96907	8.7166	0	-9999	-9999	-9999	-9999
1	12	2.67303	11.7921	14.68	9.01	3.5502	9.13979	0.8	-9999	-9999	-9999	-9999
1	13	6.34732	14.7992	17.59	11.69	5.82213	9.94035	0.6	-9999	-9999	-9999	-9999
1	14	1.64673	10.3884	14.63	6.116	4.27617	9.87097	3.2	-9999	-9999	-9999	-9999
1	15	6.10997	5.97335	8.08	1.368	3.89009	8.05534	2.6	-9999	-9999	-9999	-9999
1	16	5.27419	4.2886	8.77	-0.135	1.78709	6.93513	1.2	-9999	-9999	-9999	-9999
1	17	3.07255	7.61856	10.2	5.318	2.28086	7.5809	9.4	-9999	-9999	-9999	-9999
1	18	4.04018	5.47554	6.339	4.066	3.9251	6.86934	1.4	-9999	-9999	-9999	-9999
1	19	8.90743	4.68065	9.54	2.117	5.26997	5.92551	0	-9999	-9999	-9999	-9999
1	20	3.55054	7.39725	9.18	3.962	3.45874	6.46056	0.8	-9999	-9999	-9999	-9999
1	21	9.30323	10.1681	11.92	8.77	4.64377	7.6659	0	-9999	-9999	-9999	-9999
1	22	8.39031	9.71167	12.42	8.09	4.73369	8.23993	0	-9999	-9999	-9999	-9999
1	23	3.15788	5.97698	7.93	4.034	1.13698	7.99563	1	-9999	-9999	-9999	-9999
1	24	2.28336	5.7845	10.43	3.202	0.965681	7.66563	4.4	-9999	-9999	-9999	-9999
1	25	6.3594	5.98771	9.24	3.384	4.13574	7.21803	0	-9999	-9999	-9999	-9999
1	26	1.34819	2.5136	7.46	-0.374	0.784657	5.63246	25.6	-9999	-9999	-9999	-9999
1	27	5.66536	3.88242	5.639	1.793	3.28691	5.50945	0	-9999	-9999	-9999	-9999
1	28	6.85598	2.72998	4.457	1.049	2.84168	4.87821	0.2	-9999	-9999	-9999	-9999
1	29	10.1941	2.47908	4.933	-1.911	3.44654	4.59462	1.8	-9999	-9999	-9999	-9999
1	30	9.17945	0.405896	6.242	-6.277	2.77514	3.59513	0	-9999	-9999	-9999	-9999
1	31	0.740817	6.38556	8.96	2.91	0.111447	5.20691	6.2	-9999	-9999	-9999	-9999
2	1	9.1013	8.84494	15.29	4.9	1.52895	6.63922	0.2	-9999	-9999	-9999	-9999
2	2	9.87043	5.61279	10.88	1.757	0.277334	6.48228	0.4	-9999	-9999	-9999	-9999
2	3	10.8954	4.54021	11.2	0.854	0.641517	6.41048	0.4	-9999	-9999	-9999	-9999
2	4	4.01323	3.76177	5.961	-0.486	0.0501244	5.95833	0.2	-9999	-9999	-9999	-9999
2	5	5.36671	5.23256	9.46	2.298	0.349354	6.51844	0.2	-9999	-9999	-9999	-9999
2	6	2.4163	3.60763	6.159	0.102	0.046746	5.94727	0.4	-9999	-9999	-9999	-9999
2	7	8.29668	8.6226	12.65	4.477	2.97027	6.97773	0.2	-9999	-9999	-9999	-9999
2	8	9.91933	7.54665	10.1	5.164	4.37765	6.90415	0	-9999	-9999	-9999	-9999
2	9	12.0589	8.0271	13.7	4.435	6.25945	6.70601	0	-9999	-9999	-9999	-9999
2	10	11.7708	6.4026	13.43	0.343	5.71137	5.82539	0	-9999	-9999	-9999	-9999
2	11	10.0971	8.33787	15.08	-0.269	6.53569	5.8884	0	-9999	-9999	-9999	-9999
2	12	12.3337	10.6613	17.16	5.92	7.2446	7.05734	0	-9999	-9999	-9999	-9999
2	13	12.3734	6.77083	12.42	1.23	3.77306	6.73732	0	-9999	-9999	-9999	-9999
2	14	10.2806	5.44202	11.74	-0.147	1.89781	6.42059	0	-9999	-9999	-9999	-9999
2	15	12.8353	8.64404	11.94	3.101	4.64556	6.77537	0	-9999	-9999	-9999	-9999
2	16	7.62395	5.97452	9.15	2.424	3.43853	6.95531	0	-9999	-9999	-9999	-9999
2	17	6.08218	6.68337	9.78	3.33	3.84863	6.63322	0	-9999	-9999	-9999	-9999
2	18	3.16975	5.91625	6.96	4.362	3.23646	6.82592	0	-9999	-9999	-9999	-9999
2	19	10.7018	3.3556	7.25	-0.226	3.63727	6.22952	0	-9999	-9999	-9999	-9999
2	20	6.05607	2.92506	7.09	-1.476	0.883626	5.59392	14.4	-9999	-9999	-9999	-9999
2	21	0.559224	8.43448	10.35	5.094	0.205482	6.83089	30.2	-9999	-9999	-9999	-9999
2	22	1.72568	9.5475	10	8.69	1.50959	8.22556	19.4	-9999	-9999	-9999	-9999
2	23	7.25626	6.03679	9.31	0.68	3.6915	7.67722	0	-9999	-9999	-9999	-9999
2	24	13.4183	3.46285	9.08	-0.297	4.79766	5.97486	0	-9999	-9999	-9999	-9999
2	25	5.56171	2.87519	6.636	-0.639	2.373	5.57774	0	-9999	-9999	-9999	-9999
2	26	7.00583	4.21263	7.8	0.337	3.25015	6.0161	0	-9999	-9999	-9999	-9999
2	27	8.9917	1.53129	3.617	-1.001	2.98642	5.17506	0	-9999	-9999	-9999	-9999
2	28	13.2115	2.11929	5.028	-0.686	3.55045	4.73999	0	-9999	-9999	-9999	-9999
3	1	13.9884	2.20675	6.542	-0.629	4.3229	4.23254	0	-9999	-9999	-9999	-9999
3	2	15.3778	3.45271	9.38	-1.539	4.74369	4.17221	0	-9999	-9999	-9999	-9999
3	3	16.2295	8.07867	15.11	0.048	6.97692	4.99838	0	-9999	-9999	-9999	-9999
3	4	9.25097	10.4371	15.36	3.509	8.02549	6.11496	0	-9999	-9999	-9999	-9999
3	5	8.09053	12.3173	14.82	9.71	5.9458	7.68452	0	-9999	-9999	-9999	-9999
3	6	2.44584	8.19104	11.01	5.767	1.57735	8.04361	16.6	-9999	-9999	-9999	-9999
3	7	12.0592	6.65094	8.68	4.828	4.28441	7.0872	0.2	-9999	-9999	-9999	-9999
3	8	15.2026	6.53481	10.27	3.851	4.94003	6.58129	0	-9999	-9999	-9999	-9999
3	9	17.4036	6.43837	12.44	1.743	5.9483	6.38254	0	-9999	-9999	-9999	-9999
3	10	16.0269	3.02244	8.34	-2.995	3.15606	5.69356	0	-9999	-9999	-9999	-9999
3	11	17.5568	3.21983	9.38	-2.213	4.58613	5.26069	0	-9999	-9999	-9999	-9999
3	12	0.14022	5.93673	9.15	1.449	0.932276	5.88164	18.2	-9999	-9999	-9999	-9999
3	13	0.630196	7.37502	8.25	6.28	0.247398	7.09291	15	-9999	-9999	-9999	-9999
3	14	3.65685	8.3589	11.44	5.937	0.703126	7.54375	0.4	-9999	-9999	-9999	-9999
3	15	18.3429	10.5978	19.87	2.53	4.31918	7.81126	0.2	-9999	-9999	-9999	-9999
3	16	16.7158	11.9341	18.45	4.922	5.55428	8.39417	0	-9999	-9999	-9999	-9999
3	17	17.2798	11.8233	19.89	4.761	6.08084	8.66049	0	-9999	-9999	-9999	-9999
3	18	5.6388	7.7011	11.32	4.082	1.14447	8.45813	0	-9999	-9999	-9999	-9999
3	19	17.7414	12.8711	17.64	5.29	6.21981	8.79785	0.2	-9999	-9999	-9999	-9999
3	20	13.7336	13.5527	16.04	11.62	5.45448	10.0528	0	-9999	-9999	-9999	-9999
3	21	13.3341	11.9281	14.91	7.93	5.5447	10.2608	0	-9999	-9999	-9999	-9999
3	22	14.7321	7.61838	10.94	5.052	4.13483	9.3541	0	-9999	-9999	-9999	-9999
3	23	12.6565	6.12877	9.21	4.144	4.31099	8.22681	0.2	-9999	-9999	-9999	-9999
3	24	18.5778	6.47508	9.88	3.037	4.8699	7.63249	0	-9999	-9999	-9999	-9999
3	25	18.596	6.48327	9.8	3.597	5.01467	7.76433	0	-9999	-9999	-9999	-9999
3	26	17.5214	6.14619	11.04	2.633	4.91773	7.53931	0	-9999	-9999	-9999	-9999
3	27	20.8341	5.00781	9.74	1.447	4.79658	7.25222	0	-9999	-9999	-9999	-9999
3	28	15.8122	7.22638	13.74	1.347	4.29195	7.34708	0	-9999	-9999	-9999	-9999
3	29	21.1959	10.3432	17.12	3.709	6.62001	8.16	0	-9999	-9999	-9999	-9999
3	30	1.38277	8.07544	9.25	6.053	1.22292	8.41965	58.6	-9999	-9999	-9999	-9999
3	31	2.61251	9.90104	10.94	8.4	0.438111	9.04354	38	-9999	-9999	-9999	-9999
4	1	9.92742	10.3392	13.32	8.8	1.09566	9.60042	0.4	-9999	-9999	-9999	-9999
4	2	0.885901	9.0284	10.63	5.966	0.221429	9.75132	20.6	-9999	-9999	-9999	-9999
4	3	21.8994	11.0648	16.48	2.971	5.91054	8.98542	0.2	-9999	-9999	-9999	-9999
4	4	20.6651	14.1538	19.71	7.71	7.95444	9.65806	0	-9999	-9999	-9999	-9999
4	5	21.7397	13.335	16.33	10.56	7.40661	10.5578	0	-9999	-9999	-9999	-9999
4	6	10.4032	10.1862	13	8.29	4.80779	10.0774	0	-9999	-9999	-9999	-9999
4	7	19.8828	9.1416	12.29	6.712	5.95649	9.66139	0	-9999	-9999	-9999	-9999
4	8	22.2021	9.0479	14.23	4.188	5.99452	9.29653	0	-9999	-9999	-9999	-9999
4	9	18.4923	8.02954	12.15	4.463	5.55877	9.13076	0	-9999	-9999	-9999	-9999
4	10	14.89	7.64356	10.24	5.342	4.85445	8.84854	0	-9999	-9999	-9999	-9999
4	11	15.1939	9.8916	13.92	6.338	6.42709	9.09319	0	-9999	-9999	-9999	-9999
4	12	15.7948	10.4398	15.02	5.499	6.11138	9.24632	1.4	-9999	-9999	-9999	-9999
4	13	22.5485	11.7065	15.67	8.51	8.38593	9.69139	0	-9999	-9999	-9999	-9999
4	14	11.3677	9.42188	12.99	5.627	4.11218	9.95736	1.2	-9999	-9999	-9999	-9999
4	15	12.971	9.00802	14.28	5.619	2.29267	9.69778	0	-9999	-9999	-9999	-9999
4	16	2.2471	9.01583	10.23	8.13	1.22318	9.81062	13.2	-9999	-9999	-9999	-9999
4	17	14.1716	11.1883	14.82	8.25	4.14448	10.0338	0.2	-9999	-9999	-9999	-9999
4	18	11.5152	9.66519	13.78	6.675	4.12727	10.0863	0.8	-9999	-9999	-9999	-9999
4	19	20.8684	8.1076	12.18	4.764	3.87417	9.38521	0.2	-9999	-9999	-9999	-9999
4	20	14.7773	12.2602	16.42	5.607	5.36967	9.9391	0.8	-9999	-9999	-9999	-9999
4	21	25.7332	14.1856	18.78	9.99	6.74691	10.9571	0	-9999	-9999	-9999	-9999
4	22	9.57799	11.9792	15.47	9.8	2.6525	11.4071	1.4	-9999	-9999	-9999	-9999
4	23	13.6633	15.8512	19.46	10.84	7.77323	11.558	0	-9999	-9999	-9999	-9999
4	24	23.7384	17.44	23.26	12.45	11.0613	12.372	0	-9999	-9999	-9999	-9999
4	25	26.4019	15.5379	21.07	11.49	10.0841	12.6763	0	-9999	-9999	-9999	-9999
4	26	23.8283	13.8242	19.35	8.36	6.35528	12.4224	0	-9999	-9999	-9999	-9999
4	27	21.8413	12.8221	18.58	8.74	3.91372	12.641	0	-9999	-9999	-9999	-9999
4	28	7.2228	11.4823	14.42	9.37	2.71078	12.391	3.8	-9999	-9999	-9999	-9999
4	29	0.794201	10.6719	11.64	9.64	0.11407	11.786	86.2	-9999	-9999	-9999	-9999
4	30	11.1594	9.27742	13.9	4.785	2.74962	11.4438	4.4	-9999	-9999	-9999	-9999
5	1	25.4015	9.27308	15.09	1.331	3.18822	10.4501	4.6	-9999	-9999	-9999	-9999
5	2	6.15902	11.3798	13.88	8.83	1.78184	11.3619	1.2	-9999	-9999	-9999	-9999
5	3	4.55169	11.0673	14.29	9.4	1.03276	11.4322	9.2	-9999	-9999	-9999	-9999
5	4	17.4316	12.2787	15.7497	10.2609	4.00517	11.6797	2.202	-9999	-9999	-9999	-9999
5	5	19.1744	9.7026	13.5542	7.25705	4.45791	11.2257	0	-9999	-9999	-9999	-9999
5	6	21.3895	9.05472	12.5184	6.67453	4.2945	10.5955	0.202	-9999	-9999	-9999	-9999
5	7	22.0136	8.89867	13.05	6.21948	4.42164	10.4026	1.204	-9999	-9999	-9999	-9999
5	8	20.5566	10.0617	13.55	7.1	5.10922	10.4833	0	-9999	-9999	-9999	-9999
5	9	28.4436	12.0292	17.18	7.08	7.60728	10.9823	0	-9999	-9999	-9999	-9999
5	10	14.0538	11.6501	16.46	5.668	4.99811	11.3328	0	-9999	-9999	-9999	-9999
5	11	17.8687	12.9806	18.41	7.85	5.05587	11.8832	0	-9999	-9999	-9999	-9999
5	12	13.0025	13.8471	20.15	10.68	4.11999	12.3663	3.4	-9999	-9999	-9999	-9999
5	13	28.541	14.206	17.72	10.99	8.59502	12.1629	0	-9999	-9999	-9999	-9999
5	14	28.5363	15.5	20.93	8.97	9.22664	12.4688	0	-9999	-9999	-9999	-9999
5	15	28.1612	16.9125	22.76	10.9	10.4627	13.2981	0	-9999	-9999	-9999	-9999
5	16	28.7428	20.7171	28.4	12.5	15.6325	14.1507	0	-9999	-9999	-9999	-9999
5	17	27.0373	17.1948	20.68	12.28	7.91793	14.7697	0	-9999	-9999	-9999	-9999
5	18	26.6038	16.8177	22.43	11	7.42865	14.7217	0	-9999	-9999	-9999	-9999
5	19	27.8331	19.5427	25.97	12.31	10.1372	15.2618	0	-9999	-9999	-9999	-9999
5	20	27.678	17.9406	23.49	12.49	7.28961	15.8531	0	-9999	-9999	-9999	-9999
5	21	18.9959	15.014	20.4	10.67	5.16719	15.1122	0.8	-9999	-9999	-9999	-9999
5	22	19.8345	15.1992	21.88	10.86	4.32167	14.8335	2.4	-9999	-9999	-9999	-9999
5	23	30.0815	15.876	22.98	7.64	11.1269	14.124	0	-9999	-9999	-9999	-9999
5	24	26.0984	15.0033	19.98	7.88	7.71166	13.9753	0	-9999	-9999	-9999	-9999
5	25	26.8027	15.2169	20.14	9.57	7.46707	14.2549	0	-9999	-9999	-9999	-9999
5	26	28.2024	15.6015	21.92	8.72	9.24661	14.2409	0	-9999	-9999	-9999	-9999
5	27	29.0631	18.2058	23.69	10.71	10.2283	14.726	0	-9999	-9999	-9999	-9999
5	28	23.423	19.3042	25.18	13.18	12.7661	15.4161	0	-9999	-9999	-9999	-9999
5	29	28.9996	19.0533	24.92	13.31	13.6828	15.6299	0	-9999	-9999	-9999	-9999
5	30	18.9198	17.4788	22.89	11.87	7.06265	15.6006	1.6	-9999	-9999	-9999	-9999
5	31	17.338	18.1317	22.91	15.71	9.75031	15.7405	0	-9999	-9999	-9999	-9999
6	1	23.125	18.6388	21.55	15.39	7.46771	16.0288	0	-9999	-9999	-9999	-9999
6	2	29.1211	18.8831	22.33	15.41	10.8559	16.3686	0	-9999	-9999	-9999	-9999
6	3	30.4666	17.7223	21.74	14.4	11.6579	16.2833	0	-9999	-9999	-9999	-9999
6	4	28.2282	20.3858	25.41	13.48	14.2258	16.4901	0	-9999	-9999	-9999	-9999
6	5	26.9638	21.8015	26.82	16.7	15.3641	17.2543	0	-9999	-9999	-9999	-9999
6	6	30.605	20.6292	26.72	15.61	13.5149	17.5513	0	-9999	-9999	-9999	-9999
6	7	29.5329	19.246	24.1	12.74	10.9858	17.3869	0	-9999	-9999	-9999	-9999
6	8	29.5205	19.8627	26.17	11.98	13.083	17.1852	0	-9999	-9999	-9999	-9999
6	9	30.7794	20.941	27.89	13.55	14.7588	17.3861	0	-9999	-9999	-9999	-9999
6	10	30.4347	20.2077	26.84	12.3	12.2585	17.5015	0	-9999	-9999	-9999	-9999
6	11	20.4305	19.5581	26.95	13.32	6.91257	17.634	34.4	-9999	-9999	-9999	-9999
6	12	28.7879	23.4027	27.59	18.88	15.6285	17.9558	0	-9999	-9999	-9999	-9999
6	13	31.1106	19.0281	22.67	14.11	13.9028	17.4381	0	-9999	-9999	-9999	-9999
6	14	29.8646	18.784	24.62	14.67	11.8588	17.1732	0	-9999	-9999	-9999	-9999
6	15	27.5869	18.7642	24.27	12.9	8.21122	17.258	1.2	-9999	-9999	-9999	-9999
6	16	29.5707	22.9292	28.25	16.04	15.7126	17.6897	0	-9999	-9999	-9999	-9999
6	17	33.9843	24.3633	31.04	17.05	21.0656	18.2532	0	-9999	-9999	-9999	-9999
6	18	33.9628	24.9779	29.41	20.28	22.2199	19.0544	0	-9999	-9999	-9999	-9999
6	19	15.5001	19.0556	22.05	15.76	10.6958	18.4049	0.2	-9999	-9999	-9999	-9999
6	20	27.0223	17.3204	20.38	14.28	10.7611	17.6126	0	-9999	-9999	-9999	-9999
6	21	30.0529	17.2046	21.17	12.04	7.92785	17.3489	0.4	-9999	-9999	-9999	-9999
6	22	6.05826	16.9675	19.25	15.57	0.536906	17.4427	0.6	-9999	-9999	-9999	-9999
6	23	19.952	20.3569	25.79	16.09	7.07281	17.7478	1	-9999	-9999	-9999	-9999
6	24	15.5093	20.8385	25.44	17.44	12.1335	17.9847	0	-9999	-9999	-9999	-9999
6	25	33.1136	22.5625	28.63	17.77	14.0719	18.4507	0	-9999	-9999	-9999	-9999
6	26	32.3943	22.991	29.92	15.42	14.0219	19.0653	0	-9999	-9999	-9999	-9999
6	27	31.4708	23.8077	30.65	16.99	10.6982	19.7053	0	-9999	-9999	-9999	-9999
6	28	29.7342	26.7308	33.08	19.79	17.4193	20.5224	0	-9999	-9999	-9999	-9999
6	29	32.1423	26.0354	32.84	19.88	22.347	20.936	0	-9999	-9999	-9999	-9999
6	30	33.19	24.0479	31.01	16.61	19.3111	20.5697	0	-9999	-9999	-9999	-9999
7	1	29.9009	23.7842	28.73	20.07	18.6709	20.7562	0	-9999	-9999	-9999	-9999
7	2	32.8885	20.5817	24.45	16.26	14.6706	20.1602	0	-9999	-9999	-9999	-9999
7	3	34.2007	21.2792	26.61	16.31	16.8428	19.8526	0	-9999	-9999	-9999	-9999
7	4	33.1264	21.9483	28.08	16.85	15.1863	20.0662	0	-9999	-9999	-9999	-9999
7	5	22.2002	21.3788	25.8	17.18	7.25425	20.2633	0	-9999	-9999	-9999	-9999
7	6	15.6524	20.9585	25.13	18.01	6.46537	20.0438	3.2	-9999	-9999	-9999	-9999
7	7	21.0795	20.2013	24.59	16.89	5.81235	19.7105	1.4	-9999	-9999	-9999	-9999
7	8	22.295	19.5127	23.26	15.13	10.2584	19.5585	0	-9999	-9999	-9999	-9999
7	9	28.4363	18.1692	22.6	14.11	11.5455	18.6216	0	-9999	-9999	-9999	-9999
7	10	22.7841	19.0356	23.92	14.96	12.3835	18.734	0	-9999	-9999	-9999	-9999
7	11	30.4166	18.8546	22.88	14.94	13.419	18.709	0	-9999	-9999	-9999	-9999
7	12	29.7841	17.6246	21.44	14.44	9.80053	18.5478	0	-9999	-9999	-9999	-9999
7	13	24.4755	19.0025	22.43	14.55	12.4324	18.5248	0	-9999	-9999	-9999	-9999
7	14	32.2096	21.9448	28.11	15.65	18.5192	19.0025	0	-9999	-9999	-9999	-9999
7	15	31.8301	23.5319	31.51	15.87	18.6181	19.7451	0	-9999	-9999	-9999	-9999
7	16	30.5834	21.9123	27.26	17.07	10.1193	20.2878	0	-9999	-9999	-9999	-9999
7	17	28.9257	20.5977	24.71	16.53	11.2992	20.0932	0	-9999	-9999	-9999	-9999
7	18	24.666	21.1948	26.11	15	13.1517	19.7841	0	-9999	-9999	-9999	-9999
7	19	27.4125	22.3244	28.13	16.25	12.4965	20.2547	0	-9999	-9999	-9999	-9999
7	20	27.8062	22.7831	27.07	18.22	10.4145	20.6234	0	-9999	-9999	-9999	-9999
7	21	14.686	21.4563	26.27	18.53	5.26949	20.6906	0	-9999	-9999	-9999	-9999
7	22	26.3611	22.186	27.85	17.68	7.14796	20.7749	0	-9999	-9999	-9999	-9999
7	23	25.8865	26.171	33.63	18.13	15.7336	21.3058	0	-9999	-9999	-9999	-9999
7	24	28.6057	26.9867	31.99	22.11	21.7236	22.2754	0	-9999	-9999	-9999	-9999
7	25	27.1421	25.2321	30.82	19.67	23.1815	22.002	0	-9999	-9999	-9999	-9999
7	26	28.375	23.8565	28.98	19.46	19.6118	21.8168	0	-9999	-9999	-9999	-9999
7	27	28.8958	23.8069	29.57	17.97	18.8908	21.7031	0	-9999	-9999	-9999	-9999
7	28	27.4637	22.75	29.2	16	15.8315	21.5897	0	-9999	-9999	-9999	-9999
7	29	24.9379	23.634	29.07	16.95	13.5758	21.4464	0	-9999	-9999	-9999	-9999
7	30	23.2134	27.1077	32.8	22.2	20.7479	22.3398	0	-9999	-9999	-9999	-9999
7	31	26.289	26.5473	32.72	19.54	19.6112	22.7608	0	-9999	-9999	-9999	-9999
8	1	25.3975	26.896	34.72	18.92	20.5043	22.9618	0	-9999	-9999	-9999	-9999
8	2	21.868	25.8958	33.58	21.02	14.8627	23.3227	0.6	-9999	-9999	-9999	-9999
8	3	18.0494	25.9431	33.3	20.62	17.5845	23.0788	0.6	-9999	-9999	-9999	-9999
8	4	10.6239	20.3744	26.29	17.33	6.40206	21.7316	9.4	-9999	-9999	-9999	-9999
8	5	13.8975	21.0356	23.79	19.38	8.85903	20.5463	0	-9999	-9999	-9999	-9999
8	6	24.2635	24.096	30.16	18.79	16.5441	20.6567	0	-9999	-9999	-9999	-9999
8	7	20.2944	21.765	28.54	17.31	8.79852	20.8666	4.4	-9999	-9999	-9999	-9999
8	8	20.2024	21.4742	25.67	17.89	6.56399	20.7881	0	-9999	-9999	-9999	-9999
8	9	5.57748	21.7631	24.21	19.32	3.64229	20.7365	0.2	-9999	-9999	-9999	-9999
8	10	8.3204	21.9494	24.45	19.35	1.31872	21.1091	15.4	-9999	-9999	-9999	-9999
8	11	26.6482	23.6635	30.25	18.59	11.9584	21.3121	0	-9999	-9999	-9999	-9999
8	12	17.5309	21.9808	26.5	18.24	10.0633	20.9242	0	-9999	-9999	-9999	-9999
8	13	25.4104	20.8346	25.03	16.81	11.4506	20.3674	0	-9999	-9999	-9999	-9999
8	14	25.7438	23.0642	29.14	17.36	14.7181	20.4303	0	-9999	-9999	-9999	-9999
8	15	25.9637	23.7094	31.41	17.04	16.0026	20.7488	0	-9999	-9999	-9999	-9999
8	16	6.25406	20.4798	22.61	18.09	5.82059	20.4476	2.8	-9999	-9999	-9999	-9999
8	17	4.60621	19.5971	21.87	15.58	0.508509	20.3547	19.6	-9999	-9999	-9999	-9999
8	18	12.0844	20.8967	25.13	17.01	3.04552	19.8547	0	-9999	-9999	-9999	-9999
8	19	12.0409	22.3021	24.7	19.96	3.58283	20.8936	2	-9999	-9999	-9999	-9999
8	20	24.8763	20.7573	24.34	16.92	11.9276	20.1697	0	-9999	-9999	-9999	-9999
8	21	23.2119	18.139	21.6	14.96	10.0406	19.2391	0	-9999	-9999	-9999	-9999
8	22	22.4791	17.6554	24.73	10.14	10.4694	18.3751	0	-9999	-9999	-9999	-9999
8	23	3.16697	18.2883	21.68	14.35	2.89885	18.4806	10.2	-9999	-9999	-9999	-9999
8	24	14.5936	20.3381	24.49	17.33	5.71517	19.2847	4	-9999	-9999	-9999	-9999
8	25	22.2614	19.1342	22.51	16.39	9.32646	18.7799	0	-9999	-9999	-9999	-9999
8	26	18.3439	18.341	21.78	15.82	9.26842	18.3464	0	-9999	-9999	-9999	-9999
8	27	24.2983	20.5252	26.85	14.15	12.736	18.3049	0	-9999	-9999	-9999	-9999
8	28	23.9564	21.2954	25.7	16.76	13.415	18.8383	0	-9999	-9999	-9999	-9999
8	29	19.7388	21.5881	26.27	17.45	12.0655	19.0703	0	-9999	-9999	-9999	-9999
8	30	21.5885	21.5269	25.39	17.11	11.273	19.4949	0	-9999	-9999	-9999	-9999
8	31	23.4181	20.3817	25.41	15.45	13.0569	19.2683	0	-9999	-9999	-9999	-9999
9	1	22.8403	18.6521	24.67	12.02	9.7457	18.7377	0	-9999	-9999	-9999	-9999
9	2	8.73165	18.2085	23.2	15.11	4.0675	18.648	4.6	-9999	-9999	-9999	-9999
9	3	17.9662	20.6069	27.27	13.97	8.01317	18.7076	0	-9999	-9999	-9999	-9999
9	4	18.3718	23.3694	31.18	16.84	11.5773	19.441	0	-9999	-9999	-9999	-9999
9	5	19.6902	22.6952	28.18	17.45	9.39111	20.0285	0	-9999	-9999	-9999	-9999
9	6	14.6829	20.7923	25.83	17.13	9.35652	19.7878	0	-9999	-9999	-9999	-9999
9	7	19.8366	20.0808	25.63	14.3	9.98825	19.3506	0	-9999	-9999	-9999	-9999
9	8	21.3879	20.5385	27.37	13.52	13.4467	19.1192	0	-9999	-9999	-9999	-9999
9	9	19.8048	19.6806	26.04	12.48	8.62325	18.9258	0	-9999	-9999	-9999	-9999
9	10	16.146	20.7225	24.34	18.59	5.34621	19.6627	0	-9999	-9999	-9999	-9999
9	11	4.75611	19.1071	22.8	16.9	1.24335	19.6083	56.2	-9999	-9999	-9999	-9999
9	12	19.0788	20.5704	25.54	15.65	9.77998	19.2695	0	-9999	-9999	-9999	-9999
9	13	19.79	19.1062	24.78	12.61	7.53831	18.7457	0	-9999	-9999	-9999	-9999
9	14	1.28986	17.0377	18.39	15.48	1.28844	18.7262	25.4	-9999	-9999	-9999	-9999
9	15	14.5601	17.5123	21.18	14.64	9.13361	17.6748	0	-9999	-9999	-9999	-9999
9	16	20.5607	16.774	21.36	13.44	10.4435	17.122	0	-9999	-9999	-9999	-9999
9	17	20.3516	16.7858	22.89	9.61	8.79168	16.686	0	-9999	-9999	-9999	-9999
9	18	20.0133	16.9563	23.57	10.03	7.73498	16.8042	0	-9999	-9999	-9999	-9999
9	19	13.5876	19.5906	23.74	12.74	10.1175	17.1415	0	-9999	-9999	-9999	-9999
9	20	19.4798	18.8562	23.54	14.32	10.356	17.5007	0	-9999	-9999	-9999	-9999
9	21	16.6438	17.4519	20.27	15.13	8.3496	17.3601	0	-9999	-9999	-9999	-9999
9	22	19.2483	17.6658	22.11	14.36	10.8377	17.2073	0	-9999	-9999	-9999	-9999
9	23	18.8121	17.3946	20.89	13.76	7.11733	17.166	0	-9999	-9999	-9999	-9999
9	24	15.2874	17.1298	19.83	12.92	8.90195	17.4925	0	-9999	-9999	-9999	-9999
9	25	18.7687	14.0125	19.01	10.68	9.16685	16.4551	0	-9999	-9999	-9999	-9999
9	26	15.417	15.0204	17.87	11.81	8.63966	16.0765	0	-9999	-9999	-9999	-9999
9	27	17.9222	18.5183	23.91	14.53	10.7014	16.596	0	-9999	-9999	-9999	-9999
9	28	16.53	16.6992	22.36	11.24	6.98696	16.8073	0	-9999	-9999	-9999	-9999
9	29	16.9573	15.5317	21.07	10.35	4.31212	16.5072	0	-9999	-9999	-9999	-9999
9	30	17.6766	18.5027	25.45	11.84	8.53928	16.5478	0	-9999	-9999	-9999	-9999
10	1	17.3541	18.2985	22.85	14.23	7.59991	17.0751	0	-9999	-9999	-9999	-9999
10	2	17.2771	18.3233	24.44	12.11	6.85635	16.948	0	-9999	-9999	-9999	-9999
10	3	16.0643	18.2175	23.15	13.51	7.52425	17.1557	0	-9999	-9999	-9999	-9999
10	4	6.3301	16.2862	20.16	13.58	1.70324	16.9751	0.2	-9999	-9999	-9999	-9999
10	5	2.6463	17.2123	18.31	15.83	0.800815	17.2675	0.2	-9999	-9999	-9999	-9999
10	6	2.80236	17.9329	18.94	16.53	0.0929574	17.6638	14.8	-9999	-9999	-9999	-9999
10	7	6.0518	17.7421	19.68	16.15	1.5986	17.7242	1	-9999	-9999	-9999	-9999
10	8	5.66371	18.6327	19.95	17.71	1.45237	17.9471	0	-9999	-9999	-9999	-9999
10	9	4.68583	18.5481	19.95	17.8	1.5005	18.1313	0	-9999	-9999	-9999	-9999
10	10	8.17678	15.7996	19.8	13.13	2.28642	17.3954	10.8	-9999	-9999	-9999	-9999
10	11	10.8032	15.7154	20.61	10.83	6.32772	16.3749	0	-9999	-9999	-9999	-9999
10	12	9.69034	14.605	17.1	11.64	4.61519	16.0925	10.6	-9999	-9999	-9999	-9999
10	13	11.4828	13.2798	16.55	10.89	2.57482	15.4664	4.2	-9999	-9999	-9999	-9999
10	14	9.85603	12.7804	15.66	10.54	3.24033	15.1229	4.8	-9999	-9999	-9999	-9999
10	15	7.05711	11.0152	13.84	8.13	3.83591	14.4258	0	-9999	-9999	-9999	-9999
10	16	3.87773	8.55548	10.02	6.322	2.14751	13.3182	10.4	-9999	-9999	-9999	-9999
10	17	11.3686	11.0354	15.01	8.03	4.40138	12.7946	0	-9999	-9999	-9999	-9999
10	18	2.23096	10.1667	11.54	7.75	1.66407	12.8357	0.4	-9999	-9999	-9999	-9999
10	19	8.02765	16.7073	19.76	11.45	1.67832	14.2314	0.2	-9999	-9999	-9999	-9999
10	20	3.77026	16.8915	19.27	15.1	0.721504	15.3849	0.4	-9999	-9999	-9999	-9999
10	21	12.5032	18.5294	22.89	15.17	5.70852	16.0006	0.2	-9999	-9999	-9999	-9999
10	22	6.28764	16.1023	18.88	14.2	1.63609	15.9246	0	-9999	-9999	-9999	-9999
10	23	5.54748	15.3644	18.03	13.3	1.60094	15.8786	0	-9999	-9999	-9999	-9999
10	24	1.46855	16.3952	17.13	15.46	0.460672	16.0737	0.4	-9999	-9999	-9999	-9999
10	25	2.51626	16.4302	18.02	13.72	1.28087	16.3899	0.6	-9999	-9999	-9999	-9999
10	26	3.16224	11.5092	13.16	9.18	2.94686	15.1019	14.2	-9999	-9999	-9999	-9999
10	27	2.03046	10.4091	15	5.268	1.27694	13.43	6	-9999	-9999	-9999	-9999
10	28	4.16653	14.9954	16.57	13.49	0.670348	14.5669	8	-9999	-9999	-9999	-9999
10	29	6.43819	12.2065	17.38	6.93	2.46742	14.5751	2.2	-9999	-9999	-9999	-9999
10	30	12.657	9.84315	15.08	3.864	2.57145	12.8801	0.2	-9999	-9999	-9999	-9999
10	31	1.30576	9.94875	10.99	9.21	0.501368	12.8032	18	-9999	-9999	-9999	-9999
11	1	8.43591	11.1071	15.07	7.52	1.8691	12.8703	0	-9999	-9999	-9999	-9999
11	2	6.74477	10.6476	15.29	5.728	1.74541	12.3781	0.4	-9999	-9999	-9999	-9999
11	3	1.10369	13.1046	15.57	10.51	0.470473	13.0226	18.4	-9999	-9999	-9999	-9999
11	4	4.62261	15.4648	17.22	13.67	0.652284	14.1183	0	-9999	-9999	-9999	-9999
11	5	11.0043	15.7367	20.62	12.44	5.50079	14.2349	0	-9999	-9999	-9999	-9999
11	6	10.3354	11.6417	14.83	8.68	7.37099	13.205	0.2	-9999	-9999	-9999	-9999
11	7	11.23	10.4942	13.19	7.76	6.41952	12.0884	0	-9999	-9999	-9999	-9999
11	8	8.71843	9.87104	11.86	8.55	5.62538	11.6553	0	-9999	-9999	-9999	-9999
11	9	3.71661	7.68223	10.3	3.581	3.64057	11.405	0	-9999	-9999	-9999	-9999
11	10	5.88497	5.34413	7.07	2.678	4.31973	9.95813	0	-9999	-9999	-9999	-9999
11	11	10.6158	6.72158	9.97	2.353	4.0357	9.78757	0	-9999	-9999	-9999	-9999
11	12	10.1159	7.6635	14.58	0.908	4.51052	9.37778	0	-9999	-9999	-9999	-9999
11	13	10.886	9.47731	14.69	6.686	7.03393	9.93521	0	-9999	-9999	-9999	-9999
11	14	10.9527	6.70667	9.73	2.581	6.5299	9.48319	0	-9999	-9999	-9999	-9999
11	15	10.0049	4.60781	8.59	1.049	4.66535	8.47708	0	-9999	-9999	-9999	-9999
11	16	10.3756	7.01821	9.89	3.761	4.29973	8.55285	0	-9999	-9999	-9999	-9999
11	17	10.231	7.98225	14.38	1.013	3.89023	8.9891	0	-9999	-9999	-9999	-9999
11	18	10.1539	7.62967	12.2	2.422	3.75145	8.68375	0	-9999	-9999	-9999	-9999
11	19	3.474	9.69875	13.13	5.168	4.15032	9.62952	0	-9999	-9999	-9999	-9999
11	20	10.0021	7.01477	10.07	4.478	4.75103	9.16208	0	-9999	-9999	-9999	-9999
11	21	9.45779	7.42923	13.69	1.306	3.26132	8.87833	0	-9999	-9999	-9999	-9999
11	22	7.41587	7.40831	13.6	2.753	1.56953	8.83597	0	-9999	-9999	-9999	-9999
11	23	9.69944	10.904	16.23	7	5.3159	9.13354	0	-9999	-9999	-9999	-9999
11	24	9.45232	8.0545	14.31	2.479	3.63276	8.84764	0	-9999	-9999	-9999	-9999
11	25	2.16346	6.36033	8.86	3.078	1.56677	8.74472	0	-9999	-9999	-9999	-9999
11	26	6.7978	9.86083	13.92	7.51	2.47706	9.55299	0	-9999	-9999	-9999	-9999
11	27	8.96807	9.77563	15.51	4.493	4.13137	9.38424	0	-9999	-9999	-9999	-9999
11	28	3.18497	6.26715	9.47	1.883	0.998039	8.8582	0	-9999	-9999	-9999	-9999
11	29	6.95148	6.8791	9.94	4.966	2.94504	8.99535	3.6	-9999	-9999	-9999	-9999
11	30	2.29771	5.34752	7.4	3.445	1.95463	8.37937	0	-9999	-9999	-9999	-9999
12	1	1.04865	5.49231	7.42	3.197	0.0836519	8.27278	12.4	-9999	-9999	-9999	-9999
12	2	8.08012	10.047	12.89	6.994	1.84836	9.07167	6.6	-9999	-9999	-9999	-9999
12	3	8.46222	9.17846	13.02	5.369	3.23569	9.03951	0.2	-9999	-9999	-9999	-9999
12	4	6.17555	6.98179	12.52	2.942	2.01678	8.48687	0	-9999	-9999	-9999	-9999
12	5	8.17246	5.2726	9.74	2.042	2.0928	7.89134	0	-9999	-9999	-9999	-9999
12	6	8.14825	4.70148	10.58	-0.107	2.34344	7.18803	0	-9999	-9999	-9999	-9999
12	7	0.949365	5.62521	8.33	2.399	0.468985	7.39113	21.2	-9999	-9999	-9999	-9999
12	8	2.40664	8.43233	11.66	5.831	0.120043	8.50368	12.6	-9999	-9999	-9999	-9999
12	9	4.10905	8.8196	12.92	5.646	0.564459	8.90264	2.4	-9999	-9999	-9999	-9999
12	10	7.04287	9.17167	16.71	4.93	2.23139	8.84236	0.2	-9999	-9999	-9999	-9999
12	11	8.23552	7.13675	14.96	2.689	2.934	8.1425	0	-9999	-9999	-9999	-9999
12	12	6.58706	6.01538	12.11	0.921	3.35268	7.4448	0	-9999	-9999	-9999	-9999
12	13	7.82787	6.28521	13.03	1.371	3.56382	7.18247	0	-9999	-9999	-9999	-9999
12	14	7.06808	6.48673	13.21	1.415	2.41279	7.19029	0	-9999	-9999	-9999	-9999
12	15	0.825368	6.7596	7.92	5.034	0.606996	7.83931	7.2	-9999	-9999	-9999	-9999
12	16	1.77167	8.34188	9.63	7.64	0.189652	8.57083	0.2	-9999	-9999	-9999	-9999
12	17	2.04031	9.64312	12.31	7.82	3.93742	8.57715	20	-9999	-9999	-9999	-9999
12	18	6.65083	7.02496	8.69	4.901	4.0483	8.09694	12.6	-9999	-9999	-9999	-9999
12	19	4.63001	10.2959	13	4.635	3.0463	8.35271	1.8	-9999	-9999	-9999	-9999
12	20	5.76179	6.52119	10.61	1.658	3.46179	8.49573	0	-9999	-9999	-9999	-9999
12	21	7.87768	2.45933	7.07	-1.827	3.57951	6.45113	0	-9999	-9999	-9999	-9999
12	22	8.24889	2.91565	7.27	-2.267	3.06103	5.45905	0	-9999	-9999	-9999	-9999
12	23	7.97476	8.874	11.23	5.247	3.68566	6.75912	0	-9999	-9999	-9999	-9999
12	24	7.60756	9.035	11.51	3.169	3.39206	8.03215	0	-9999	-9999	-9999	-9999
12	25	1.48753	5.33063	6.94	2.126	1.68916	7.36386	0.6	-9999	-9999	-9999	-9999
12	26	5.29157	4.65981	5.161	3.501	3.18284	6.91586	0.4	-9999	-9999	-9999	-9999
12	27	6.49531	4.01496	5.773	1.563	3.86135	6.26891	1.2	-9999	-9999	-9999	-9999
12	28	1.35309	3.41646	5.935	1.535	2.67021	5.61701	2.8	-9999	-9999	-9999	-9999
12	29	8.17097	5.69585	7.79	3.815	4.83287	5.74861	1.2	-9999	-9999	-9999	-9999
12	30	8.5755	6.5464	9.05	4.226	5.19058	6.15655	0	-9999	-9999	-9999	-9999
12	31	7.86645	8.46681	10.88	6.386	4.1299	6.8814	0	-9999	-9999	-9999	-9999
