Month	n_days	Rg_f	Ta_f	Tmax	Tmin	VPD_f	Ts_f	Precip	SWC	LAI	ET	Litterfall
1	1	0.292196	3.96281	10.08	-2.035	0.440452	5.1692	4.4	-9999	-9999	-9999	-9999
1	2	4.6878	11.6006	14.55	9.77	2.62073	7.85892	0.2	-9999	-9999	-9999	-9999
1	3	6.81234	9.01698	11.95	6.262	2.99613	8.06153	0	-9999	-9999	-9999	-9999
1	4	5.06441	8.72287	11.53	6.597	2.22709	8.06146	2.6	-9999	-9999	-9999	-9999
1	5	1.40556	7.56325	10.33	3.422	0.103228	7.75465	1.4	-9999	-9999	-9999	-9999
1	6	0.73606	9.12835	11.4	6.444	0.565906	8.87014	4.4	-9999	-9999	-9999	-9999
1	7	5.88594	7.81223	10.17	6.264	3.0082	8.14889	0	-9999	-9999	-9999	-9999
1	8	3.71284	5.83862	7.22	4.79	3.02012	7.33621	0	-9999	-9999	-9999	-9999
1	9	4.21712	3.54835	6.248	-1.196	1.99273	6.26609	0	-9999	-9999	-9999	-9999
1	10	2.20188	8.56831	10.64	5.563	0.109065	7.36456	0	-9999	-9999	-9999	-9999
1	11	0.260332	10.5306	11.68	8.94	0	8.85396	0.8	-9999	-9999	-9999	-9999
1	12	1.26049	9.71875	11.77	8.33	0.0164089	9.60424	8.6	-9999	-9999	-9999	-9999
1	13	2.0817	8.4221	10.81	5.42	0	9.36778	4.8	-9999	-9999	-9999	-9999
1	14	0.819079	4.5491	5.574	3.517	0.00237022	8.29236	8.2	-9999	-9999	-9999	-9999
1	15	0.344128	3.65735	4.487	3.07	0	7.27978	12.4	-9999	-9999	-9999	-9999
1	16	0.563956	1.4659	2.782	0.395	0	6.12803	15.8	-9999	-9999	-9999	-9999
1	17	6.03696	3.19058	6.723	0.87	0.171244	5.57908	6.8	-9999	-9999	-9999	-9999
1	18	0.555091	3.47692	7.15	0.95	0	5.61135	42.6	-9999	-9999	-9999	-9999
1	19	0.608771	5.45163	6.582	4.747	0.191141	6.27808	42.2	-9999	-9999	-9999	-9999
1	20	3.61796	7.52348	10.2	5.499	2.2479	6.2551	0	-9999	-9999	-9999	-9999
1	21	8.83121	4.89935	9.72	-0.324	1.1339	5.79888	0	-9999	-9999	-9999	-9999
1	22	0.374456	6.12046	9.91	2.38	0.0136687	5.96301	1	-9999	-9999	-9999	-9999
1	23	4.71161	9.93583	12.19	8.39	0.0844508	7.95095	0.4	-9999	-9999	-9999	-9999
1	24	4.21101	9.92806	15.01	5.954	1.77829	8.63167	1.4	-9999	-9999	-9999	-9999
1	25	5.336	7.21706	10.68	4.127	2.2453	7.49958	0.4	-9999	-9999	-9999	-9999
1	26	8.21918	6.38494	9.6	3.418	1.78906	6.68248	0.2	-9999	-9999	-9999	-9999
1	27	9.08279	7.12775	9.33	2.269	3.53223	6.95246	1.4	-9999	-9999	-9999	-9999
1	28	0.751646	3.14967	5.16	0.131	0.209834	5.62631	45	-9999	-9999	-9999	-9999
1	29	7.24549	5.68665	8.32	4.325	2.89863	5.49379	1	-9999	-9999	-9999	-9999
1	30	10.8389	5.30965	7.07	3.573	5.28066	5.14219	0	-9999	-9999	-9999	-9999
1	31	8.73708	7.28277	10.84	4.015	5.90247	5.71575	0	-9999	-9999	-9999	-9999
2	1	11.0752	5.18529	8.05	1.39	5.44047	5.98579	0	-9999	-9999	-9999	-9999
2	2	10.5145	5.57042	10.23	0.468	6.0064	5.35174	0	-9999	-9999	-9999	-9999
2	3	4.75612	10.7306	12.59	7.84	2.93308	6.97934	0	-9999	-9999	-9999	-9999
2	4	9.07427	9.91331	13.54	6.43	2.57986	7.89056	0	-9999	-9999	-9999	-9999
2	5	10.2384	9.7935	14.09	5.88	2.71781	7.86132	0	-9999	-9999	-9999	-9999
2	6	1.12766	9.05752	11.24	5.5	0.387779	7.9841	0	-9999	-9999	-9999	-9999
2	7	2.33765	11.4192	12.31	10.87	0.358447	9.13424	0	-9999	-9999	-9999	-9999
2	8	8.00192	11.0719	14.11	7.78	2.86988	9.54778	1	-9999	-9999	-9999	-9999
2	9	9.59938	7.14275	8.65	5.882	4.41759	8.40639	0	-9999	-9999	-9999	-9999
2	10	12.2371	9.47615	15.19	4.247	7.40679	7.73697	0	-9999	-9999	-9999	-9999
2	11	11.6264	10.8789	16.53	6.141	6.7346	8.11868	0	-9999	-9999	-9999	-9999
2	12	11.0662	9.28015	15.4	3.317	3.70312	7.99874	0	-9999	-9999	-9999	-9999
2	13	10.5431	9.92604	13.68	7.66	4.13244	8.66104	0	-9999	-9999	-9999	-9999
2	14	7.61876	8.73667	13.6	5.602	3.45334	8.42882	0	-9999	-9999	-9999	-9999
2	15	12.521	8.66762	15.39	1.932	4.41011	8.1801	0	-9999	-9999	-9999	-9999
2	16	12.6335	8.78798	15.8	2.68	4.53467	8.06318	0	-9999	-9999	-9999	-9999
2	17	13.1104	7.01125	10.75	4.851	5.16667	7.84451	0	-9999	-9999	-9999	-9999
2	18	5.34167	5.02552	9.76	1.876	1.20405	7.26689	6.8	-9999	-9999	-9999	-9999
2	19	13.6278	7.82346	14.21	2.196	5.24423	6.71177	0	-9999	-9999	-9999	-9999
2	20	13.8316	8.36058	12.89	3.939	7.18588	7.22058	0	-9999	-9999	-9999	-9999
2	21	13.7862	9.50175	15.24	5.111	8.40361	7.40677	0	-9999	-9999	-9999	-9999
2	22	14.4196	11.8665	17.37	7.55	8.47837	8.24299	0	-9999	-9999	-9999	-9999
2	23	14.0625	9.00994	11.87	6.821	4.66869	8.57007	0	-9999	-9999	-9999	-9999
2	24	9.50754	6.51442	8.68	2.733	5.28211	8.2641	0	-9999	-9999	-9999	-9999
2	25	12.5505	2.33729	5.296	-0.12	4.28172	6.71385	0	-9999	-9999	-9999	-9999
2	26	15.2591	1.65623	6.555	-1.778	4.76932	5.43175	0	-9999	-9999	-9999	-9999
2	27	4.99688	0.599167	5.882	-3.032	1.3838	4.36781	14	-9999	-9999	-9999	-9999
2	28	4.7891	2.05121	4.624	-0.482	0.609051	4.04239	6.4	-9999	-9999	-9999	-9999
3	1	13.082	5.1314	8.91	1.835	3.12154	4.97735	0	-9999	-9999	-9999	-9999
3	2	0.730395	4.71637	8.36	2.342	0.259743	5.39966	13.4	-9999	-9999	-9999	-9999
3	3	11.3731	11.8512	16.12	8.63	2.03376	7.378	1.6	-9999	-9999	-9999	-9999
3	4	7.05237	10.4573	12.57	7.61	1.81674	8.1491	0	-9999	-9999	-9999	-9999
3	5	11.8454	12.1854	16.97	8.75	3.32937	8.79833	0	-9999	-9999	-9999	-9999
3	6	7.58732	10.1704	14.4	6.294	1.0134	8.91028	2.6	-9999	-9999	-9999	-9999
3	7	2.20205	10.7858	12.01	9.95	0.0423599	9.64201	10.8	-9999	-9999	-9999	-9999
3	8	4.92382	10.8971	14.44	9.22	1.64256	9.93083	52.4	-9999	-9999	-9999	-9999
3	9	10.0088	10.9652	14.2	7.03	4.00963	9.34174	0	-9999	-9999	-9999	-9999
3	10	6.68647	12.1692	15.18	9.27	1.56535	9.88153	3.8	-9999	-9999	-9999	-9999
3	11	12.1418	14.3313	18.84	11.19	2.4146	10.6059	0	-9999	-9999	-9999	-9999
3	12	4.63969	11.051	13.94	8.59	0.832543	10.8841	0.2	-9999	-9999	-9999	-9999
3	13	11.5113	9.70438	11.73	7.33	3.7456	9.73271	0.4	-9999	-9999	-9999	-9999
3	14	10.4657	10.9721	12.82	8.76	4.48802	9.81431	0	-9999	-9999	-9999	-9999
3	15	18.4909	11.9815	17.48	8.29	4.81273	9.94542	0	-9999	-9999	-9999	-9999
3	16	7.86791	10.1619	13.23	7.28	1.01154	10.0369	3.8	-9999	-9999	-9999	-9999
3	17	8.68467	10.5885	13.08	8.84	2.5788	10.1866	6.2	-9999	-9999	-9999	-9999
3	18	16.0337	10.5187	14.77	4.88	3.80523	9.74743	0	-9999	-9999	-9999	-9999
3	19	16.9724	12.3023	17.43	9.64	4.29401	10.4033	0.4	-9999	-9999	-9999	-9999
3	20	11.8903	12.7067	16.82	9.72	2.95133	10.8858	0	-9999	-9999	-9999	-9999
3	21	7.92672	13.4092	18.03	9.34	2.87312	11.0767	0	-9999	-9999	-9999	-9999
3	22	17.8301	15.1148	18.49	11.4	7.63488	11.5163	0	-9999	-9999	-9999	-9999
3	23	13.8951	14.1438	20.24	9.04	4.24017	11.5483	0	-9999	-9999	-9999	-9999
3	24	6.58252	12.6544	15.08	10.68	0.540215	11.9555	0	-9999	-9999	-9999	-9999
3	25	17.2406	12.9267	16.71	10.24	5.87102	11.6537	0	-9999	-9999	-9999	-9999
3	26	16.5615	12.0567	17.43	8.07	4.99746	11.3301	0	-9999	-9999	-9999	-9999
3	27	15.1101	13.0415	17.19	8.86	6.83974	11.246	0	-9999	-9999	-9999	-9999
3	28	13.1966	11.5917	15.19	8.05	3.50489	11.2964	2	-9999	-9999	-9999	-9999
3	29	10.7943	8.83783	11.05	6.966	2.03295	10.6333	5.6	-9999	-9999	-9999	-9999
3	30	20.8497	9.69971	12.93	6.701	6.77419	9.54708	0.2	-9999	-9999	-9999	-9999
3	31	22.8352	13.7648	20.17	7.23	11.9382	10.0196	0	-9999	-9999	-9999	-9999
4	1	22.2956	12.3597	18.3	5.554	8.20889	10.5475	0	-9999	-9999	-9999	-9999
4	2	21.2428	11.0927	16.34	6.521	5.15456	10.6088	0	-9999	-9999	-9999	-9999
4	3	17.0874	10.8781	17.06	6.533	3.03699	10.7813	0	-9999	-9999	-9999	-9999
4	4	9.04923	11.4327	15.87	8.97	2.35107	11.1585	0.6	-9999	-9999	-9999	-9999
4	5	22.1339	11.965	16.35	7.03	8.07473	10.9681	0	-9999	-9999	-9999	-9999
4	6	14.2225	14.8621	19.52	11.96	4.37978	12.046	10	-9999	-9999	-9999	-9999
4	7	19.4722	10.4944	12.97	8.88	4.55789	11.5827	1.4	-9999	-9999	-9999	-9999
4	8	22.618	10.651	13.17	8.44	6.1487	10.6796	0	-9999	-9999	-9999	-9999
4	9	14.1288	11.3613	14.28	8.91	6.18193	10.6629	0	-9999	-9999	-9999	-9999
4	10	10.4684	11.8354	13.97	9.58	5.18391	11.2441	0	-9999	-9999	-9999	-9999
4	11	23.649	11.0075	14.22	8.78	7.45991	10.9071	0	-9999	-9999	-9999	-9999
4	12	24.1909	11.5406	14.64	8.84	8.59081	11.039	0	-9999	-9999	-9999	-9999
4	13	22.2343	10.2488	15.56	6.642	9.06487	10.8532	0	-9999	-9999	-9999	-9999
4	14	24.5358	9.28938	14.34	4.429	9.47133	10.3474	0	-9999	-9999	-9999	-9999
4	15	13.9367	10.5596	14.29	5.475	8.8231	10.3624	0	-9999	-9999	-9999	-9999
4	16	12.6648	11.3735	15.02	7.41	5.93305	11.0744	0.8	-9999	-9999	-9999	-9999
4	17	19.2183	10.4172	15.52	4.734	8.50483	10.6483	0.2	-9999	-9999	-9999	-9999
4	18	21.7021	9.27319	13.08	4.601	6.83139	10.446	0	-9999	-9999	-9999	-9999
4	19	16.1375	9.78717	13.71	6.332	5.8317	10.7329	0	-9999	-9999	-9999	-9999
4	20	24.3933	6.61117	9.74	4.002	5.92285	10.1088	0.4	-9999	-9999	-9999	-9999
4	21	21.5177	5.9614	8.22	3.744	5.3652	9.25431	0	-9999	-9999	-9999	-9999
4	22	23.8976	8.94117	14.25	3.92	7.91115	9.46576	1.6	-9999	-9999	-9999	-9999
4	23	24.4681	11.2038	16.03	5.242	5.99487	10.326	8.4	-9999	-9999	-9999	-9999
4	24	19.602	11.9269	15.834	7.41	6.72683	11.0795	-9999	-9999	-9999	-9999	-9999
4	25	16.834	9.19848	15.72	6.91654	4.73449	11.8765	-9999	-9999	-9999	-9999	-9999
4	26	26.9959	8.60311	11.9989	6.67226	6.39272	11.6621	0	-9999	-9999	-9999	-9999
4	27	25.9706	8.65396	12.777	6.35522	6.30716	11.9281	0	-9999	-9999	-9999	-9999
4	28	25.2224	9.75754	14.3986	7.17737	6.81353	12.7462	0	-9999	-9999	-9999	-9999
4	29	9.99408	9.95468	14.4286	7.99191	5.26913	12.9173	0	-9999	-9999	-9999	-9999
4	30	1.68027	9.7386	10.9625	8.57359	4.20233	12.5035	5	-9999	-9999	-9999	-9999
5	1	13.5682	12.6538	15.84	10.1924	5.86976	11.6722	0.2	-9999	-9999	-9999	-9999
5	2	10.8506	13.8303	17.7475	12.3979	5.78388	11.8652	3.8	-9999	-9999	-9999	-9999
5	3	21.6384	14.8961	18.3914	12.3989	6.25303	11.5928	0.2	-9999	-9999	-9999	-9999
5	4	11.1445	14.7119	18.7763	12.8164	5.56047	11.399	2.8	-9999	-9999	-9999	-9999
5	5	10.9427	14.7205	19.65	13.3684	5.25682	11.164	7	-9999	-9999	-9999	-9999
5	6	19.0239	15.4066	20.6033	13.2988	6.13454	10.9333	0.4	-9999	-9999	-9999	-9999
5	7	20.5206	14.0083	18.9325	11.17	5.89525	11.5341	0	-9999	-9999	-9999	-9999
5	8	27.3436	15.7642	20.51	10.72	8.14396	12.5208	0	-9999	-9999	-9999	-9999
5	9	15.9401	14.4929	19.12	10.11	4.82507	13.2669	0	-9999	-9999	-9999	-9999
5	10	13.0317	15.1198	20.62	11.47	4.98905	13.481	7.4	-9999	-9999	-9999	-9999
5	11	9.77584	16.7477	22.08	13.25	6.08803	13.9503	25.4	-9999	-9999	-9999	-9999
5	12	27.7352	17.0533	23.82	9.98	7.72926	14.1904	0	-9999	-9999	-9999	-9999
5	13	23.6372	15.4546	21.89	9.42	5.09224	14.3622	0	-9999	-9999	-9999	-9999
5	14	14.2552	14.9367	17.07	13.38	6.62612	14.8078	0	-9999	-9999	-9999	-9999
5	15	19.835	16.6683	22.01	11.92	10.8288	15.0969	0	-9999	-9999	-9999	-9999
5	16	12.8827	14.6906	18.12	11.27	7.62758	15.0102	0	-9999	-9999	-9999	-9999
5	17	7.78478	15.1048	19.12	10.2	6.4592	15.2218	0	-9999	-9999	-9999	-9999
5	18	3.63464	13.7406	16.31	10.88	9.24649	14.7694	0	-9999	-9999	-9999	-9999
5	19	28.6921	16.7823	22.53	9.55	12.2714	14.4981	0	-9999	-9999	-9999	-9999
5	20	12.463	16.8848	22.16	11.52	10.1048	14.8377	0	-9999	-9999	-9999	-9999
5	21	17.0029	15.5319	20.41	11.34	4.98204	15.2401	5.2	-9999	-9999	-9999	-9999
5	22	15.7913	16.0929	20.54	12.33	3.74419	15.3644	0	-9999	-9999	-9999	-9999
5	23	14.4709	16.1371	22.85	11.72	3.6926	15.4254	5.4	-9999	-9999	-9999	-9999
5	24	19.8712	18.7975	23.42	13.45	7.43263	15.6412	0	-9999	-9999	-9999	-9999
5	25	24.3241	20.8579	25.8	16.89	10.4617	16.3553	0	-9999	-9999	-9999	-9999
5	26	26.2586	22.6642	27.2	17.51	13.9754	17.1551	0	-9999	-9999	-9999	-9999
5	27	27.6519	22.3108	28.18	15.85	12.0267	17.8421	0	-9999	-9999	-9999	-9999
5	28	28.2111	24.2502	30.95	16.03	15.3195	18.3396	0	-9999	-9999	-9999	-9999
5	29	29.2286	24.7377	31.13	19.44	16.0856	19.1165	0	-9999	-9999	-9999	-9999
5	30	29.2005	24.6031	30.91	17.14	15.0558	19.479	0	-9999	-9999	-9999	-9999
5	31	24.2411	22.9679	27.37	17.87	11.2079	19.5661	0	-9999	-9999	-9999	-9999
6	1	30.0858	20.249	23.97	16.24	14.6565	18.8919	0	-9999	-9999	-9999	-9999
6	2	28.5467	18.7733	22.89	12.41	12.3724	18.0703	0	-9999	-9999	-9999	-9999
6	3	25.0189	16.7846	20.84	11.69	10.8484	17.7605	0	-9999	-9999	-9999	-9999
6	4	31.3027	16.8552	24.68	8.21	13.786	16.8881	0	-9999	-9999	-9999	-9999
6	5	27.4716	17.5569	24.47	10.13	10.2606	17.0626	0	-9999	-9999	-9999	-9999
6	6	23.6438	18.2015	21.76	14.78	9.33636	17.3248	1.4	-9999	-9999	-9999	-9999
6	7	30.3175	19.5523	26.3	15.08	12.3449	17.605	0	-9999	-9999	-9999	-9999
6	8	9.02811	16.5729	20.67	13.28	3.26061	17.4319	0.8	-9999	-9999	-9999	-9999
6	9	8.14746	16.7025	21.26	14.14	2.3209	17.2985	9.2	-9999	-9999	-9999	-9999
6	10	6.79967	15.5348	18.48	13.99	2.64522	16.8747	21.4	-9999	-9999	-9999	-9999
6	11	30.405	16.7594	21.41	12.42	10.9347	15.9875	0.2	-9999	-9999	-9999	-9999
6	12	30.202	16.9306	22.91	8.46	10.4746	15.8786	0	-9999	-9999	-9999	-9999
6	13	28.6021	19.4579	25.98	10.95	12.5187	16.46	0	-9999	-9999	-9999	-9999
6	14	26.3061	20.7277	25.56	16.15	12.0836	17.3563	0	-9999	-9999	-9999	-9999
6	15	23.1843	18.0602	22.57	14.33	4.49185	17.6802	21.6	-9999	-9999	-9999	-9999
6	16	24.9862	17.676	22.44	14.03	7.16614	17.4483	0.2	-9999	-9999	-9999	-9999
6	17	23.9246	15.5217	18.24	13.09	7.49176	16.5437	0	-9999	-9999	-9999	-9999
6	18	29.3423	17.1371	21.15	13.73	10.6568	16.4224	0	-9999	-9999	-9999	-9999
6	19	30.8142	19.639	25.93	12.18	15.7732	16.7669	0	-9999	-9999	-9999	-9999
6	20	30.9651	21.3804	29.04	11.83	17.4795	17.2783	0	-9999	-9999	-9999	-9999
6	21	30.56	24.3344	31.56	13.32	21.0796	18.2261	0	-9999	-9999	-9999	-9999
6	22	30.9542	25.7825	31.53	16.86	22.0673	19.403	0	-9999	-9999	-9999	-9999
6	23	24.9219	24.7712	30.74	16.53	16.2874	19.8228	0	-9999	-9999	-9999	-9999
6	24	27.794	25.1717	31.54	20.4	15.7268	20.5717	0	-9999	-9999	-9999	-9999
6	25	26.405	23.9723	31.89	17.88	14.2735	20.7098	0	-9999	-9999	-9999	-9999
6	26	27.8365	22.9956	28.25	16.61	15.7856	20.4859	0	-9999	-9999	-9999	-9999
6	27	17.5583	20.1756	24.57	14.65	9.34093	19.8289	0	-9999	-9999	-9999	-9999
6	28	29.6924	21.5552	25.68	18.41	13.3499	19.7867	0	-9999	-9999	-9999	-9999
6	29	29.8964	23.8035	30.38	15.75	18.2369	20.2103	0	-9999	-9999	-9999	-9999
6	30	29.6125	25.9529	32.27	16.87	21.0588	20.8928	0	-9999	-9999	-9999	-9999
7	1	29.8366	25.6438	31.04	20.63	21.1877	21.659	0	-9999	-9999	-9999	-9999
7	2	29.4361	24.5108	30.9	16.48	19.4369	21.381	0	-9999	-9999	-9999	-9999
7	3	28.2593	23.4554	29.83	16.66	14.1765	21.5069	0	-9999	-9999	-9999	-9999
7	4	10.7747	20.1523	23.14	16.92	4.17479	20.9897	0	-9999	-9999	-9999	-9999
7	5	9.41989	21.2556	24.13	19.25	5.93859	20.6397	0.8	-9999	-9999	-9999	-9999
7	6	8.30252	20.065	22.86	17.39	4.19783	20.4152	4	-9999	-9999	-9999	-9999
7	7	23.6203	19.825	23.94	16.19	11.2728	19.2635	0	-9999	-9999	-9999	-9999
7	8	25.463	21.9408	26.7	17.38	12.4194	19.6232	0	-9999	-9999	-9999	-9999
7	9	18.0047	22.0825	26.08	18.09	10.2818	20.1515	0	-9999	-9999	-9999	-9999
7	10	27.2147	23.0248	27.85	17.31	13.2024	20.4497	0	-9999	-9999	-9999	-9999
7	11	28.3533	20.6985	24.53	17.75	11.3981	20.4555	0	-9999	-9999	-9999	-9999
7	12	29.4795	22.1996	27.66	16.3	13.8518	20.3869	0	-9999	-9999	-9999	-9999
7	13	27.584	23.7469	30.13	18.72	14.6968	21.0329	0	-9999	-9999	-9999	-9999
7	14	19.4463	21.2721	25.25	16.64	6.76435	21.1359	6.6	-9999	-9999	-9999	-9999
7	15	9.8554	16.3365	19.68	13.25	6.65531	18.9975	11.4	-9999	-9999	-9999	-9999
7	16	28.3877	18.9033	23.97	12.67	13.1785	18.0219	0	-9999	-9999	-9999	-9999
7	17	19.2519	19.1098	23.83	14.97	10.0842	18.3914	0	-9999	-9999	-9999	-9999
7	18	17.0261	18.0585	21.82	14.7	9.30887	18.299	1.8	-9999	-9999	-9999	-9999
7	19	14.7634	16.851	20.57	14.02	7.75295	17.881	0.4	-9999	-9999	-9999	-9999
7	20	26.6334	17.0873	20.44	13.65	10.1506	17.5972	0.2	-9999	-9999	-9999	-9999
7	21	29.2198	20.2096	28.14	12.16	14.8111	17.9444	0	-9999	-9999	-9999	-9999
7	22	28.5983	22.0173	29.01	14.05	15.0874	18.8925	0	-9999	-9999	-9999	-9999
7	23	26.3037	23.9021	30.42	17.06	15.65	19.7371	0	-9999	-9999	-9999	-9999
7	24	27.5048	25.604	31.34	17.89	17.5323	20.8187	0	-9999	-9999	-9999	-9999
7	25	27.5752	25.4058	31.6	17.68	18.1172	21.2126	0	-9999	-9999	-9999	-9999
7	26	25.7649	25.7694	31.13	19.24	16.4485	21.7106	0	-9999	-9999	-9999	-9999
7	27	21.866	25.7327	30.96	21.06	15.7124	22.0951	0	-9999	-9999	-9999	-9999
7	28	15.9718	23.3452	30.79	19.44	10.2713	21.9827	2.6	-9999	-9999	-9999	-9999
7	29	25.988	26.0554	33.6	17.01	17.2273	21.4326	0	-9999	-9999	-9999	-9999
7	30	26.8951	26.6732	30.9408	20.73	15.4668	22.1785	0	-9999	-9999	-9999	-9999
7	31	26.8099	26.6909	30.9046	20.6669	16.6989	22.751	0	-9999	-9999	-9999	-9999
8	1	24.8297	26.3488	31.4692	21.4115	15.3869	23.255	0	-9999	-9999	-9999	-9999
8	2	15.8442	24.2789	26.1418	22.6521	13.3617	22.957	0	-9999	-9999	-9999	-9999
8	3	15.6175	23.088	25.751	21.1261	12.8176	22.5042	2	-9999	-9999	-9999	-9999
8	4	23.4431	21.9679	24.3598	19.9909	14.3396	21.4172	0	-9999	-9999	-9999	-9999
8	5	27.4516	21.1165	24.006	17.8126	16.0333	20.939	0	-9999	-9999	-9999	-9999
8	6	17.6982	21.1953	23.3965	19.3501	13.9791	20.8694	0	-9999	-9999	-9999	-9999
8	7	26.4301	23.6226	31.41	19.1307	15.9076	21.1757	0	-9999	-9999	-9999	-9999
8	8	19.2631	23.1196	27.28	18.5	13.1223	21.5626	0	-9999	-9999	-9999	-9999
8	9	9.2712	20.5785	24.15	17.89	10.4127	21.1806	0.4	-9999	-9999	-9999	-9999
8	10	26.9521	20.1929	24.76	16.06	13.6299	20.5382	0	-9999	-9999	-9999	-9999
8	11	27.1527	21.4756	29.3	13.8	19.0331	20.1635	0	-9999	-9999	-9999	-9999
8	12	26.4633	21.3981	28.37	12.85	16.9986	20.3514	0	-9999	-9999	-9999	-9999
8	13	26.4173	22.9783	30.78	14.68	18.0502	20.6806	0	-9999	-9999	-9999	-9999
8	14	24.3559	21.5017	26.94	15.5	10.7155	20.9584	0	-9999	-9999	-9999	-9999
8	15	21.3462	22.0267	27.51	17.88	11.3361	21.2574	0	-9999	-9999	-9999	-9999
8	16	11.5824	22.3306	26.67	17.9	13.6188	20.9991	0	-9999	-9999	-9999	-9999
8	17	17.2873	23.5371	28.23	19.45	14.3041	21.2596	0	-9999	-9999	-9999	-9999
8	18	14.8491	20.6371	24.16	16.26	6.34137	21.0073	32.8	-9999	-9999	-9999	-9999
8	19	8.23827	20.0408	22.66	16.75	2.96352	20.2515	0.2	-9999	-9999	-9999	-9999
8	20	21.052	21.1006	23.7	18.89	8.15258	20.3791	4	-9999	-9999	-9999	-9999
8	21	25.2672	22.9362	29.72	17.09	14.5077	20.0303	0	-9999	-9999	-9999	-9999
8	22	24.8571	25.5763	32.32	16.33	18.7263	20.5712	0	-9999	-9999	-9999	-9999
8	23	24.3197	24.9538	32.53	17.34	17.2067	21.0623	0	-9999	-9999	-9999	-9999
8	24	24.1828	24.7023	31.75	17.36	16.427	21.2013	0	-9999	-9999	-9999	-9999
8	25	23.1647	23.5271	30.74	17.9	12.6415	21.235	0	-9999	-9999	-9999	-9999
8	26	22.1449	22.695	29.81	15.92	10.393	21.1567	0	-9999	-9999	-9999	-9999
8	27	22.3926	24.5146	32.59	17.17	12.3615	21.3874	0	-9999	-9999	-9999	-9999
8	28	22.4762	25.7883	33.07	18.64	16.3411	21.8631	0	-9999	-9999	-9999	-9999
8	29	21.7091	24.6023	30.02	21.02	13.3761	21.9789	0	-9999	-9999	-9999	-9999
8	30	20.639	21.5554	24.89	19.04	11.726	21.5739	0	-9999	-9999	-9999	-9999
8	31	22.1453	19.1856	22.08	16.48	11.0631	20.7906	0	-9999	-9999	-9999	-9999
9	1	18.9085	17.2631	20.68	14.16	10.3378	19.6938	0.2	-9999	-9999	-9999	-9999
9	2	22.9764	19.8802	25.79	13.77	13.9994	19.4102	0	-9999	-9999	-9999	-9999
9	3	22.563	19.091	25.69	11.66	10.0725	19.3453	0	-9999	-9999	-9999	-9999
9	4	15.4367	18.7715	20.99	14.29	10.4064	19.5591	0	-9999	-9999	-9999	-9999
9	5	22.9524	16.7944	22.25	12.65	11.6445	18.7873	0	-9999	-9999	-9999	-9999
9	6	22.4034	18.9569	25.84	11.55	13.448	18.4473	0	-9999	-9999	-9999	-9999
9	7	21.8063	20.709	24.76	17.32	13.0393	19.3152	0	-9999	-9999	-9999	-9999
9	8	21.768	19.7087	25.84	16.55	12.3745	19.4713	0	-9999	-9999	-9999	-9999
9	9	16.0411	18.1167	21.6	13.96	10.3201	19.2785	0	-9999	-9999	-9999	-9999
9	10	22.322	14.966	20.12	10.7	10.9803	18.2726	0	-9999	-9999	-9999	-9999
9	11	21.9241	15.8815	21.71	9.72	11.9249	17.5716	0	-9999	-9999	-9999	-9999
9	12	21.5615	18.0425	25.45	11.52	13.4701	17.557	0	-9999	-9999	-9999	-9999
9	13	21.0361	19.1202	25.39	11.98	13.1207	17.8542	0	-9999	-9999	-9999	-9999
9	14	19.4115	16.5821	19.15	13.99	9.1689	18.1145	0.4	-9999	-9999	-9999	-9999
9	15	21.1023	16.6721	21.15	12.62	10.613	17.6086	0	-9999	-9999	-9999	-9999
9	16	17.9166	16.4273	19.33	13.71	9.71583	17.7125	0	-9999	-9999	-9999	-9999
9	17	17.4134	13.791	17.69	10.18	9.62281	17.0526	0	-9999	-9999	-9999	-9999
9	18	12.8768	12.2765	15.2	8.76	7.35588	16.2076	0	-9999	-9999	-9999	-9999
9	19	14.666	13.7777	19.33	9.68	6.20552	16.0051	0	-9999	-9999	-9999	-9999
9	20	12.3919	14.1033	19.31	10.75	4.74494	16.1521	0.8	-9999	-9999	-9999	-9999
9	21	12.8462	15.9006	21.32	11.74	4.95032	16.4789	0	-9999	-9999	-9999	-9999
9	22	0.67952	14.171	15.53	13.4	0.479037	16.6452	16.8	-9999	-9999	-9999	-9999
9	23	7.04372	15.5792	21.31	13.39	1.48602	16.3322	37.6	-9999	-9999	-9999	-9999
9	24	14.8578	15.2113	17.83	13.45	4.84857	16.4655	0.2	-9999	-9999	-9999	-9999
9	25	15.277	15.705	19.35	12.71	7.86041	16.0433	0	-9999	-9999	-9999	-9999
9	26	18.2542	16.0975	22.97	10.69	7.76311	15.9067	0	-9999	-9999	-9999	-9999
9	27	17.8073	15.4246	21.58	9.13	5.50782	15.7858	0	-9999	-9999	-9999	-9999
9	28	3.33302	15.5725	17.56	14.72	2.1783	16.4274	1.2	-9999	-9999	-9999	-9999
9	29	0.532494	12.9875	15	12.37	0.32325	15.7379	46.4	-9999	-9999	-9999	-9999
9	30	15.5021	15.0737	20.42	11.02	2.23966	15.6308	0	-9999	-9999	-9999	-9999
10	1	3.23384	15.4302	17.9	13	0.976808	15.9606	0.6	-9999	-9999	-9999	-9999
10	2	6.12198	18.474	20.41	16.52	1.27955	16.9629	0.8	-9999	-9999	-9999	-9999
10	3	0.819225	17.0227	17.54	15.83	1.6446	17.2793	28.6	-9999	-9999	-9999	-9999
10	4	16.9473	16.5167	21.98	11.82	6.81756	16.5144	0	-9999	-9999	-9999	-9999
10	5	1.16705	13.6087	15.43	11.55	1.38204	15.856	1.8	-9999	-9999	-9999	-9999
10	6	1.80315	16.8888	18.18	15.07	1.09946	16.2862	3.6	-9999	-9999	-9999	-9999
10	7	15.3684	18.2175	22.32	13.52	5.4113	17.0348	2.8	-9999	-9999	-9999	-9999
10	8	12.7441	15.8631	20.85	11.36	5.49367	16.5559	0	-9999	-9999	-9999	-9999
10	9	2.30923	12.9215	14.67	10.4	1.39557	15.5343	31.4	-9999	-9999	-9999	-9999
10	10	13.2021	15.4338	20.79	10.87	3.97126	15.5072	0.2	-9999	-9999	-9999	-9999
10	11	13.7513	16.5658	23.79	10.85	5.26695	15.5949	0	-9999	-9999	-9999	-9999
10	12	13.3355	17.2423	23.66	11.75	5.41278	15.929	0	-9999	-9999	-9999	-9999
10	13	11.6627	17.0592	23.07	11.95	5.19311	16.1206	0.4	-9999	-9999	-9999	-9999
10	14	10.7825	17.1715	23.38	13.18	5.1052	16.366	0.2	-9999	-9999	-9999	-9999
10	15	8.61073	16.5548	20.37	13.24	3.22631	16.3102	0	-9999	-9999	-9999	-9999
10	16	13.7508	17.4046	23.58	12.04	6.62025	16.1907	0.2	-9999	-9999	-9999	-9999
10	17	2.75973	15.4279	17.72	11.93	1.76126	16.0343	7.2	-9999	-9999	-9999	-9999
10	18	4.20693	16.9271	18.7	15.56	1.27712	16.782	25.6	-9999	-9999	-9999	-9999
10	19	1.39056	17.7373	18.2	16.43	0.811736	17.0942	25	-9999	-9999	-9999	-9999
10	20	3.2894	17.4602	19.64	13.27	2.52047	17.4895	18.6	-9999	-9999	-9999	-9999
10	21	12.9618	14.799	20.89	9.1	6.40847	16.0059	0	-9999	-9999	-9999	-9999
10	22	12.0612	13.4967	19.88	8.2	5.24423	15.1147	0	-9999	-9999	-9999	-9999
10	23	5.13201	14.9592	18.14	12.13	4.48995	15.159	0.2	-9999	-9999	-9999	-9999
10	24	12.9563	15.4254	18.53	11.46	7.45169	14.9356	0	-9999	-9999	-9999	-9999
10	25	12.5496	15.3123	20.08	10.45	6.08495	14.8688	0	-9999	-9999	-9999	-9999
10	26	8.30136	13.2094	17.42	8.01	2.28783	14.4984	0	-9999	-9999	-9999	-9999
10	27	2.66689	15.1242	17.59	13.53	1.2564	15.1838	0.4	-9999	-9999	-9999	-9999
10	28	3.39421	15.8235	17.71	13.31	1.52454	15.7536	0.2	-9999	-9999	-9999	-9999
10	29	11.2837	17.0075	22.4	10.94	4.87437	15.6176	0.4	-9999	-9999	-9999	-9999
10	30	11.4487	16.0119	23.5	10.99	4.09879	15.4951	0	-9999	-9999	-9999	-9999
10	31	5.30645	15.374	18.02	12.7	2.82582	14.8378	0	-9999	-9999	-9999	-9999
11	1	11.4644	12.4771	17.02	8.51	9.13719	14.5924	0	-9999	-9999	-9999	-9999
11	2	11.3755	9.73729	16.18	4.38	5.05778	12.9267	0	-9999	-9999	-9999	-9999
11	3	10.7356	9.72425	16.56	3.719	3.50338	12.3537	0	-9999	-9999	-9999	-9999
11	4	9.90461	10.0519	16.49	4.464	1.88193	12.167	0	-9999	-9999	-9999	-9999
11	5	6.63287	12.2548	14.33	9.4	5.35539	12.6394	0	-9999	-9999	-9999	-9999
11	6	10.8533	10.4531	13.1	9.01	5.52838	12.2869	0	-9999	-9999	-9999	-9999
11	7	8.18446	12.405	14.79	9.49	4.57682	12.4604	0	-9999	-9999	-9999	-9999
11	8	7.7568	11.5932	13.78	6.166	4.58545	12.9754	1.4	-9999	-9999	-9999	-9999
11	9	10.4273	5.33131	7.81	3.748	4.71138	10.9653	0	-9999	-9999	-9999	-9999
11	10	7.22598	4.36135	9.18	0.588	4.54213	9.65361	0	-9999	-9999	-9999	-9999
11	11	1.3904	4.76217	8.51	2.598	3.1512	9.36938	6.2	-9999	-9999	-9999	-9999
11	12	7.73436	5.35281	8.15	3.653	3.49776	8.91882	0	-9999	-9999	-9999	-9999
11	13	9.46809	10.9798	13.57	8.27	5.44179	9.80792	0	-9999	-9999	-9999	-9999
11	14	10.0555	6.64621	9.65	3.83	5.55133	9.90201	0	-9999	-9999	-9999	-9999
11	15	2.94916	5.11498	8.35	2.333	2.558	9.15167	1.8	-9999	-9999	-9999	-9999
11	16	6.68087	7.68692	12.27	3.472	2.22415	9.31021	2.2	-9999	-9999	-9999	-9999
11	17	2.22197	8.33417	11.02	6.63	2.47958	9.7616	5.4	-9999	-9999	-9999	-9999
11	18	1.40823	7.98979	9.57	7.09	0.62818	9.99083	22.8	-9999	-9999	-9999	-9999
11	19	6.69691	9.54748	12	6.544	3.55717	10.0543	0.2	-9999	-9999	-9999	-9999
11	20	9.13105	5.12142	8.54	0.943	2.73438	9.22833	0.2	-9999	-9999	-9999	-9999
11	21	9.08513	3.72977	10.17	-1.893	2.17866	7.77891	0	-9999	-9999	-9999	-9999
11	22	9.22148	3.01027	8.95	-1.601	2.43517	7.06492	0.2	-9999	-9999	-9999	-9999
11	23	8.31637	5.65906	8.11	3.551	3.82375	7.39359	0	-9999	-9999	-9999	-9999
11	24	7.45803	6.93246	10.61	3.547	4.61277	7.59038	0	-9999	-9999	-9999	-9999
11	25	8.55529	10.3902	14.62	7.45	4.80481	8.67444	0	-9999	-9999	-9999	-9999
11	26	6.81007	9.65583	11.93	8.33	4.2004	9.32486	0	-9999	-9999	-9999	-9999
11	27	3.72869	7.73473	9.66	5.351	3.12471	9.44292	0	-9999	-9999	-9999	-9999
11	28	3.99441	7.5585	9.26	5.132	3.45486	8.88931	0	-9999	-9999	-9999	-9999
11	29	8.25485	8.93381	11.41	5.459	4.76245	9.05312	0.2	-9999	-9999	-9999	-9999
11	30	1.75683	12.2808	14.06	8.88	3.90752	9.88549	0.4	-9999	-9999	-9999	-9999
12	1	5.35252	11.6923	14.25	9.12	3.65265	10.5095	0	-9999	-9999	-9999	-9999
12	2	1.72128	9.43333	11.05	7.25	2.22129	10.3138	0	-9999	-9999	-9999	-9999
12	3	4.19335	9.40658	12.72	6.468	0.636769	10.5383	0.6	-9999	-9999	-9999	-9999
12	4	4.45057	9.3224	13.02	3.861	2.48916	10.1023	0.4	-9999	-9999	-9999	-9999
12	5	7.64627	13.9729	15.7	12.67	5.83268	11.0374	0	-9999	-9999	-9999	-9999
12	6	7.79156	13.7944	16.67	9.47	6.62839	11.6609	0	-9999	-9999	-9999	-9999
12	7	7.8079	7.13162	12.02	3.484	4.82983	10.2402	0	-9999	-9999	-9999	-9999
12	8	7.82933	5.66179	10.67	1.763	2.92638	9.17007	0	-9999	-9999	-9999	-9999
12	9	3.89631	3.7951	7.17	0.185	1.46235	8.52035	0	-9999	-9999	-9999	-9999
12	10	7.22381	4.28077	9.4	-0.062	2.16488	8.18785	0	-9999	-9999	-9999	-9999
12	11	7.33654	2.01592	9.25	-2.345	1.58006	7.09863	0	-9999	-9999	-9999	-9999
12	12	7.24914	1.43917	7.78	-3.216	1.50875	6.34214	0	-9999	-9999	-9999	-9999
12	13	7.43574	2.13671	7.62	-3.57	2.82157	5.86796	0.2	-9999	-9999	-9999	-9999
12	14	2.28977	-3.53708	2.055	-5.642	1.46091	4.99273	0	-9999	-9999	-9999	-9999
12	15	3.60313	-2.87977	-0.386	-5.272	1.02556	4.30061	0	-9999	-9999	-9999	-9999
12	16	7.26142	-0.629708	5.616	-6.018	2.8734	3.84297	0	-9999	-9999	-9999	-9999
12	17	6.63484	-2.1526	4.02	-7.68	1.64261	3.26024	0	-9999	-9999	-9999	-9999
12	18	7.11274	-1.30023	4.839	-6.492	1.65993	3.17753	0	-9999	-9999	-9999	-9999
12	19	6.2721	-2.11337	4.12	-6.657	0.994752	2.94309	0	-9999	-9999	-9999	-9999
12	20	7.01781	-0.816063	5.84	-6.854	2.07906	2.79099	0	-9999	-9999	-9999	-9999
12	21	7.689	0.660354	6.273	-3.363	3.92806	2.9421	0	-9999	-9999	-9999	-9999
12	22	7.5375	2.89881	6.532	-3.329	3.70442	3.12999	0	-9999	-9999	-9999	-9999
12	23	4.46605	1.1641	3.657	-2.994	3.09886	3.95763	0	-9999	-9999	-9999	-9999
12	24	7.74517	-0.870667	2.806	-3.905	3.72035	3.00128	0	-9999	-9999	-9999	-9999
12	25	7.59793	0.745729	7.58	-5.928	3.36918	2.79129	0	-9999	-9999	-9999	-9999
12	26	6.01481	3.28958	4.749	1.503	2.97079	3.82231	0	-9999	-9999	-9999	-9999
12	27	5.73553	3.91252	7.13	0.246	2.89927	4.18132	0	-9999	-9999	-9999	-9999
12	28	1.72902	8.68	9.85	7.07	3.28008	5.81921	0	-9999	-9999	-9999	-9999
12	29	6.71203	8.9959	10.99	6.233	3.88525	6.89061	0	-9999	-9999	-9999	-9999
12	30	2.60971	8.84302	12.27	3.299	3.75883	7.44546	0.2	-9999	-9999	-9999	-9999
12	31	7.67298	4.17056	6.99	0.402	4.96376	6.6532	0	-9999	-9999	-9999	-9999
