annual output file at cell level

Annual summary output from 3D-CMCC version 'f', time 'd', spatial 'u'
years of simulation = 11


Cell 0, 0, Lat = 51.18, Long  = 4.31


Annual GPP = annual total gross primary production (gC/m2/year)
Annual NPP = annual total net primary production (tDM/m2/year)
Annual ET = annual canopy transpiration(mm/year)
Annual PEAK_LAI = annual Peak Lai (m^2/m^2)
Annual Dead tree = annual dead tree (n tree/cell)



-YEAR      GPP(2)     GPP(1)     GPP(0)  GPP (tot)     NPP(2)     NPP(1)     NPP(0)  NPP (tot)      ET(2)      ET(1)      ET(0)    ET(tot) PEAK_LAI(2) PEAK_LAI(1) PEAK_LAI(0)      CC(2)      CC(1)      CC(0) DEAD TREE(2) DEAD TREE(1) DEAD TREE(0) DEAD TREE(tot)

-2001     276.627    366.227    68.6173    711.471    2.65562    3.51578   0.658726    6.83013     156.08     246.96    146.994    550.035    4.16362    3.46714    2.74498    25.7685    46.8449    15.9481              0             0            0             0 
-2002     281.801    364.606    62.0881    708.495    2.70529    3.50022   0.596046    6.80156    152.587    236.626    138.178    527.391    4.25836    3.61587    3.04632     26.271     47.665    16.1255              0             0            0             0 
-2003     322.163    407.037     68.788    797.989    3.09277    3.90756   0.660365    7.66069    204.443     307.89    176.275    688.608    4.27418    3.62794    3.05279     26.853    48.5927    16.3257              0             0            0             0 
-2004     302.946     388.75    63.7997    755.496    2.90828      3.732   0.612477    7.25276    172.272    264.329    149.303    585.904     4.2922    3.64139    3.06003    27.3957    49.4705    16.5091              0             0            0             0 
-2005     414.198    525.888    86.5571    1026.64     3.9763    5.04852   0.830948    9.85577    229.642    362.696    202.259    794.597    4.30872    3.65393    3.06661    28.1418     50.666    16.7619              0             0            0             0 
-2006     274.419    346.574    54.8085    675.801    2.63442    3.32711   0.526162    6.48769    162.585    255.813    139.331    557.728      4.331    3.67072    3.07557    28.6204    51.4276    16.9148              0             0            0             0 
-2007      326.93    394.523    64.6579     786.11    3.13853    3.78742   0.620716    7.54667    177.293    269.337    152.957    599.587    4.34505    3.68125    3.08093    29.1957    52.3032    17.0985              0             0            0             0 
-2008     285.333    355.074    53.7354    694.143     2.7392    3.40871    0.51586    6.66377    151.117    238.816    128.932    518.865    4.36168     3.6932    3.08733    29.6901    53.0782    17.2475              0             0            0             0 
-2009     311.148    367.292    55.3968    733.836    2.98702      3.526    0.53181    7.04483    165.675    257.613    138.715    562.003    4.37577    3.70365    3.09248    30.2281    53.8788    17.4017              0             0            0             0 
-2010     247.141    288.037    45.4514     580.63    2.37255    2.76516   0.436333    5.57405    142.959    208.503    116.606    468.067    4.39088    3.71431    3.09777     30.647    54.4937     17.525              0             0            0             0 
-2011     323.478    393.629    60.8392    777.946    3.10539    3.77884   0.584056    7.46828    165.312    261.598    143.196    570.105     4.4025    3.72241    3.10197    31.2017    55.3458    17.6936              0             0            0             0 
----------------------------------------------------------------------------------------------------------------------------------------------------------------------------------------------------------------------------------------
-AVG      336.618    419.764    68.4739    824.856    3.23154    4.02973    0.65735    7.91862    187.996    291.018    163.274    642.289 
