Month	n_days	Rg_f	Ta_f	Tmax	Tmin	VPD_f	Ts_f	Precip	SWC	LAI	ET	LITTERFALL
1	1	3.237633	0.613337	4.196110	-2.377940	0.728073	-9999	1.629240	-9999	-9999	-9999	-9999
1	2	2.125811	-2.217660	1.930510	-5.938820	0.517725	-9999	3.042120	-9999	-9999	-9999	-9999
1	3	3.316360	-0.750371	3.607300	-5.294560	0.894364	-9999	0.029188	-9999	-9999	-9999	-9999
1	4	1.646205	-0.785955	3.356870	-4.028450	0.594477	-9999	4.515580	-9999	-9999	-9999	-9999
1	5	1.279195	-2.913000	0.478424	-6.443520	0.681281	-9999	4.886730	-9999	-9999	-9999	-9999
1	6	2.485460	1.212090	5.159120	-6.051920	1.172803	-9999	0.093630	-9999	-9999	-9999	-9999
1	7	1.566700	1.432610	4.005400	-1.346900	0.673106	-9999	0.001092	-9999	-9999	-9999	-9999
1	8	2.626612	-0.678716	3.850220	-3.911140	0.230033	-9999	0.007497	-9999	-9999	-9999	-9999
1	9	3.606267	0.891780	4.388000	-4.095620	1.387482	-9999	0.000373	-9999	-9999	-9999	-9999
1	10	3.450090	1.895500	5.589320	-2.359020	1.744901	-9999	0.000090	-9999	-9999	-9999	-9999
1	11	3.694378	0.969111	4.392550	-1.896550	0.855208	-9999	0.008778	-9999	-9999	-9999	-9999
1	12	3.787482	2.862090	8.315640	-2.226260	2.198418	-9999	0.000000	-9999	-9999	-9999	-9999
1	13	3.613792	4.286130	7.661100	0.599571	2.061306	-9999	0.000001	-9999	-9999	-9999	-9999
1	14	3.760733	2.219540	5.148620	0.161858	0.896664	-9999	0.000000	-9999	-9999	-9999	-9999
1	15	2.521463	2.657220	4.793060	-0.316871	0.486062	-9999	0.023213	-9999	-9999	-9999	-9999
1	16	2.675773	3.862510	6.120640	1.129660	0.490898	-9999	0.206183	-9999	-9999	-9999	-9999
1	17	3.192661	4.220270	7.887660	1.697470	0.592839	-9999	0.086640	-9999	-9999	-9999	-9999
1	18	3.861424	2.919700	5.961240	0.759545	1.143609	-9999	0.164258	-9999	-9999	-9999	-9999
1	19	4.565238	1.604370	5.747680	-1.330020	0.945871	-9999	0.000000	-9999	-9999	-9999	-9999
1	20	4.587685	0.311457	4.626400	-2.226360	0.775162	-9999	0.061437	-9999	-9999	-9999	-9999
1	21	4.683649	0.498164	4.944060	-2.255200	0.718731	-9999	0.001544	-9999	-9999	-9999	-9999
1	22	4.697508	2.805230	5.572780	-1.086070	0.695943	-9999	0.689339	-9999	-9999	-9999	-9999
1	23	4.165793	2.125180	4.742890	0.111870	0.921814	-9999	2.116020	-9999	-9999	-9999	-9999
1	24	4.243268	1.833550	4.355830	-0.286476	0.995231	-9999	0.283347	-9999	-9999	-9999	-9999
1	25	4.966048	1.823390	5.476990	-0.680763	1.010302	-9999	0.013165	-9999	-9999	-9999	-9999
1	26	2.331245	2.281730	4.576020	0.098320	0.314888	-9999	6.093010	-9999	-9999	-9999	-9999
1	27	2.605297	-1.112680	2.021940	-3.169350	0.302876	-9999	8.323710	-9999	-9999	-9999	-9999
1	28	3.696641	-1.559420	1.839970	-3.689030	0.416695	-9999	0.605648	-9999	-9999	-9999	-9999
1	29	3.035336	-2.223640	0.573517	-4.464120	0.410007	-9999	3.928350	-9999	-9999	-9999	-9999
1	30	3.907725	-2.009040	0.607483	-4.973820	0.346758	-9999	4.382650	-9999	-9999	-9999	-9999
1	31	3.020345	1.266380	4.074430	-2.292120	0.386040	-9999	13.586600	-9999	-9999	-9999	-9999
2	1	1.278236	-5.118200	0.426843	-7.332030	0.559402	-9999	7.099690	-9999	-9999	-9999	-9999
2	2	1.770224	-8.644480	-5.013740	-11.306200	0.446049	-9999	2.557470	-9999	-9999	-9999	-9999
2	3	2.364967	-10.227900	-7.624090	-12.607200	0.409551	-9999	2.571430	-9999	-9999	-9999	-9999
2	4	2.714861	-11.065700	-8.611000	-13.259700	0.408038	-9999	6.026420	-9999	-9999	-9999	-9999
2	5	5.460186	-10.642700	-6.909400	-14.016000	0.450797	-9999	4.581180	-9999	-9999	-9999	-9999
2	6	5.372939	-9.187390	-4.521950	-13.214200	0.510637	-9999	2.288500	-9999	-9999	-9999	-9999
2	7	5.327485	-10.660900	-6.340490	-15.415600	0.452978	-9999	0.780889	-9999	-9999	-9999	-9999
2	8	6.686151	-8.946600	-2.355020	-13.460300	0.795766	-9999	0.000000	-9999	-9999	-9999	-9999
2	9	6.626681	-5.689860	0.428949	-11.476800	1.212487	-9999	0.000000	-9999	-9999	-9999	-9999
2	10	5.708785	-4.134070	2.213530	-8.149320	1.102222	-9999	0.000000	-9999	-9999	-9999	-9999
2	11	5.610574	-2.997870	1.670430	-6.890410	1.044553	-9999	0.000000	-9999	-9999	-9999	-9999
2	12	6.809106	-2.843820	3.254210	-6.537230	1.243324	-9999	0.000000	-9999	-9999	-9999	-9999
2	13	7.064790	-3.927190	2.866080	-8.458560	0.781317	-9999	0.000067	-9999	-9999	-9999	-9999
2	14	7.250101	-5.931160	1.108700	-9.692020	0.516169	-9999	0.396440	-9999	-9999	-9999	-9999
2	15	6.481763	-10.515300	-6.796330	-13.823200	0.426176	-9999	1.077090	-9999	-9999	-9999	-9999
2	16	3.828756	-10.034600	-6.624400	-12.802700	0.427514	-9999	3.278340	-9999	-9999	-9999	-9999
2	17	4.723194	-8.708470	-5.823030	-12.591500	0.436060	-9999	3.546310	-9999	-9999	-9999	-9999
2	18	4.510590	-7.032840	-3.754550	-9.660430	0.474429	-9999	3.263970	-9999	-9999	-9999	-9999
2	19	4.978074	-6.984530	-1.777870	-11.918000	0.448807	-9999	3.261400	-9999	-9999	-9999	-9999
2	20	7.677573	-5.612490	-0.750067	-12.293500	0.630857	-9999	0.631348	-9999	-9999	-9999	-9999
2	21	4.723842	-9.115390	-3.518960	-13.231100	0.410152	-9999	4.808150	-9999	-9999	-9999	-9999
2	22	7.258498	-9.706310	-4.354410	-17.374100	0.482664	-9999	1.052050	-9999	-9999	-9999	-9999
2	23	7.304947	-6.062540	-1.898290	-11.214300	0.680348	-9999	0.757456	-9999	-9999	-9999	-9999
2	24	5.800870	-3.087320	0.615503	-6.588380	0.405600	-9999	3.116200	-9999	-9999	-9999	-9999
2	25	4.250318	-3.010720	-0.004157	-5.089320	0.347118	-9999	3.977640	-9999	-9999	-9999	-9999
2	26	8.398011	-2.901470	2.588560	-5.946810	0.778217	-9999	0.445731	-9999	-9999	-9999	-9999
2	27	6.107331	-1.398510	2.895470	-5.869870	0.639213	-9999	1.400310	-9999	-9999	-9999	-9999
2	28	5.565015	-1.260630	2.078820	-3.945980	0.355284	-9999	3.612240	-9999	-9999	-9999	-9999
3	1	4.064014	0.717502	3.901300	-2.512930	0.604381	-9999	4.656670	-9999	-9999	-9999	-9999
3	2	5.967130	3.020850	5.515710	-2.514880	0.483822	-9999	6.544170	-9999	-9999	-9999	-9999
3	3	7.875697	1.895180	4.967490	-1.230550	0.417793	-9999	4.203000	-9999	-9999	-9999	-9999
3	4	4.717829	0.383030	4.371480	-2.850270	0.407318	-9999	2.232720	-9999	-9999	-9999	-9999
3	5	10.562314	-0.574551	5.523150	-4.921220	0.998414	-9999	0.030240	-9999	-9999	-9999	-9999
3	6	7.101216	0.803867	4.824760	-3.916740	0.996002	-9999	0.786205	-9999	-9999	-9999	-9999
3	7	5.587825	0.072910	3.929560	-3.809320	0.420037	-9999	2.414960	-9999	-9999	-9999	-9999
3	8	8.584816	-2.772120	3.170520	-7.812340	0.713902	-9999	0.031217	-9999	-9999	-9999	-9999
3	9	11.028787	-6.106410	0.362937	-10.274700	0.853295	-9999	0.000000	-9999	-9999	-9999	-9999
3	10	11.035872	-7.704620	-1.439220	-12.070500	0.410129	-9999	0.077143	-9999	-9999	-9999	-9999
3	11	11.643005	-3.909480	2.972280	-12.889600	1.579019	-9999	0.000000	-9999	-9999	-9999	-9999
3	12	11.946874	1.452090	6.958090	-5.386650	4.333735	-9999	0.000000	-9999	-9999	-9999	-9999
3	13	12.180413	3.857270	9.197320	-1.380850	6.684201	-9999	0.000000	-9999	-9999	-9999	-9999
3	14	12.209184	3.530730	9.650470	-0.572408	4.073606	-9999	0.000000	-9999	-9999	-9999	-9999
3	15	12.485405	4.246370	10.514500	-1.623370	4.969482	-9999	0.000000	-9999	-9999	-9999	-9999
3	16	11.538979	5.942630	10.736200	2.034830	3.723801	-9999	0.000000	-9999	-9999	-9999	-9999
3	17	11.702794	8.841770	13.250000	4.843360	4.596939	-9999	0.000000	-9999	-9999	-9999	-9999
3	18	12.337575	10.828600	16.117400	5.994700	4.982368	-9999	0.000000	-9999	-9999	-9999	-9999
3	19	10.761897	8.867070	14.693700	5.254130	2.065655	-9999	0.274034	-9999	-9999	-9999	-9999
3	20	4.252807	7.174410	11.323100	4.887400	1.065610	-9999	0.080795	-9999	-9999	-9999	-9999
3	21	12.985748	6.677770	12.540000	2.138040	1.473896	-9999	5.259530	-9999	-9999	-9999	-9999
3	22	8.496758	1.139070	4.434710	-1.145620	1.065683	-9999	2.725220	-9999	-9999	-9999	-9999
3	23	13.885948	4.135350	9.504540	-1.493490	1.239949	-9999	0.003022	-9999	-9999	-9999	-9999
3	24	14.461200	7.046700	13.913700	1.952160	1.569187	-9999	0.000046	-9999	-9999	-9999	-9999
3	25	14.537232	10.308400	17.732300	4.084790	4.323619	-9999	0.000000	-9999	-9999	-9999	-9999
3	26	9.371808	10.269100	14.826500	5.994420	2.411024	-9999	0.457865	-9999	-9999	-9999	-9999
3	27	11.755671	9.927590	16.071600	5.827010	1.531881	-9999	0.013046	-9999	-9999	-9999	-9999
3	28	10.666685	9.308780	15.539100	5.050000	1.874659	-9999	0.033953	-9999	-9999	-9999	-9999
3	29	5.413236	7.164340	11.107800	4.939460	0.969600	-9999	5.512690	-9999	-9999	-9999	-9999
3	30	6.273979	6.488070	12.405400	2.045390	1.129312	-9999	9.355060	-9999	-9999	-9999	-9999
3	31	8.496930	2.875030	5.834160	0.848246	1.337322	-9999	9.731210	-9999	-9999	-9999	-9999
4	1	8.734176	0.389017	3.317350	-2.025770	0.717238	-9999	5.201410	-9999	-9999	-9999	-9999
4	2	15.758064	1.541150	7.412420	-3.242560	1.520916	-9999	0.215817	-9999	-9999	-9999	-9999
4	3	15.240959	5.369330	13.015500	-1.262460	2.303183	-9999	0.000002	-9999	-9999	-9999	-9999
4	4	12.107751	7.205730	12.050900	1.989950	1.813281	-9999	1.454380	-9999	-9999	-9999	-9999
4	5	8.233479	5.898690	12.835800	1.202690	0.847635	-9999	11.782300	-9999	-9999	-9999	-9999
4	6	6.995160	4.914130	10.115200	1.202900	0.782860	-9999	8.341230	-9999	-9999	-9999	-9999
4	7	15.287184	5.593180	11.334500	1.122730	1.522229	-9999	0.457863	-9999	-9999	-9999	-9999
4	8	15.940713	7.235790	13.014100	3.075250	1.921285	-9999	0.000016	-9999	-9999	-9999	-9999
4	9	7.342263	4.392310	9.993100	1.351640	0.924439	-9999	10.528700	-9999	-9999	-9999	-9999
4	10	9.383645	3.687600	8.487250	1.131400	0.842668	-9999	5.984560	-9999	-9999	-9999	-9999
4	11	10.775894	4.445140	9.362950	0.851675	1.252103	-9999	7.565310	-9999	-9999	-9999	-9999
4	12	9.576317	2.572090	6.467010	0.330526	1.082521	-9999	3.736950	-9999	-9999	-9999	-9999
4	13	8.815133	2.238990	5.070470	-0.227549	0.894975	-9999	6.700440	-9999	-9999	-9999	-9999
4	14	5.603221	1.726140	3.589880	-0.309824	0.669886	-9999	5.958810	-9999	-9999	-9999	-9999
4	15	9.636883	2.281810	5.833590	-0.776560	1.182015	-9999	0.742975	-9999	-9999	-9999	-9999
4	16	7.158309	3.756450	7.372900	0.578542	0.902174	-9999	2.777780	-9999	-9999	-9999	-9999
4	17	18.368294	5.009960	10.947300	1.028830	1.183435	-9999	0.007302	-9999	-9999	-9999	-9999
4	18	18.836064	5.920110	12.599600	1.246020	1.476563	-9999	0.000004	-9999	-9999	-9999	-9999
4	19	13.187232	4.251960	9.847840	0.596304	0.971902	-9999	0.033975	-9999	-9999	-9999	-9999
4	20	18.919441	5.683050	12.830300	0.775564	1.377648	-9999	0.000120	-9999	-9999	-9999	-9999
4	21	18.918748	5.551370	12.655700	0.319448	2.372440	-9999	0.044901	-9999	-9999	-9999	-9999
4	22	9.418810	-0.315969	2.604800	-2.323530	1.224216	-9999	5.220320	-9999	-9999	-9999	-9999
4	23	9.162634	-1.107630	1.627200	-3.586950	0.919272	-9999	3.722710	-9999	-9999	-9999	-9999
4	24	15.609802	1.345710	6.531950	-3.077490	1.301591	-9999	0.036952	-9999	-9999	-9999	-9999
4	25	20.308233	4.569650	11.124700	-2.225350	2.125741	-9999	0.041344	-9999	-9999	-9999	-9999
4	26	18.581962	6.791700	13.782300	1.259210	2.311908	-9999	0.000126	-9999	-9999	-9999	-9999
4	27	20.266071	8.464430	16.110000	1.929530	2.722655	-9999	0.000000	-9999	-9999	-9999	-9999
4	28	9.753696	8.814160	13.357400	3.700610	1.552878	-9999	1.575280	-9999	-9999	-9999	-9999
4	29	19.114099	10.488200	16.278600	5.382190	2.114394	-9999	0.960346	-9999	-9999	-9999	-9999
4	30	5.633919	8.806960	12.357700	6.165730	1.080554	-9999	2.557450	-9999	-9999	-9999	-9999
5	1	8.509700	9.304470	13.445800	3.815710	1.081460	-9999	1.834670	-9999	-9999	-9999	-9999
5	2	18.465408	9.419890	15.957700	4.189120	2.257493	-9999	0.000000	-9999	-9999	-9999	-9999
5	3	19.747238	9.009210	15.376600	3.354220	2.523050	-9999	0.000001	-9999	-9999	-9999	-9999
5	4	15.133652	9.234950	14.495400	2.889720	2.222390	-9999	0.564793	-9999	-9999	-9999	-9999
5	5	5.308416	10.026600	13.382500	6.116610	1.368413	-9999	5.855470	-9999	-9999	-9999	-9999
5	6	9.846576	11.450100	14.796200	7.118080	1.541810	-9999	44.722100	-9999	-9999	-9999	-9999
5	7	9.531044	11.374500	15.502800	8.286840	1.705618	-9999	0.818059	-9999	-9999	-9999	-9999
5	8	16.863033	11.860800	17.327700	6.461070	2.216610	-9999	0.928586	-9999	-9999	-9999	-9999
5	9	12.966307	11.471900	16.197100	6.531260	2.029383	-9999	0.026881	-9999	-9999	-9999	-9999
5	10	21.874579	8.540770	14.781400	3.493810	2.856372	-9999	0.000000	-9999	-9999	-9999	-9999
5	11	18.790359	9.172600	14.857000	3.445350	2.413870	-9999	2.961190	-9999	-9999	-9999	-9999
5	12	10.927613	7.141780	11.543800	2.544140	1.810628	-9999	1.377530	-9999	-9999	-9999	-9999
5	13	18.375984	7.623590	14.332400	2.131450	2.750402	-9999	0.073799	-9999	-9999	-9999	-9999
5	14	14.554167	7.683410	13.304600	2.887610	1.935505	-9999	0.018524	-9999	-9999	-9999	-9999
5	15	17.926531	9.796750	16.147400	4.346320	2.674256	-9999	0.000920	-9999	-9999	-9999	-9999
5	16	21.876912	11.583600	18.424800	3.137090	4.231868	-9999	0.000003	-9999	-9999	-9999	-9999
5	17	13.440038	13.041500	17.914100	7.639010	3.624990	-9999	0.394377	-9999	-9999	-9999	-9999
5	18	19.230049	14.604200	22.157200	7.993780	4.288959	-9999	0.023623	-9999	-9999	-9999	-9999
5	19	16.033507	14.899800	22.280200	8.160960	3.591749	-9999	0.772643	-9999	-9999	-9999	-9999
5	20	14.504400	13.511100	19.702000	8.939830	3.227210	-9999	1.183640	-9999	-9999	-9999	-9999
5	21	3.988285	11.713300	14.698600	8.464820	1.542003	-9999	5.362250	-9999	-9999	-9999	-9999
5	22	18.423244	14.476600	20.980200	8.309390	3.680718	-9999	0.322154	-9999	-9999	-9999	-9999
5	23	20.609855	14.729200	23.702200	9.231240	3.097542	-9999	5.082740	-9999	-9999	-9999	-9999
5	24	5.136307	10.696000	12.989500	7.882090	1.619712	-9999	17.468800	-9999	-9999	-9999	-9999
5	25	10.709885	9.013970	12.682700	5.547280	2.068237	-9999	0.953052	-9999	-9999	-9999	-9999
5	26	5.880341	7.131250	9.234960	4.613930	1.238294	-9999	6.827870	-9999	-9999	-9999	-9999
5	27	19.923926	9.461880	14.028600	4.310860	2.254728	-9999	0.005755	-9999	-9999	-9999	-9999
5	28	21.362660	13.335000	19.631400	6.674780	2.662901	-9999	0.000923	-9999	-9999	-9999	-9999
5	29	21.014381	16.234100	23.293600	9.478890	3.616201	-9999	7.408270	-9999	-9999	-9999	-9999
5	30	4.311412	10.559000	15.200200	6.352420	1.783059	-9999	14.278500	-9999	-9999	-9999	-9999
5	31	12.831436	9.076350	13.581700	4.956760	2.717889	-9999	0.001587	-9999	-9999	-9999	-9999
6	1	21.280751	11.302200	17.211100	3.950930	2.870348	-9999	0.649012	-9999	-9999	-9999	-9999
6	2	17.493063	11.728000	16.660800	7.660920	2.803704	-9999	0.000000	-9999	-9999	-9999	-9999
6	3	21.552567	14.093400	20.257500	7.309970	3.427685	-9999	0.000000	-9999	-9999	-9999	-9999
6	4	22.345200	16.038100	23.516600	9.217230	4.109641	-9999	0.000000	-9999	-9999	-9999	-9999
6	5	19.717258	16.607000	24.392400	10.264600	5.453201	-9999	0.208195	-9999	-9999	-9999	-9999
6	6	13.003113	14.953200	22.650400	11.398100	2.703191	-9999	9.306070	-9999	-9999	-9999	-9999
6	7	14.007082	12.537800	16.323800	9.769930	2.862200	-9999	1.102000	-9999	-9999	-9999	-9999
6	8	11.652595	11.798700	15.411900	9.058510	2.078132	-9999	3.498270	-9999	-9999	-9999	-9999
6	9	23.485162	14.463500	20.000600	8.461370	4.641253	-9999	0.000000	-9999	-9999	-9999	-9999
6	10	17.056310	14.068600	20.060100	9.424290	3.241088	-9999	0.648921	-9999	-9999	-9999	-9999
6	11	13.794279	11.499700	15.138200	8.457800	2.414669	-9999	8.437150	-9999	-9999	-9999	-9999
6	12	3.344743	9.046420	10.980800	6.959630	1.297219	-9999	9.305270	-9999	-9999	-9999	-9999
6	13	4.204570	8.314370	10.353400	6.256140	1.180205	-9999	6.144570	-9999	-9999	-9999	-9999
6	14	9.730195	9.380290	12.989400	6.951780	1.640384	-9999	9.699030	-9999	-9999	-9999	-9999
6	15	5.353214	7.929600	9.741540	6.432310	1.053675	-9999	13.469300	-9999	-9999	-9999	-9999
6	16	11.833603	9.740060	13.167700	7.091890	2.069275	-9999	2.020610	-9999	-9999	-9999	-9999
6	17	16.108762	14.029700	19.682700	7.225160	2.908618	-9999	0.869862	-9999	-9999	-9999	-9999
6	18	23.886230	15.910200	22.459200	10.171900	3.920688	-9999	0.000000	-9999	-9999	-9999	-9999
6	19	20.032704	16.352800	22.558500	10.169100	4.384490	-9999	0.000000	-9999	-9999	-9999	-9999
6	20	23.971420	17.642700	24.467600	10.498500	4.724057	-9999	0.000000	-9999	-9999	-9999	-9999
6	21	23.946883	20.217900	28.467500	12.460900	6.093764	-9999	0.000000	-9999	-9999	-9999	-9999
6	22	3.652214	11.900600	16.433500	10.025900	1.698289	-9999	0.040402	-9999	-9999	-9999	-9999
6	23	7.359258	11.147600	16.998300	7.999330	1.169279	-9999	16.258100	-9999	-9999	-9999	-9999
6	24	14.324688	11.853500	17.442400	7.598450	2.250751	-9999	2.788520	-9999	-9999	-9999	-9999
6	25	10.098000	11.697000	15.100700	7.613890	1.498994	-9999	6.476220	-9999	-9999	-9999	-9999
6	26	6.669078	12.386700	16.027000	9.251440	1.375239	-9999	4.716090	-9999	-9999	-9999	-9999
6	27	9.183888	12.738800	17.725900	9.617010	1.627325	-9999	5.070650	-9999	-9999	-9999	-9999
6	28	7.737379	12.896100	15.857500	10.009200	1.518357	-9999	6.023000	-9999	-9999	-9999	-9999
6	29	18.650909	14.538000	20.522600	9.015930	2.723277	-9999	0.808423	-9999	-9999	-9999	-9999
6	30	18.035740	17.142100	22.612400	10.338600	3.878051	-9999	0.963028	-9999	-9999	-9999	-9999
7	1	1.632925	14.391500	16.422600	12.414900	0.478382	-9999	20.113800	-9999	-9999	-9999	-9999
7	2	2.948184	13.061200	15.093100	11.314300	0.857970	-9999	22.650100	-9999	-9999	-9999	-9999
7	3	6.385271	13.830800	16.972500	11.060600	1.569863	-9999	1.911730	-9999	-9999	-9999	-9999
7	4	6.272821	14.019100	17.510300	11.073700	1.562032	-9999	4.543960	-9999	-9999	-9999	-9999
7	5	5.222578	12.150900	14.378400	10.051500	1.574860	-9999	23.182600	-9999	-9999	-9999	-9999
7	6	17.381951	14.322800	19.276900	9.742800	3.450784	-9999	0.000000	-9999	-9999	-9999	-9999
7	7	22.876646	18.377700	23.121600	10.559700	5.254161	-9999	0.000000	-9999	-9999	-9999	-9999
7	8	15.557789	18.103100	25.353100	14.039100	3.258343	-9999	13.379000	-9999	-9999	-9999	-9999
7	9	18.966356	16.662400	22.153800	12.210800	2.539844	-9999	0.000000	-9999	-9999	-9999	-9999
7	10	10.436170	15.498900	18.879900	12.263900	2.342086	-9999	0.041550	-9999	-9999	-9999	-9999
7	11	22.405594	16.684500	23.100500	11.610700	4.258220	-9999	0.000000	-9999	-9999	-9999	-9999
7	12	19.951142	16.099700	22.478800	12.361200	4.038320	-9999	0.105415	-9999	-9999	-9999	-9999
7	13	9.567504	12.961900	17.917200	9.009640	1.874131	-9999	1.559800	-9999	-9999	-9999	-9999
7	14	20.228745	13.892900	20.221600	7.202730	3.849608	-9999	0.003123	-9999	-9999	-9999	-9999
7	15	8.918899	12.676100	16.783100	10.032700	2.214239	-9999	4.287030	-9999	-9999	-9999	-9999
7	16	2.046643	11.940300	14.158300	9.482940	0.729835	-9999	20.442800	-9999	-9999	-9999	-9999
7	17	5.687669	11.245000	14.040600	9.009190	1.444215	-9999	5.027890	-9999	-9999	-9999	-9999
7	18	3.311695	11.014700	13.494400	8.662810	0.655600	-9999	9.085280	-9999	-9999	-9999	-9999
7	19	10.453622	13.025800	16.814000	9.388120	1.869200	-9999	0.060931	-9999	-9999	-9999	-9999
7	20	15.874790	14.576900	19.681800	9.680970	2.996239	-9999	0.912771	-9999	-9999	-9999	-9999
7	21	16.256592	13.433200	17.664500	9.291540	2.705535	-9999	0.068227	-9999	-9999	-9999	-9999
7	22	15.855351	15.914000	21.975400	8.830200	2.847200	-9999	0.439678	-9999	-9999	-9999	-9999
7	23	11.479364	16.004900	20.953300	11.524500	3.175168	-9999	0.586911	-9999	-9999	-9999	-9999
7	24	11.281162	13.473400	17.169000	9.589880	2.689031	-9999	6.089730	-9999	-9999	-9999	-9999
7	25	17.772652	12.774400	18.071700	8.807500	3.295897	-9999	0.010751	-9999	-9999	-9999	-9999
7	26	9.504518	14.089700	18.251100	9.421140	2.174370	-9999	3.020270	-9999	-9999	-9999	-9999
7	27	5.028532	12.111400	14.916100	9.509250	1.083104	-9999	12.452700	-9999	-9999	-9999	-9999
7	28	9.332841	10.747100	13.872900	7.468660	1.752999	-9999	6.597230	-9999	-9999	-9999	-9999
7	29	2.763685	10.545900	12.956000	8.589480	0.668663	-9999	23.008500	-9999	-9999	-9999	-9999
7	30	4.429693	10.616400	12.566000	8.254330	0.809230	-9999	31.131400	-9999	-9999	-9999	-9999
7	31	3.725680	11.431800	14.474200	9.411620	0.654262	-9999	8.284190	-9999	-9999	-9999	-9999
8	1	2.164787	11.074600	13.983400	7.453480	0.830290	-9999	5.971540	-9999	-9999	-9999	-9999
8	2	18.160934	12.248900	17.793700	5.548660	2.916707	-9999	0.000000	-9999	-9999	-9999	-9999
8	3	21.773232	16.387200	22.674500	7.827590	3.659027	-9999	0.000000	-9999	-9999	-9999	-9999
8	4	19.751041	19.855100	25.906100	12.984900	5.574010	-9999	0.024596	-9999	-9999	-9999	-9999
8	5	20.983017	20.259500	27.440700	15.041200	4.714825	-9999	0.000000	-9999	-9999	-9999	-9999
8	6	21.065529	19.738600	26.773100	13.882100	4.336155	-9999	0.000000	-9999	-9999	-9999	-9999
8	7	12.436244	18.757400	27.847300	13.185500	3.186549	-9999	4.402270	-9999	-9999	-9999	-9999
8	8	11.124087	15.665300	19.949100	11.999300	2.556680	-9999	0.069539	-9999	-9999	-9999	-9999
8	9	13.459479	18.880900	23.135900	13.357900	2.910625	-9999	4.483500	-9999	-9999	-9999	-9999
8	10	1.963501	16.642000	18.426100	14.654600	0.673225	-9999	19.645500	-9999	-9999	-9999	-9999
8	11	10.049789	16.293000	19.932600	13.460000	2.045297	-9999	0.018044	-9999	-9999	-9999	-9999
8	12	15.731885	17.479200	22.190400	12.510300	3.528427	-9999	0.000000	-9999	-9999	-9999	-9999
8	13	19.317571	18.780900	25.126800	13.829400	3.408476	-9999	0.000000	-9999	-9999	-9999	-9999
8	14	19.757088	19.550100	26.041200	13.714200	3.680363	-9999	0.000000	-9999	-9999	-9999	-9999
8	15	18.830102	21.140300	28.065600	14.892000	4.475542	-9999	0.024759	-9999	-9999	-9999	-9999
8	16	16.849296	22.953400	29.847000	16.875100	6.205469	-9999	0.537026	-9999	-9999	-9999	-9999
8	17	7.589402	21.362900	25.339600	17.693200	2.906711	-9999	15.632500	-9999	-9999	-9999	-9999
8	18	10.554711	19.175400	25.250500	14.657300	1.921019	-9999	11.990900	-9999	-9999	-9999	-9999
8	19	3.279917	13.778600	16.592200	11.528500	1.547262	-9999	15.381100	-9999	-9999	-9999	-9999
8	20	9.098438	10.650200	13.722800	8.240650	2.280078	-9999	2.457510	-9999	-9999	-9999	-9999
8	21	6.181669	8.317820	10.683900	5.648730	1.449641	-9999	21.516700	-9999	-9999	-9999	-9999
8	22	13.880937	8.546030	12.692400	5.679520	2.475448	-9999	1.829600	-9999	-9999	-9999	-9999
8	23	13.667875	15.459700	21.042500	5.976580	3.766955	-9999	0.252152	-9999	-9999	-9999	-9999
8	24	13.942022	16.630000	22.854700	11.166500	4.090150	-9999	0.731900	-9999	-9999	-9999	-9999
8	25	16.219268	15.745700	22.431500	10.669400	3.151873	-9999	1.301560	-9999	-9999	-9999	-9999
8	26	7.197016	15.379900	19.572400	11.966800	2.053759	-9999	7.252580	-9999	-9999	-9999	-9999
8	27	11.056263	13.813900	17.530800	9.898030	2.328277	-9999	0.000002	-9999	-9999	-9999	-9999
8	28	16.252186	16.682500	22.737500	8.593800	3.204396	-9999	0.000000	-9999	-9999	-9999	-9999
8	29	16.781299	18.579100	24.424100	13.140500	4.311142	-9999	0.002378	-9999	-9999	-9999	-9999
8	30	15.381965	18.386500	24.374300	14.231900	4.334191	-9999	0.000000	-9999	-9999	-9999	-9999
8	31	5.592101	17.555000	23.555200	13.869300	1.128050	-9999	4.797830	-9999	-9999	-9999	-9999
9	1	9.646301	11.757300	16.172500	9.724220	1.789297	-9999	9.431660	-9999	-9999	-9999	-9999
9	2	2.601616	12.308800	14.066100	9.729440	1.059243	-9999	9.883620	-9999	-9999	-9999	-9999
9	3	16.357162	15.371200	20.525900	9.912640	3.198698	-9999	0.012974	-9999	-9999	-9999	-9999
9	4	13.343616	15.322700	20.423600	10.760200	1.783289	-9999	0.242079	-9999	-9999	-9999	-9999
9	5	2.091062	12.586500	14.339300	10.427000	0.695362	-9999	0.934612	-9999	-9999	-9999	-9999
9	6	4.975171	15.032200	18.507400	10.090400	1.544194	-9999	1.106560	-9999	-9999	-9999	-9999
9	7	7.559827	15.083900	19.292300	11.089100	1.909940	-9999	2.407380	-9999	-9999	-9999	-9999
9	8	13.869187	15.950900	21.531100	10.981800	2.611718	-9999	0.321207	-9999	-9999	-9999	-9999
9	9	14.601860	17.138400	23.202200	11.578000	3.290002	-9999	0.240492	-9999	-9999	-9999	-9999
9	10	8.018058	17.461000	23.328400	13.549100	3.072094	-9999	0.430565	-9999	-9999	-9999	-9999
9	11	2.730715	14.980300	18.481100	11.653800	1.589469	-9999	24.687400	-9999	-9999	-9999	-9999
9	12	10.112601	13.786800	18.482700	11.015900	1.636982	-9999	9.500080	-9999	-9999	-9999	-9999
9	13	12.776140	11.370700	15.771700	6.225380	2.508917	-9999	0.000014	-9999	-9999	-9999	-9999
9	14	8.313943	9.648820	14.133400	6.126110	1.689821	-9999	23.714800	-9999	-9999	-9999	-9999
9	15	11.088403	8.700880	12.707200	4.837500	1.975316	-9999	0.889656	-9999	-9999	-9999	-9999
9	16	10.183277	10.434500	15.630400	6.953620	1.779985	-9999	0.026310	-9999	-9999	-9999	-9999
9	17	14.312246	14.560400	21.148700	7.557600	3.789064	-9999	0.000000	-9999	-9999	-9999	-9999
9	18	10.649491	16.469100	21.702500	12.443800	4.103941	-9999	0.000000	-9999	-9999	-9999	-9999
9	19	13.817779	17.891100	25.626300	12.196400	5.192079	-9999	0.000000	-9999	-9999	-9999	-9999
9	20	10.139904	16.835700	21.646500	11.666900	1.626198	-9999	0.346895	-9999	-9999	-9999	-9999
9	21	1.489208	12.215000	17.050400	8.419570	1.149435	-9999	6.557330	-9999	-9999	-9999	-9999
9	22	13.630032	11.281000	17.078700	6.273900	2.827213	-9999	0.000000	-9999	-9999	-9999	-9999
9	23	13.490928	14.906900	21.872900	8.459300	6.331907	-9999	0.000000	-9999	-9999	-9999	-9999
9	24	2.891298	13.823400	17.399900	10.531000	1.137181	-9999	0.000000	-9999	-9999	-9999	-9999
9	25	8.493016	15.398200	20.131200	11.086400	1.998322	-9999	4.424740	-9999	-9999	-9999	-9999
9	26	2.514767	12.676400	15.538300	9.229810	1.186660	-9999	6.482370	-9999	-9999	-9999	-9999
9	27	8.217616	14.398300	18.700700	9.296950	1.698750	-9999	7.592970	-9999	-9999	-9999	-9999
9	28	2.758355	6.979810	13.728700	2.650370	1.399226	-9999	17.490900	-9999	-9999	-9999	-9999
9	29	2.432099	3.550370	5.356510	1.201580	0.725572	-9999	9.961900	-9999	-9999	-9999	-9999
9	30	7.365133	5.634480	9.333310	1.244910	1.375144	-9999	7.550620	-9999	-9999	-9999	-9999
10	1	3.928729	5.551980	9.559550	2.123170	0.551202	-9999	14.854600	-9999	-9999	-9999	-9999
10	2	3.280936	4.756480	7.747510	2.186640	0.973491	-9999	4.120140	-9999	-9999	-9999	-9999
10	3	7.825516	5.494790	9.200790	1.991390	1.498081	-9999	2.633760	-9999	-9999	-9999	-9999
10	4	10.991894	8.949080	16.666700	3.379360	2.271951	-9999	0.000000	-9999	-9999	-9999	-9999
10	5	8.602710	10.486200	16.553900	4.129820	2.088135	-9999	4.857580	-9999	-9999	-9999	-9999
10	6	3.126600	9.289110	11.941200	6.711700	0.830556	-9999	12.775400	-9999	-9999	-9999	-9999
10	7	10.777709	10.577100	17.218600	5.829370	1.817856	-9999	0.231259	-9999	-9999	-9999	-9999
10	8	9.825408	12.706100	18.429900	6.607270	1.821956	-9999	0.000000	-9999	-9999	-9999	-9999
10	9	2.914894	10.917500	19.449800	6.608920	0.847955	-9999	0.574131	-9999	-9999	-9999	-9999
10	10	3.860620	7.546740	11.253400	4.824890	1.050076	-9999	0.675435	-9999	-9999	-9999	-9999
10	11	10.305533	11.341200	18.775000	4.801820	2.825604	-9999	0.000000	-9999	-9999	-9999	-9999
10	12	4.982930	14.453100	19.864800	8.512850	1.387412	-9999	3.105800	-9999	-9999	-9999	-9999
10	13	9.004781	14.355600	19.906100	10.377500	3.098711	-9999	3.620490	-9999	-9999	-9999	-9999
10	14	4.352314	6.950940	14.581300	2.888460	0.938241	-9999	4.058350	-9999	-9999	-9999	-9999
10	15	3.132570	5.161910	8.537520	2.120570	0.592359	-9999	8.532190	-9999	-9999	-9999	-9999
10	16	9.635415	7.127940	13.248800	1.912990	3.472386	-9999	0.000003	-9999	-9999	-9999	-9999
10	17	8.871034	9.654650	16.316500	5.065340	3.925729	-9999	0.000000	-9999	-9999	-9999	-9999
10	18	9.107770	9.623850	16.416200	5.637240	5.018486	-9999	0.000000	-9999	-9999	-9999	-9999
10	19	8.913974	12.918000	20.982000	5.698270	6.714854	-9999	0.000000	-9999	-9999	-9999	-9999
10	20	8.776944	11.620200	18.795500	7.228120	3.675760	-9999	0.000000	-9999	-9999	-9999	-9999
10	21	7.489428	9.960980	15.072700	6.045350	1.861370	-9999	0.000122	-9999	-9999	-9999	-9999
10	22	7.942968	9.473620	15.133700	5.560610	2.693632	-9999	0.000000	-9999	-9999	-9999	-9999
10	23	8.432890	8.998640	15.690300	5.261500	5.030836	-9999	0.000000	-9999	-9999	-9999	-9999
10	24	8.179048	10.404400	17.715200	5.445770	5.346337	-9999	0.000000	-9999	-9999	-9999	-9999
10	25	8.082755	10.670700	15.754200	6.493560	4.507181	-9999	0.000000	-9999	-9999	-9999	-9999
10	26	4.619644	10.661600	14.552200	6.662380	2.056560	-9999	0.024753	-9999	-9999	-9999	-9999
10	27	3.194519	9.900830	13.803100	5.954280	1.326506	-9999	4.971580	-9999	-9999	-9999	-9999
10	28	6.055629	10.638300	16.637700	6.218900	1.727343	-9999	0.225546	-9999	-9999	-9999	-9999
10	29	2.492346	7.054850	13.253400	2.822600	1.293219	-9999	5.952540	-9999	-9999	-9999	-9999
10	30	7.074579	5.633920	9.972550	1.990720	1.837851	-9999	0.613873	-9999	-9999	-9999	-9999
10	31	7.012690	10.332900	17.237000	3.197110	4.529122	-9999	0.000000	-9999	-9999	-9999	-9999
11	1	6.204721	9.760250	14.074500	6.999030	2.567572	-9999	0.000000	-9999	-9999	-9999	-9999
11	2	0.963982	6.742220	9.366170	3.701940	0.456636	-9999	1.814770	-9999	-9999	-9999	-9999
11	3	6.604156	5.884770	10.102800	3.029430	1.662069	-9999	0.000000	-9999	-9999	-9999	-9999
11	4	6.157719	8.243650	12.045600	4.597880	3.960948	-9999	0.000000	-9999	-9999	-9999	-9999
11	5	6.137623	5.918580	11.224900	2.096290	1.825627	-9999	0.000000	-9999	-9999	-9999	-9999
11	6	6.250694	4.688540	8.878960	1.607950	1.036392	-9999	0.000000	-9999	-9999	-9999	-9999
11	7	6.081065	4.881710	9.104150	2.137400	1.397756	-9999	0.002808	-9999	-9999	-9999	-9999
11	8	5.823472	5.615360	10.266500	2.976170	1.180857	-9999	0.001510	-9999	-9999	-9999	-9999
11	9	5.982258	8.061650	13.620600	3.639320	2.927343	-9999	0.068243	-9999	-9999	-9999	-9999
11	10	5.286911	8.969790	12.926700	6.035930	1.352510	-9999	2.355780	-9999	-9999	-9999	-9999
11	11	1.225722	8.930050	12.398900	7.072880	0.629386	-9999	0.392683	-9999	-9999	-9999	-9999
11	12	5.522489	11.274900	15.510900	7.170660	3.895534	-9999	0.000000	-9999	-9999	-9999	-9999
11	13	5.327165	6.341710	11.292900	1.832190	1.415892	-9999	7.629430	-9999	-9999	-9999	-9999
11	14	2.377356	1.685640	4.173570	-0.631462	0.247968	-9999	13.050300	-9999	-9999	-9999	-9999
11	15	1.621711	-1.135440	2.141290	-6.323110	0.418696	-9999	4.424700	-9999	-9999	-9999	-9999
11	16	4.259434	-2.142330	3.623220	-7.458240	0.690997	-9999	0.111532	-9999	-9999	-9999	-9999
11	17	2.914764	-2.214260	1.399740	-5.873250	0.709472	-9999	2.179220	-9999	-9999	-9999	-9999
11	18	4.357126	0.810486	4.998070	-4.261590	0.763041	-9999	1.395930	-9999	-9999	-9999	-9999
11	19	2.800017	-1.366150	1.340810	-4.806420	0.532393	-9999	5.534660	-9999	-9999	-9999	-9999
11	20	2.835657	-0.888794	2.496630	-3.663840	0.443092	-9999	6.079420	-9999	-9999	-9999	-9999
11	21	1.513296	-2.528200	0.134542	-4.537190	0.361015	-9999	14.476600	-9999	-9999	-9999	-9999
11	22	3.150014	-3.912840	-1.347390	-5.689570	0.426776	-9999	0.952722	-9999	-9999	-9999	-9999
11	23	3.644991	-2.851380	2.290090	-6.833280	0.509970	-9999	0.388384	-9999	-9999	-9999	-9999
11	24	1.622834	-2.993770	-0.415812	-5.860920	0.505988	-9999	4.873750	-9999	-9999	-9999	-9999
11	25	3.139102	-3.071530	-0.464762	-5.686640	0.530929	-9999	2.706290	-9999	-9999	-9999	-9999
11	26	3.159786	-1.346040	2.665760	-3.958280	0.450113	-9999	1.780510	-9999	-9999	-9999	-9999
11	27	4.037170	1.028050	5.118400	-3.187340	2.205398	-9999	0.000000	-9999	-9999	-9999	-9999
11	28	3.990203	0.450897	5.403100	-4.104300	1.230842	-9999	0.056416	-9999	-9999	-9999	-9999
11	29	3.160944	0.993042	4.607230	-1.132740	0.578578	-9999	1.493970	-9999	-9999	-9999	-9999
11	30	2.174999	-1.912840	3.190880	-6.423420	0.658649	-9999	2.927110	-9999	-9999	-9999	-9999
12	1	2.713496	1.033410	4.119960	-6.748510	0.385227	-9999	17.979900	-9999	-9999	-9999	-9999
12	2	0.911883	2.981990	4.453860	1.502380	0.483973	-9999	3.261140	-9999	-9999	-9999	-9999
12	3	3.634286	1.901790	3.689120	0.245906	0.636179	-9999	0.297082	-9999	-9999	-9999	-9999
12	4	1.823861	2.718990	4.769710	1.654810	0.491835	-9999	4.917080	-9999	-9999	-9999	-9999
12	5	3.581254	2.507380	5.738920	0.278865	1.582391	-9999	0.000000	-9999	-9999	-9999	-9999
12	6	3.593151	2.272390	4.360410	-0.312017	0.644732	-9999	0.083337	-9999	-9999	-9999	-9999
12	7	2.356197	-0.201574	3.181580	-3.197820	0.498357	-9999	6.404560	-9999	-9999	-9999	-9999
12	8	3.374758	2.739100	6.452390	-3.836250	1.853456	-9999	0.000000	-9999	-9999	-9999	-9999
12	9	3.657701	3.622310	7.662480	0.795436	1.850008	-9999	0.000000	-9999	-9999	-9999	-9999
12	10	2.828762	3.443690	7.441740	0.352809	0.589357	-9999	0.000036	-9999	-9999	-9999	-9999
12	11	3.512194	5.842890	8.543330	2.681570	1.364058	-9999	0.000000	-9999	-9999	-9999	-9999
12	12	3.531617	5.215880	9.588170	2.531700	1.407511	-9999	0.723221	-9999	-9999	-9999	-9999
12	13	2.340853	1.795280	3.893620	-0.047612	0.737240	-9999	6.510650	-9999	-9999	-9999	-9999
12	14	1.669862	-1.611120	1.716460	-4.139930	0.327943	-9999	13.354300	-9999	-9999	-9999	-9999
12	15	1.925847	-4.248510	-2.713930	-5.427100	0.421138	-9999	10.325400	-9999	-9999	-9999	-9999
12	16	1.776522	-8.037910	-2.827610	-11.144600	0.460958	-9999	4.370700	-9999	-9999	-9999	-9999
12	17	1.527742	-10.253400	-8.421360	-11.495900	0.359943	-9999	4.144980	-9999	-9999	-9999	-9999
12	18	1.997369	-9.198740	-6.843110	-11.653100	0.365568	-9999	5.253880	-9999	-9999	-9999	-9999
12	19	2.481555	-8.538150	-5.959010	-10.739000	0.388698	-9999	1.966880	-9999	-9999	-9999	-9999
12	20	2.553759	-7.437410	-4.119480	-11.060600	0.398105	-9999	1.202100	-9999	-9999	-9999	-9999
12	21	1.621616	-7.695590	-4.358640	-13.102200	0.401132	-9999	10.501900	-9999	-9999	-9999	-9999
12	22	2.812700	-15.181100	-11.666500	-17.771600	0.337363	-9999	0.640716	-9999	-9999	-9999	-9999
12	23	3.354627	-13.069000	-8.998780	-18.513000	0.459448	-9999	0.001334	-9999	-9999	-9999	-9999
12	24	3.314649	-5.833990	-1.540800	-12.749900	0.734354	-9999	0.000000	-9999	-9999	-9999	-9999
12	25	3.360329	-4.698430	1.370120	-8.107950	1.375093	-9999	0.000000	-9999	-9999	-9999	-9999
12	26	2.509203	-2.699470	2.570950	-9.033020	0.910537	-9999	0.000000	-9999	-9999	-9999	-9999
12	27	3.274957	-4.136720	0.466705	-7.606570	0.446554	-9999	0.096869	-9999	-9999	-9999	-9999
12	28	3.076082	-8.650210	-4.358730	-11.839700	0.196683	-9999	0.153552	-9999	-9999	-9999	-9999
12	29	3.460951	-8.108590	-2.096950	-12.215700	1.167458	-9999	0.000000	-9999	-9999	-9999	-9999
12	30	3.491614	-6.467960	-1.010190	-11.609200	1.013845	-9999	0.000000	-9999	-9999	-9999	-9999
12	31	2.741679	-12.372500	-5.629210	-15.555200	0.322795	-9999	0.434917	-9999	-9999	-9999	-9999
