Month	n_days	Rg_f	Ta_f	Tmax	Tmin	VPD_f	Ts_f	Precip	SWC	LAI	ET	LITTERFALL
1	1	3.158024	1.466700	4.884460	-2.505590	0.772971	-9999	0.914809	-9999	-9999	-9999	-9999
1	2	1.404337	-0.772527	2.009800	-3.330540	0.522182	-9999	3.243590	-9999	-9999	-9999	-9999
1	3	1.513538	-3.930550	-1.016750	-6.663340	0.330263	-9999	5.425660	-9999	-9999	-9999	-9999
1	4	2.887255	-3.159460	2.186040	-8.854010	0.720654	-9999	1.753680	-9999	-9999	-9999	-9999
1	5	2.080642	0.387080	4.105870	-3.555700	0.594485	-9999	2.146310	-9999	-9999	-9999	-9999
1	6	3.597333	-5.209200	-1.607450	-8.325510	0.934303	-9999	0.152090	-9999	-9999	-9999	-9999
1	7	3.621162	-3.633550	0.246124	-8.558660	0.644627	-9999	0.040126	-9999	-9999	-9999	-9999
1	8	3.228293	-1.996620	1.451930	-5.105350	0.658704	-9999	2.818870	-9999	-9999	-9999	-9999
1	9	2.877448	-2.414800	0.574554	-4.117470	0.482415	-9999	1.972340	-9999	-9999	-9999	-9999
1	10	3.787690	-1.381660	3.354610	-4.124550	0.885790	-9999	0.076071	-9999	-9999	-9999	-9999
1	11	2.741403	-0.665166	2.907900	-3.987500	0.347818	-9999	2.760990	-9999	-9999	-9999	-9999
1	12	3.872370	1.139370	5.049410	-3.260720	1.586487	-9999	0.000000	-9999	-9999	-9999	-9999
1	13	3.956722	2.671440	5.211180	-0.623695	2.004480	-9999	0.000000	-9999	-9999	-9999	-9999
1	14	3.972499	4.813990	6.971250	2.574970	2.741596	-9999	0.000000	-9999	-9999	-9999	-9999
1	15	0.907831	0.284480	5.653810	-3.234080	0.324779	-9999	0.603423	-9999	-9999	-9999	-9999
1	16	4.051313	-1.964420	1.721530	-5.773840	0.882280	-9999	0.003057	-9999	-9999	-9999	-9999
1	17	3.354048	1.109000	4.379060	-2.258610	1.155531	-9999	0.300625	-9999	-9999	-9999	-9999
1	18	2.359472	-0.840123	4.234410	-4.147590	0.527288	-9999	8.628020	-9999	-9999	-9999	-9999
1	19	1.000806	-5.313180	-1.748200	-6.582340	0.553900	-9999	2.389170	-9999	-9999	-9999	-9999
1	20	2.195191	-4.577430	-2.460720	-6.437540	0.441216	-9999	3.007230	-9999	-9999	-9999	-9999
1	21	2.506067	0.717524	3.955990	-5.657510	0.283378	-9999	5.022700	-9999	-9999	-9999	-9999
1	22	2.063439	2.170770	5.913150	-0.669899	0.589213	-9999	6.917910	-9999	-9999	-9999	-9999
1	23	0.920393	-0.016607	1.654750	-1.293680	0.416584	-9999	10.389400	-9999	-9999	-9999	-9999
1	24	3.342108	0.431178	2.652500	-2.311440	0.312985	-9999	0.391642	-9999	-9999	-9999	-9999
1	25	3.785884	1.161010	3.593080	-1.615490	0.380496	-9999	3.982960	-9999	-9999	-9999	-9999
1	26	2.200020	1.923060	3.859950	0.422081	0.338928	-9999	2.051740	-9999	-9999	-9999	-9999
1	27	4.858687	4.562500	7.414490	0.777550	1.879798	-9999	0.000000	-9999	-9999	-9999	-9999
1	28	4.378942	2.700370	5.498080	1.267780	0.637412	-9999	0.056170	-9999	-9999	-9999	-9999
1	29	5.037699	1.878050	4.226260	-0.953621	0.512092	-9999	0.338032	-9999	-9999	-9999	-9999
1	30	3.992803	1.269040	3.986790	-1.126080	0.457458	-9999	3.557740	-9999	-9999	-9999	-9999
1	31	4.438126	2.866330	5.639650	-1.422520	1.057059	-9999	0.232945	-9999	-9999	-9999	-9999
2	1	3.187391	0.877434	4.075710	-2.282190	0.423839	-9999	2.351920	-9999	-9999	-9999	-9999
2	2	4.699089	-2.210460	1.418790	-5.264070	0.676151	-9999	1.258190	-9999	-9999	-9999	-9999
2	3	4.908738	-0.398384	3.946980	-5.242640	0.555878	-9999	0.899733	-9999	-9999	-9999	-9999
2	4	2.553025	-2.052380	0.916681	-4.962370	0.474549	-9999	8.410100	-9999	-9999	-9999	-9999
2	5	4.766308	-1.665470	1.619130	-5.890930	0.578331	-9999	2.927260	-9999	-9999	-9999	-9999
2	6	1.575988	-2.092350	0.438806	-5.396570	0.364843	-9999	6.217030	-9999	-9999	-9999	-9999
2	7	4.951247	-0.735786	3.375540	-7.390810	0.808751	-9999	0.025121	-9999	-9999	-9999	-9999
2	8	3.041652	-0.070991	4.380060	-4.070520	0.639056	-9999	4.400920	-9999	-9999	-9999	-9999
2	9	6.279924	-0.978828	3.356680	-4.739780	0.907366	-9999	0.000000	-9999	-9999	-9999	-9999
2	10	4.556477	2.047390	4.762200	-2.929500	0.712496	-9999	0.882148	-9999	-9999	-9999	-9999
2	11	4.288602	0.472344	3.755550	-2.304380	0.455809	-9999	3.848220	-9999	-9999	-9999	-9999
2	12	6.586920	-1.101810	2.873250	-4.133180	0.610495	-9999	0.000928	-9999	-9999	-9999	-9999
2	13	6.987920	-1.017740	3.475730	-4.770480	0.692224	-9999	0.000000	-9999	-9999	-9999	-9999
2	14	6.726240	0.082573	3.896420	-3.095060	0.670391	-9999	0.000000	-9999	-9999	-9999	-9999
2	15	6.262911	0.956719	3.616780	-2.157260	0.759602	-9999	0.041302	-9999	-9999	-9999	-9999
2	16	2.961205	0.123375	2.952840	-2.465850	0.224345	-9999	1.907980	-9999	-9999	-9999	-9999
2	17	4.298305	0.528740	3.147880	-2.192960	0.203905	-9999	9.473560	-9999	-9999	-9999	-9999
2	18	3.940082	0.719322	2.920770	-1.603540	0.231969	-9999	5.688180	-9999	-9999	-9999	-9999
2	19	2.927975	1.530270	2.980830	-0.284301	0.100123	-9999	9.572310	-9999	-9999	-9999	-9999
2	20	5.376465	1.705800	3.263670	0.482515	0.256776	-9999	3.076660	-9999	-9999	-9999	-9999
2	21	7.498924	3.365470	5.982510	0.482545	1.414227	-9999	0.089886	-9999	-9999	-9999	-9999
2	22	7.531212	2.705890	6.311330	1.004000	0.886549	-9999	0.000000	-9999	-9999	-9999	-9999
2	23	6.703292	1.603510	4.662870	-0.452941	0.472680	-9999	4.123320	-9999	-9999	-9999	-9999
2	24	7.781797	0.556786	3.092950	-2.584620	0.835779	-9999	3.205980	-9999	-9999	-9999	-9999
2	25	4.828386	-0.966438	4.382260	-5.463500	0.824463	-9999	3.106400	-9999	-9999	-9999	-9999
2	26	5.495524	-4.694650	-1.405160	-8.764980	0.598922	-9999	2.427220	-9999	-9999	-9999	-9999
2	27	7.728964	-2.146370	1.044490	-8.048950	0.762784	-9999	2.855890	-9999	-9999	-9999	-9999
2	28	8.412932	0.888970	4.112080	-4.476590	0.891834	-9999	0.125861	-9999	-9999	-9999	-9999
3	1	6.073151	2.251070	7.407680	-1.830650	0.535040	-9999	14.492000	-9999	-9999	-9999	-9999
3	2	5.871485	-2.060390	1.660030	-6.350390	0.590503	-9999	2.923080	-9999	-9999	-9999	-9999
3	3	9.969178	-0.773861	4.691730	-7.294730	1.068540	-9999	0.103887	-9999	-9999	-9999	-9999
3	4	8.081683	2.149660	5.339870	-2.535790	0.897097	-9999	2.664020	-9999	-9999	-9999	-9999
3	5	10.079770	3.484500	6.117300	0.972635	1.170333	-9999	0.000000	-9999	-9999	-9999	-9999
3	6	6.067215	3.130100	6.428340	0.545695	0.440830	-9999	9.727590	-9999	-9999	-9999	-9999
3	7	4.558602	0.962742	4.169210	-2.389580	0.592730	-9999	0.385292	-9999	-9999	-9999	-9999
3	8	10.770278	3.371950	7.930690	-4.556170	1.727320	-9999	0.680921	-9999	-9999	-9999	-9999
3	9	4.459976	5.205780	8.065510	3.539840	0.838814	-9999	1.030730	-9999	-9999	-9999	-9999
3	10	11.163485	5.812600	7.972740	1.741680	1.646448	-9999	0.000000	-9999	-9999	-9999	-9999
3	11	10.904458	6.217620	8.006770	4.417950	2.222849	-9999	0.000000	-9999	-9999	-9999	-9999
3	12	7.333338	6.662240	10.931000	3.858160	1.374523	-9999	1.200650	-9999	-9999	-9999	-9999
3	13	12.163392	5.181670	10.067300	1.837930	1.645873	-9999	0.011791	-9999	-9999	-9999	-9999
3	14	4.251061	5.266360	8.783410	2.570780	0.813660	-9999	9.632500	-9999	-9999	-9999	-9999
3	15	5.345974	4.597630	7.449550	2.381510	0.545120	-9999	9.723650	-9999	-9999	-9999	-9999
3	16	11.350455	5.211830	9.939870	1.947280	1.251865	-9999	0.032447	-9999	-9999	-9999	-9999
3	17	10.927267	5.623140	10.619000	2.625890	1.195706	-9999	0.113136	-9999	-9999	-9999	-9999
3	18	12.359951	5.687140	10.843200	2.435680	1.088370	-9999	0.000640	-9999	-9999	-9999	-9999
3	19	11.173249	5.328500	10.109700	1.912150	0.993570	-9999	4.798090	-9999	-9999	-9999	-9999
3	20	5.919057	3.647500	6.279110	1.994520	0.574392	-9999	8.023470	-9999	-9999	-9999	-9999
3	21	6.673605	2.809270	5.516500	0.372599	0.962310	-9999	2.864590	-9999	-9999	-9999	-9999
3	22	7.651756	1.174530	4.100550	-1.643000	1.178471	-9999	4.240890	-9999	-9999	-9999	-9999
3	23	5.739016	-2.040370	0.650840	-4.459340	0.819543	-9999	5.669930	-9999	-9999	-9999	-9999
3	24	8.573057	-2.090080	1.307000	-5.625630	0.907088	-9999	0.972010	-9999	-9999	-9999	-9999
3	25	8.320786	-0.568508	3.028800	-3.925440	0.750237	-9999	9.510220	-9999	-9999	-9999	-9999
3	26	9.731232	-2.142390	2.101190	-5.912740	0.691193	-9999	1.146290	-9999	-9999	-9999	-9999
3	27	7.875905	-2.900230	0.638724	-5.754720	0.415492	-9999	8.704250	-9999	-9999	-9999	-9999
3	28	8.961322	-2.949060	1.722220	-6.456780	0.446993	-9999	3.672210	-9999	-9999	-9999	-9999
3	29	8.954928	-3.109430	-0.413095	-8.022120	0.439657	-9999	2.943700	-9999	-9999	-9999	-9999
3	30	7.257297	-1.500450	1.642540	-4.579240	0.427228	-9999	12.066000	-9999	-9999	-9999	-9999
3	31	6.479724	-0.197994	2.781940	-3.138940	0.384080	-9999	6.541170	-9999	-9999	-9999	-9999
4	1	9.241863	-0.933523	2.458440	-4.682840	0.395454	-9999	0.505350	-9999	-9999	-9999	-9999
4	2	10.136707	0.311228	3.425230	-2.640270	0.658730	-9999	0.903276	-9999	-9999	-9999	-9999
4	3	8.951385	2.514080	4.361210	-1.480230	0.301331	-9999	10.773000	-9999	-9999	-9999	-9999
4	4	5.315881	-0.871267	3.857520	-3.562850	0.581098	-9999	7.183070	-9999	-9999	-9999	-9999
4	5	7.457417	-2.385240	-0.010343	-4.579080	0.443267	-9999	5.377800	-9999	-9999	-9999	-9999
4	6	14.828400	1.080420	4.554110	-3.561260	0.599059	-9999	0.810472	-9999	-9999	-9999	-9999
4	7	15.417129	3.682960	8.993900	-1.775740	0.973302	-9999	0.039539	-9999	-9999	-9999	-9999
4	8	13.025751	4.882670	10.950000	1.311970	1.798961	-9999	1.403610	-9999	-9999	-9999	-9999
4	9	6.037105	4.358440	7.909030	1.136980	0.804459	-9999	6.284690	-9999	-9999	-9999	-9999
4	10	14.671671	5.714730	12.059600	1.939660	1.477404	-9999	0.012440	-9999	-9999	-9999	-9999
4	11	14.227055	6.932200	13.015800	1.807730	1.835091	-9999	0.952829	-9999	-9999	-9999	-9999
4	12	8.940931	7.104320	12.605300	3.139330	1.207698	-9999	1.247170	-9999	-9999	-9999	-9999
4	13	12.449290	8.400860	13.366600	3.204210	1.628728	-9999	0.041601	-9999	-9999	-9999	-9999
4	14	13.131849	11.525500	16.882400	5.837640	2.702433	-9999	0.019013	-9999	-9999	-9999	-9999
4	15	16.843421	15.117900	22.183000	8.621910	5.100750	-9999	0.000057	-9999	-9999	-9999	-9999
4	16	9.851328	13.818000	18.254200	10.524300	2.901941	-9999	2.190210	-9999	-9999	-9999	-9999
4	17	8.113694	11.824600	15.410100	8.465480	1.735552	-9999	8.749610	-9999	-9999	-9999	-9999
4	18	18.212948	12.703000	20.529300	6.744340	3.187963	-9999	0.000000	-9999	-9999	-9999	-9999
4	19	17.555184	13.988200	22.368300	7.434010	3.698272	-9999	0.023875	-9999	-9999	-9999	-9999
4	20	5.403767	7.269240	14.200300	4.201680	1.598930	-9999	3.024490	-9999	-9999	-9999	-9999
4	21	4.172913	5.064620	10.016900	1.143300	0.862019	-9999	6.102670	-9999	-9999	-9999	-9999
4	22	7.753329	3.265300	6.348300	1.039790	0.400322	-9999	19.462500	-9999	-9999	-9999	-9999
4	23	7.464459	5.320290	9.228150	1.118490	0.990184	-9999	0.434759	-9999	-9999	-9999	-9999
4	24	5.701985	5.918830	9.319670	3.124530	1.044594	-9999	0.434818	-9999	-9999	-9999	-9999
4	25	15.904945	8.469740	13.613000	1.772730	1.814982	-9999	0.001731	-9999	-9999	-9999	-9999
4	26	18.062956	13.938200	21.146900	5.922480	4.112423	-9999	0.014034	-9999	-9999	-9999	-9999
4	27	18.191433	12.417600	19.173500	6.492730	2.948624	-9999	0.000000	-9999	-9999	-9999	-9999
4	28	20.394979	9.533370	17.250000	2.945760	2.609070	-9999	0.000000	-9999	-9999	-9999	-9999
4	29	17.639424	5.016030	10.816700	1.044180	2.480918	-9999	0.011853	-9999	-9999	-9999	-9999
4	30	20.684592	7.209790	14.991200	-0.479471	2.901913	-9999	0.000000	-9999	-9999	-9999	-9999
5	1	20.367936	6.680420	13.531000	1.677410	3.352323	-9999	0.000000	-9999	-9999	-9999	-9999
5	2	21.431088	6.456020	12.649000	0.824714	3.778096	-9999	0.000000	-9999	-9999	-9999	-9999
5	3	20.746540	9.427490	16.798100	1.986090	3.671530	-9999	0.000000	-9999	-9999	-9999	-9999
5	4	20.973860	10.426600	17.417500	4.422830	3.644191	-9999	0.000000	-9999	-9999	-9999	-9999
5	5	21.174480	10.630500	18.504500	3.685920	4.279582	-9999	0.000000	-9999	-9999	-9999	-9999
5	6	21.716813	11.539300	20.257700	5.145390	5.430005	-9999	0.000000	-9999	-9999	-9999	-9999
5	7	21.555849	11.174200	18.477700	3.733440	4.325576	-9999	0.000000	-9999	-9999	-9999	-9999
5	8	17.700249	12.449100	19.276700	6.539070	4.833029	-9999	0.000000	-9999	-9999	-9999	-9999
5	9	19.667836	14.801600	22.516700	7.226600	6.652189	-9999	0.049437	-9999	-9999	-9999	-9999
5	10	7.829862	10.076100	16.097700	4.954780	2.751122	-9999	0.004841	-9999	-9999	-9999	-9999
5	11	19.046102	12.828600	18.036400	7.214180	3.152499	-9999	0.000000	-9999	-9999	-9999	-9999
5	12	5.912577	12.530600	15.792000	8.696420	1.543806	-9999	3.928020	-9999	-9999	-9999	-9999
5	13	12.959827	11.955700	16.346800	7.494390	2.601548	-9999	0.019714	-9999	-9999	-9999	-9999
5	14	17.870112	12.061000	19.549100	5.413250	3.194271	-9999	5.779540	-9999	-9999	-9999	-9999
5	15	8.042475	7.338860	11.032900	3.455880	1.995852	-9999	6.249270	-9999	-9999	-9999	-9999
5	16	13.892170	7.461910	12.748000	2.901160	2.541665	-9999	0.052975	-9999	-9999	-9999	-9999
5	17	14.427417	12.079500	19.203400	6.488170	2.818051	-9999	13.528900	-9999	-9999	-9999	-9999
5	18	8.614624	4.283320	9.443120	1.294380	0.511029	-9999	21.189100	-9999	-9999	-9999	-9999
5	19	12.664598	4.322720	8.339820	1.187600	0.995742	-9999	8.410200	-9999	-9999	-9999	-9999
5	20	12.048394	5.809170	10.460300	1.609750	1.059707	-9999	11.776100	-9999	-9999	-9999	-9999
5	21	17.461786	10.822500	16.227200	2.416970	2.374485	-9999	0.226213	-9999	-9999	-9999	-9999
5	22	4.532630	10.677800	13.627700	8.311500	0.922701	-9999	2.163270	-9999	-9999	-9999	-9999
5	23	18.499449	10.994000	15.958600	5.515420	2.025223	-9999	5.899220	-9999	-9999	-9999	-9999
5	24	14.059354	8.249510	12.928000	4.071910	1.819682	-9999	3.095800	-9999	-9999	-9999	-9999
5	25	15.460071	9.423910	13.778500	5.007360	2.257926	-9999	0.974102	-9999	-9999	-9999	-9999
5	26	12.638852	9.942960	13.472700	4.997630	2.244476	-9999	1.262910	-9999	-9999	-9999	-9999
5	27	19.795882	14.573700	20.578200	6.490460	2.867835	-9999	0.000017	-9999	-9999	-9999	-9999
5	28	14.646787	14.794700	20.903500	9.927860	2.685313	-9999	1.144680	-9999	-9999	-9999	-9999
5	29	20.370356	16.404000	23.409600	9.378910	4.309507	-9999	0.053911	-9999	-9999	-9999	-9999
5	30	16.098307	18.042800	23.275600	11.675500	5.842786	-9999	0.001150	-9999	-9999	-9999	-9999
5	31	16.877290	14.931600	22.943600	8.939000	4.056526	-9999	2.811300	-9999	-9999	-9999	-9999
6	1	5.483860	6.777900	9.793510	3.373480	1.426115	-9999	12.176500	-9999	-9999	-9999	-9999
6	2	15.782342	4.845770	9.216150	0.981173	1.508565	-9999	0.531027	-9999	-9999	-9999	-9999
6	3	13.848970	6.198950	9.909600	1.000460	1.764867	-9999	1.965090	-9999	-9999	-9999	-9999
6	4	17.933962	8.011210	12.940500	4.141360	2.377700	-9999	0.232742	-9999	-9999	-9999	-9999
6	5	23.962434	11.057500	16.807200	3.286170	2.883030	-9999	0.000000	-9999	-9999	-9999	-9999
6	6	18.638468	12.884600	17.889600	8.399970	2.808402	-9999	0.000000	-9999	-9999	-9999	-9999
6	7	7.561045	9.758460	16.999100	6.078740	1.441905	-9999	11.028800	-9999	-9999	-9999	-9999
6	8	9.814003	7.353830	9.305260	5.142430	1.148686	-9999	10.297200	-9999	-9999	-9999	-9999
6	9	14.432342	10.992600	14.942400	5.785680	2.025441	-9999	3.353430	-9999	-9999	-9999	-9999
6	10	6.358193	9.653540	12.858600	6.726870	1.049234	-9999	10.176200	-9999	-9999	-9999	-9999
6	11	14.931821	9.982760	15.029500	6.727420	1.590354	-9999	4.080440	-9999	-9999	-9999	-9999
6	12	21.272285	8.543620	13.527900	4.569980	1.760045	-9999	0.012164	-9999	-9999	-9999	-9999
6	13	24.412664	10.860000	16.791500	3.595130	3.152756	-9999	0.000000	-9999	-9999	-9999	-9999
6	14	19.605370	12.771100	17.888500	6.779700	1.954769	-9999	2.024020	-9999	-9999	-9999	-9999
6	15	18.468432	13.784800	19.834800	9.548220	3.271978	-9999	0.000000	-9999	-9999	-9999	-9999
6	16	18.640713	12.786800	18.286200	8.922430	3.397658	-9999	0.000000	-9999	-9999	-9999	-9999
6	17	24.392275	15.379500	22.796500	7.480720	4.849990	-9999	0.000000	-9999	-9999	-9999	-9999
6	18	18.111687	17.432800	24.436100	11.185300	4.206779	-9999	0.737502	-9999	-9999	-9999	-9999
6	19	14.528074	17.996900	22.550600	13.490100	3.604514	-9999	2.824440	-9999	-9999	-9999	-9999
6	20	10.469779	17.079400	21.917900	12.942600	2.150321	-9999	5.822160	-9999	-9999	-9999	-9999
6	21	17.560540	17.533800	22.794200	12.161300	2.740295	-9999	8.342140	-9999	-9999	-9999	-9999
6	22	13.188356	16.735400	20.117300	14.325700	1.721523	-9999	8.322320	-9999	-9999	-9999	-9999
6	23	14.420074	15.530700	19.938900	12.092100	2.075680	-9999	12.416300	-9999	-9999	-9999	-9999
6	24	22.686136	13.606900	20.485200	8.784370	2.733033	-9999	0.000000	-9999	-9999	-9999	-9999
6	25	20.704291	16.609200	24.009100	8.032720	3.755506	-9999	0.000000	-9999	-9999	-9999	-9999
6	26	7.425130	14.213500	18.226000	11.292500	1.413307	-9999	2.642940	-9999	-9999	-9999	-9999
6	27	15.377386	15.781000	19.833100	11.787000	2.681709	-9999	1.690000	-9999	-9999	-9999	-9999
6	28	4.765772	9.576850	15.158900	6.905830	1.339158	-9999	29.902800	-9999	-9999	-9999	-9999
6	29	8.887104	8.031590	10.608200	6.054810	1.633863	-9999	1.552410	-9999	-9999	-9999	-9999
6	30	5.434629	8.136020	10.033400	5.817930	0.797473	-9999	15.962200	-9999	-9999	-9999	-9999
7	1	1.180345	10.883100	12.812200	8.275330	0.161003	-9999	1.862010	-9999	-9999	-9999	-9999
7	2	18.441821	12.432100	16.577700	8.318570	2.208000	-9999	0.000000	-9999	-9999	-9999	-9999
7	3	17.448652	13.166000	18.611100	7.802250	2.494478	-9999	0.000000	-9999	-9999	-9999	-9999
7	4	6.454218	13.813000	17.165900	9.737790	1.569596	-9999	0.376839	-9999	-9999	-9999	-9999
7	5	10.461830	13.474300	17.264900	11.106700	1.821766	-9999	1.072070	-9999	-9999	-9999	-9999
7	6	2.102483	12.949900	14.829200	10.891400	0.633395	-9999	17.462400	-9999	-9999	-9999	-9999
7	7	1.676143	13.584100	15.166300	11.149100	0.487955	-9999	30.868300	-9999	-9999	-9999	-9999
7	8	4.303757	16.049400	19.748700	13.018300	0.893077	-9999	6.200790	-9999	-9999	-9999	-9999
7	9	15.258326	17.456100	21.151600	13.681400	2.199805	-9999	5.264970	-9999	-9999	-9999	-9999
7	10	14.325206	17.828000	21.998700	14.536900	2.263346	-9999	4.135530	-9999	-9999	-9999	-9999
7	11	18.126375	18.631100	23.708300	13.790700	2.830903	-9999	0.859551	-9999	-9999	-9999	-9999
7	12	23.252226	19.485300	25.430800	13.496400	3.832400	-9999	0.000000	-9999	-9999	-9999	-9999
7	13	18.433094	20.089100	25.591400	15.135300	3.275540	-9999	1.976470	-9999	-9999	-9999	-9999
7	14	16.106170	21.505800	27.296400	16.153400	4.863964	-9999	0.164859	-9999	-9999	-9999	-9999
7	15	22.483267	21.530300	27.506000	15.844400	5.149331	-9999	0.000000	-9999	-9999	-9999	-9999
7	16	18.093110	19.687000	25.341600	14.256300	4.915114	-9999	0.161449	-9999	-9999	-9999	-9999
7	17	12.594959	16.878300	21.109300	13.351800	1.793673	-9999	7.053140	-9999	-9999	-9999	-9999
7	18	10.707984	17.444700	22.294600	13.494100	2.375038	-9999	7.201960	-9999	-9999	-9999	-9999
7	19	12.594787	18.288100	22.304900	15.272200	1.737805	-9999	3.846520	-9999	-9999	-9999	-9999
7	20	22.209380	20.653600	27.273700	15.910600	4.135673	-9999	0.000000	-9999	-9999	-9999	-9999
7	21	19.980087	20.564000	29.266900	15.476100	4.327803	-9999	11.505700	-9999	-9999	-9999	-9999
7	22	8.566543	16.976900	20.475100	13.213300	2.357763	-9999	9.193770	-9999	-9999	-9999	-9999
7	23	10.648368	15.569600	19.681400	11.963400	2.159285	-9999	5.439800	-9999	-9999	-9999	-9999
7	24	2.516374	13.111400	14.580700	11.562300	1.159888	-9999	0.032702	-9999	-9999	-9999	-9999
7	25	10.091001	15.540600	19.374600	11.950900	1.355413	-9999	0.000011	-9999	-9999	-9999	-9999
7	26	22.584614	16.688800	22.569400	12.349200	3.312018	-9999	0.000000	-9999	-9999	-9999	-9999
7	27	21.733402	18.949000	26.350600	12.460000	4.663283	-9999	0.300242	-9999	-9999	-9999	-9999
7	28	19.354118	20.457000	26.992800	14.038300	4.795815	-9999	0.694346	-9999	-9999	-9999	-9999
7	29	17.170186	20.993500	28.574600	15.620400	4.192418	-9999	0.075950	-9999	-9999	-9999	-9999
7	30	21.324816	22.296300	29.229200	16.083400	7.270904	-9999	0.000000	-9999	-9999	-9999	-9999
7	31	21.860410	20.303900	28.219400	13.839100	9.222414	-9999	0.000000	-9999	-9999	-9999	-9999
8	1	11.580710	17.034100	24.998000	13.273400	3.930704	-9999	3.212900	-9999	-9999	-9999	-9999
8	2	17.395776	19.086700	24.406600	13.852000	4.528114	-9999	4.153560	-9999	-9999	-9999	-9999
8	3	6.916579	13.978600	17.723600	11.038300	1.662100	-9999	8.846200	-9999	-9999	-9999	-9999
8	4	21.250945	17.196200	24.108500	9.743270	4.241592	-9999	0.000000	-9999	-9999	-9999	-9999
8	5	8.573688	16.003000	24.445300	12.753600	1.576081	-9999	8.558930	-9999	-9999	-9999	-9999
8	6	15.037055	15.782600	20.288400	12.235600	3.205654	-9999	0.000000	-9999	-9999	-9999	-9999
8	7	5.186488	16.467000	20.040100	12.706100	2.371323	-9999	1.781510	-9999	-9999	-9999	-9999
8	8	12.292646	19.136300	23.395900	14.138200	2.768623	-9999	2.774670	-9999	-9999	-9999	-9999
8	9	11.442816	20.023100	24.879600	15.375700	2.539786	-9999	3.295790	-9999	-9999	-9999	-9999
8	10	1.946653	17.886300	20.383900	15.172900	0.683895	-9999	39.462200	-9999	-9999	-9999	-9999
8	11	2.518672	17.497300	20.350300	14.722500	0.471153	-9999	17.682800	-9999	-9999	-9999	-9999
8	12	9.359885	18.389300	22.464100	14.551600	2.620807	-9999	3.455830	-9999	-9999	-9999	-9999
8	13	9.495619	18.522200	22.519000	14.477900	3.064176	-9999	0.247621	-9999	-9999	-9999	-9999
8	14	7.873796	18.052600	21.818800	15.164200	1.420786	-9999	6.918170	-9999	-9999	-9999	-9999
8	15	18.705687	16.951200	21.760100	13.088800	2.385255	-9999	0.328836	-9999	-9999	-9999	-9999
8	16	19.829836	17.128700	23.687500	12.309900	3.476186	-9999	0.000000	-9999	-9999	-9999	-9999
8	17	19.752940	18.142000	25.379900	11.852600	4.806042	-9999	0.000000	-9999	-9999	-9999	-9999
8	18	9.859795	19.169400	23.145200	14.275600	2.321774	-9999	2.507850	-9999	-9999	-9999	-9999
8	19	16.837373	20.523500	25.624100	16.683100	3.870204	-9999	0.000000	-9999	-9999	-9999	-9999
8	20	5.792740	19.321000	23.022000	17.094700	1.438531	-9999	0.000000	-9999	-9999	-9999	-9999
8	21	8.360660	20.837300	24.106500	16.981200	2.121369	-9999	1.321220	-9999	-9999	-9999	-9999
8	22	15.428362	20.696800	25.675100	16.823200	3.511006	-9999	0.000000	-9999	-9999	-9999	-9999
8	23	7.231835	21.100300	25.097500	16.399800	3.449909	-9999	1.990200	-9999	-9999	-9999	-9999
8	24	10.373097	21.853300	25.731800	18.167000	3.534497	-9999	6.912250	-9999	-9999	-9999	-9999
8	25	6.860609	18.077500	25.317500	14.234800	1.775886	-9999	18.868000	-9999	-9999	-9999	-9999
8	26	6.313862	17.132700	19.972500	14.417100	2.313603	-9999	0.000000	-9999	-9999	-9999	-9999
8	27	5.569396	13.023900	17.294000	10.044000	2.289325	-9999	1.271540	-9999	-9999	-9999	-9999
8	28	17.298921	12.944900	17.603800	9.508350	3.442519	-9999	0.000000	-9999	-9999	-9999	-9999
8	29	17.754164	14.967700	21.722700	8.708940	3.903705	-9999	0.000000	-9999	-9999	-9999	-9999
8	30	15.989271	18.401500	25.261000	11.541300	4.740190	-9999	1.417040	-9999	-9999	-9999	-9999
8	31	5.945339	16.629200	19.723200	13.688300	2.182029	-9999	0.721129	-9999	-9999	-9999	-9999
9	1	15.417044	18.460800	24.398100	12.823500	4.301715	-9999	0.000000	-9999	-9999	-9999	-9999
9	2	16.729978	19.764500	27.169400	14.072500	4.488306	-9999	0.000000	-9999	-9999	-9999	-9999
9	3	16.416951	19.288500	27.100900	13.854600	5.132148	-9999	0.000000	-9999	-9999	-9999	-9999
9	4	16.311715	21.271200	29.913700	15.072000	10.369453	-9999	0.000000	-9999	-9999	-9999	-9999
9	5	12.101789	21.109000	26.587900	16.583500	3.694900	-9999	0.926833	-9999	-9999	-9999	-9999
9	6	8.884599	20.080200	24.378800	16.204400	2.414238	-9999	24.780200	-9999	-9999	-9999	-9999
9	7	9.450778	17.735900	22.616500	13.575300	2.973271	-9999	0.000000	-9999	-9999	-9999	-9999
9	8	15.509145	16.213300	22.409500	10.629500	4.960665	-9999	0.000000	-9999	-9999	-9999	-9999
9	9	3.133287	10.883000	14.893700	8.085790	1.443017	-9999	0.000027	-9999	-9999	-9999	-9999
9	10	15.516921	17.998900	25.204800	8.070510	8.850675	-9999	0.000000	-9999	-9999	-9999	-9999
9	11	14.993942	17.521100	23.638500	12.491100	6.588663	-9999	0.000000	-9999	-9999	-9999	-9999
9	12	8.729165	11.964100	16.953000	6.541270	3.120513	-9999	1.996180	-9999	-9999	-9999	-9999
9	13	3.016621	6.602400	8.354740	4.875530	1.527460	-9999	10.289400	-9999	-9999	-9999	-9999
9	14	4.478199	6.174670	9.025480	3.480080	1.173270	-9999	2.904630	-9999	-9999	-9999	-9999
9	15	12.280551	9.451190	14.624400	2.762950	2.844560	-9999	0.000000	-9999	-9999	-9999	-9999
9	16	13.825036	13.071500	19.892700	7.074320	2.980549	-9999	0.000000	-9999	-9999	-9999	-9999
9	17	13.456713	15.660600	23.297400	9.322150	4.786954	-9999	0.000000	-9999	-9999	-9999	-9999
9	18	13.977187	17.787700	24.989000	11.884100	5.583984	-9999	1.294880	-9999	-9999	-9999	-9999
9	19	12.503548	6.417160	16.039800	2.104070	1.736584	-9999	4.719660	-9999	-9999	-9999	-9999
9	20	14.361581	6.503370	12.364300	1.755290	2.703581	-9999	0.000000	-9999	-9999	-9999	-9999
9	21	13.979520	9.822280	16.054200	3.860090	4.630657	-9999	0.000000	-9999	-9999	-9999	-9999
9	22	13.909882	14.304500	21.787600	7.653600	5.926469	-9999	0.000000	-9999	-9999	-9999	-9999
9	23	13.307328	14.302800	22.506000	9.802260	6.368370	-9999	0.000000	-9999	-9999	-9999	-9999
9	24	11.957241	15.061500	22.511000	10.121100	5.497240	-9999	0.000000	-9999	-9999	-9999	-9999
9	25	10.097741	15.926900	22.799200	10.730700	4.008061	-9999	0.000000	-9999	-9999	-9999	-9999
9	26	2.692293	13.607900	16.672900	10.738500	0.983968	-9999	2.253140	-9999	-9999	-9999	-9999
9	27	6.200799	12.978000	18.360300	8.920970	1.729732	-9999	0.001100	-9999	-9999	-9999	-9999
9	28	12.029990	13.182400	18.383900	8.370800	2.504078	-9999	0.063621	-9999	-9999	-9999	-9999
9	29	0.848147	8.857680	13.243200	6.635810	0.799631	-9999	18.307700	-9999	-9999	-9999	-9999
9	30	0.732749	7.908560	9.304720	4.832800	0.470086	-9999	1.205970	-9999	-9999	-9999	-9999
10	1	3.342903	9.866620	13.579700	6.871240	0.984766	-9999	1.398490	-9999	-9999	-9999	-9999
10	2	3.976802	8.741590	11.149000	5.938630	1.145678	-9999	4.483360	-9999	-9999	-9999	-9999
10	3	7.031111	7.623330	11.980400	2.201170	1.045079	-9999	14.823100	-9999	-9999	-9999	-9999
10	4	7.643912	6.869610	10.298700	2.110750	1.158763	-9999	12.529200	-9999	-9999	-9999	-9999
10	5	1.352099	10.303300	14.992200	4.403620	0.965494	-9999	23.576900	-9999	-9999	-9999	-9999
10	6	6.926178	6.706460	9.465040	2.260310	1.666690	-9999	3.332460	-9999	-9999	-9999	-9999
10	7	5.607714	7.043500	10.597600	3.562070	1.144794	-9999	6.253250	-9999	-9999	-9999	-9999
10	8	6.891376	8.020120	12.829000	4.824710	2.121576	-9999	0.286227	-9999	-9999	-9999	-9999
10	9	9.789466	12.725500	17.559300	5.244200	3.446431	-9999	8.329640	-9999	-9999	-9999	-9999
10	10	2.946309	10.616400	14.516900	7.022370	1.199342	-9999	10.044600	-9999	-9999	-9999	-9999
10	11	7.205337	9.982590	14.973900	6.755430	1.768237	-9999	0.004002	-9999	-9999	-9999	-9999
10	12	9.844330	9.170700	14.958400	5.394620	1.314811	-9999	0.000001	-9999	-9999	-9999	-9999
10	13	8.862653	12.571100	17.604000	5.467860	1.730190	-9999	1.041720	-9999	-9999	-9999	-9999
10	14	1.285822	12.477000	15.497900	9.501070	0.422865	-9999	7.184500	-9999	-9999	-9999	-9999
10	15	1.137050	6.222150	12.384300	2.299710	0.535244	-9999	2.571700	-9999	-9999	-9999	-9999
10	16	3.591821	4.084790	6.927720	1.724270	0.563570	-9999	3.944160	-9999	-9999	-9999	-9999
10	17	4.866765	3.517810	6.315320	1.168520	1.077977	-9999	0.516111	-9999	-9999	-9999	-9999
10	18	4.295497	3.330240	6.301830	0.649352	0.942562	-9999	1.521120	-9999	-9999	-9999	-9999
10	19	3.730225	1.174390	4.065660	-1.840520	0.467257	-9999	13.622500	-9999	-9999	-9999	-9999
10	20	3.733361	1.683420	4.561080	-1.770510	0.339474	-9999	4.035170	-9999	-9999	-9999	-9999
10	21	7.335421	2.955670	5.506240	-0.116182	0.955239	-9999	0.017017	-9999	-9999	-9999	-9999
10	22	8.564521	4.797770	9.682450	0.978972	1.436535	-9999	0.000000	-9999	-9999	-9999	-9999
10	23	7.972707	6.197610	11.046200	2.393250	1.348900	-9999	0.000000	-9999	-9999	-9999	-9999
10	24	5.634913	9.658120	17.889200	3.355280	1.474652	-9999	7.974850	-9999	-9999	-9999	-9999
10	25	2.667263	5.614060	8.795060	2.127590	0.524708	-9999	8.462660	-9999	-9999	-9999	-9999
10	26	3.411305	4.703440	7.189280	2.099300	0.749431	-9999	8.834340	-9999	-9999	-9999	-9999
10	27	7.781754	6.431260	10.506400	0.831176	2.189759	-9999	0.000165	-9999	-9999	-9999	-9999
10	28	3.446436	7.183700	10.778200	3.003450	0.922174	-9999	2.427460	-9999	-9999	-9999	-9999
10	29	2.808691	8.225110	11.955700	4.030550	0.922406	-9999	2.049530	-9999	-9999	-9999	-9999
10	30	6.974511	8.940170	13.825600	3.868380	1.947129	-9999	0.000000	-9999	-9999	-9999	-9999
10	31	6.676007	10.063600	14.733100	6.337400	3.652849	-9999	0.000000	-9999	-9999	-9999	-9999
11	1	3.485436	9.658630	12.484500	7.508950	2.815602	-9999	0.127210	-9999	-9999	-9999	-9999
11	2	2.589019	8.432710	11.514300	6.449100	1.113668	-9999	5.524110	-9999	-9999	-9999	-9999
11	3	2.896880	6.116580	8.276570	4.037910	0.892980	-9999	6.094680	-9999	-9999	-9999	-9999
11	4	3.923001	6.923370	10.283300	3.026860	1.361336	-9999	2.297870	-9999	-9999	-9999	-9999
11	5	2.904440	4.772920	8.145130	2.261700	0.801219	-9999	7.664790	-9999	-9999	-9999	-9999
11	6	1.673490	2.538210	4.088120	1.071880	0.510689	-9999	12.973800	-9999	-9999	-9999	-9999
11	7	0.959342	3.718990	6.607780	1.640330	0.618930	-9999	4.590080	-9999	-9999	-9999	-9999
11	8	5.021585	8.895480	13.475600	4.789680	2.931421	-9999	0.000000	-9999	-9999	-9999	-9999
11	9	3.975964	7.743960	11.782700	5.124490	1.763671	-9999	2.528990	-9999	-9999	-9999	-9999
11	10	2.160277	7.213590	9.410450	5.445320	1.067449	-9999	3.814210	-9999	-9999	-9999	-9999
11	11	2.597011	7.956330	10.764300	6.065590	0.764120	-9999	3.464610	-9999	-9999	-9999	-9999
11	12	2.971391	7.644100	11.301700	5.205700	1.007743	-9999	5.294710	-9999	-9999	-9999	-9999
11	13	4.075782	6.958440	10.799800	4.434180	0.943729	-9999	0.026220	-9999	-9999	-9999	-9999
11	14	1.862844	6.687380	9.406730	4.887030	0.560256	-9999	1.212870	-9999	-9999	-9999	-9999
11	15	1.513339	3.460360	6.920740	1.039860	0.660819	-9999	0.807687	-9999	-9999	-9999	-9999
11	16	4.968052	1.022090	4.473350	-1.430020	0.547400	-9999	0.000780	-9999	-9999	-9999	-9999
11	17	2.457795	1.528290	3.831560	-1.549680	0.450549	-9999	8.305320	-9999	-9999	-9999	-9999
11	18	2.173496	2.355560	3.994410	0.663978	0.140602	-9999	4.157540	-9999	-9999	-9999	-9999
11	19	4.006722	2.148680	4.272150	0.037758	0.635001	-9999	0.811965	-9999	-9999	-9999	-9999
11	20	2.322873	3.079960	5.542930	-0.132134	0.837099	-9999	0.727540	-9999	-9999	-9999	-9999
11	21	4.535430	5.545410	7.537950	3.530490	1.703750	-9999	0.000000	-9999	-9999	-9999	-9999
11	22	4.565894	9.126400	13.260100	5.625950	2.614978	-9999	0.000000	-9999	-9999	-9999	-9999
11	23	4.569584	9.612430	13.866900	7.442360	3.183052	-9999	0.000000	-9999	-9999	-9999	-9999
11	24	4.592739	9.526250	14.101800	7.352490	3.994109	-9999	0.000000	-9999	-9999	-9999	-9999
11	25	4.543560	8.813320	13.041500	6.313730	4.454727	-9999	0.000000	-9999	-9999	-9999	-9999
11	26	4.468867	7.488560	11.500700	5.266970	3.785088	-9999	0.000000	-9999	-9999	-9999	-9999
11	27	4.366414	7.025210	11.435300	4.924600	3.656491	-9999	0.000000	-9999	-9999	-9999	-9999
11	28	4.303057	6.234010	10.441900	3.975440	3.563792	-9999	0.000000	-9999	-9999	-9999	-9999
11	29	4.310090	5.703490	9.974480	3.223520	3.732509	-9999	0.000000	-9999	-9999	-9999	-9999
11	30	4.184110	5.579990	8.940020	3.402560	4.957911	-9999	0.000000	-9999	-9999	-9999	-9999
12	1	4.113271	5.009430	8.702060	3.021510	4.334497	-9999	0.000000	-9999	-9999	-9999	-9999
12	2	4.033497	5.082480	7.463750	3.081720	5.015433	-9999	0.000000	-9999	-9999	-9999	-9999
12	3	3.967220	5.014700	7.536620	2.560600	6.014966	-9999	0.000000	-9999	-9999	-9999	-9999
12	4	2.541110	4.024070	5.741940	2.916010	3.526368	-9999	0.056578	-9999	-9999	-9999	-9999
12	5	2.746682	2.622520	6.264190	-0.400914	0.928957	-9999	1.274620	-9999	-9999	-9999	-9999
12	6	3.794714	0.698146	4.079800	-1.701940	1.048972	-9999	0.000000	-9999	-9999	-9999	-9999
12	7	3.392392	2.985130	6.068510	0.177424	1.728316	-9999	0.000000	-9999	-9999	-9999	-9999
12	8	3.618743	2.601800	5.086000	0.524318	1.125383	-9999	0.072413	-9999	-9999	-9999	-9999
12	9	3.658686	2.222930	4.621830	0.084010	0.588309	-9999	0.010383	-9999	-9999	-9999	-9999
12	10	2.121008	3.185450	6.198940	0.946132	0.719270	-9999	4.290450	-9999	-9999	-9999	-9999
12	11	0.903096	-1.642220	2.314610	-3.977300	0.244400	-9999	15.739600	-9999	-9999	-9999	-9999
12	12	2.083899	-2.762090	-0.445618	-4.359110	0.321978	-9999	8.553800	-9999	-9999	-9999	-9999
12	13	3.275865	-0.522710	3.151460	-5.912240	0.714674	-9999	0.486453	-9999	-9999	-9999	-9999
12	14	1.383376	0.570247	4.304780	-3.144900	0.461613	-9999	7.738830	-9999	-9999	-9999	-9999
12	15	0.970186	-4.080270	-1.779420	-4.897560	0.508954	-9999	4.117080	-9999	-9999	-9999	-9999
12	16	2.624659	-0.959783	3.587800	-4.546090	0.634209	-9999	4.908670	-9999	-9999	-9999	-9999
12	17	2.831561	1.190580	4.313750	-1.218180	0.754734	-9999	3.628850	-9999	-9999	-9999	-9999
12	18	2.752946	-0.273870	3.443820	-2.254310	0.681092	-9999	0.212742	-9999	-9999	-9999	-9999
12	19	2.801166	2.973110	5.256200	-2.242770	0.924312	-9999	0.037577	-9999	-9999	-9999	-9999
12	20	3.187261	2.621420	5.513610	-0.606603	0.728363	-9999	4.218210	-9999	-9999	-9999	-9999
12	21	1.801388	-2.706910	0.753540	-4.410310	0.581014	-9999	3.672070	-9999	-9999	-9999	-9999
12	22	3.018090	-2.583870	0.231445	-5.103090	0.574718	-9999	0.657175	-9999	-9999	-9999	-9999
12	23	3.018358	1.919000	4.100980	-1.342500	1.446724	-9999	0.010487	-9999	-9999	-9999	-9999
12	24	2.478609	0.610896	2.829740	-1.486420	0.689796	-9999	4.676080	-9999	-9999	-9999	-9999
12	25	2.411087	-1.499490	1.268920	-5.222810	0.820040	-9999	0.785630	-9999	-9999	-9999	-9999
12	26	2.554330	1.860960	4.015350	-1.170750	1.328590	-9999	0.583918	-9999	-9999	-9999	-9999
12	27	1.504466	3.206080	5.948490	2.135190	0.735069	-9999	0.831538	-9999	-9999	-9999	-9999
12	28	2.552498	1.904380	3.851010	0.328242	0.555547	-9999	4.364880	-9999	-9999	-9999	-9999
12	29	2.561466	-0.579045	1.805570	-2.377170	1.541961	-9999	1.504560	-9999	-9999	-9999	-9999
12	30	2.730447	2.986960	7.419400	-1.590550	2.622527	-9999	0.013012	-9999	-9999	-9999	-9999
12	31	2.313377	1.490050	3.587980	-0.251989	0.595628	-9999	2.947930	-9999	-9999	-9999	-9999
