Month	n_days	Rg_f	Ta_f	Tmax	Tmin	VPD_f	Ts_f	Precip	SWC	LAI	ET	LITTERFALL
1	1	3.588831	3.357720	6.098660	1.318260	2.982995	-9999	0.000000	-9999	-9999	-9999	-9999
1	2	3.774807	3.678830	6.346040	1.716730	4.114601	-9999	0.000000	-9999	-9999	-9999	-9999
1	3	3.827909	4.169120	7.254550	2.334070	4.989663	-9999	0.000000	-9999	-9999	-9999	-9999
1	4	3.853518	3.513540	6.236940	1.726830	4.886239	-9999	0.000000	-9999	-9999	-9999	-9999
1	5	3.549899	4.178980	7.681920	1.438160	5.763559	-9999	0.000000	-9999	-9999	-9999	-9999
1	6	3.767083	3.297820	6.499180	1.364950	3.627687	-9999	0.000000	-9999	-9999	-9999	-9999
1	7	3.517154	2.761040	5.989840	0.558556	1.037802	-9999	0.507937	-9999	-9999	-9999	-9999
1	8	1.251945	-1.850740	3.236720	-5.993600	0.500873	-9999	7.736250	-9999	-9999	-9999	-9999
1	9	1.949495	-6.495640	-3.657810	-9.396710	0.414766	-9999	5.669940	-9999	-9999	-9999	-9999
1	10	3.193370	-6.653390	-2.191830	-12.635100	0.411501	-9999	8.081020	-9999	-9999	-9999	-9999
1	11	0.744912	-3.726540	-1.433650	-5.960610	0.508467	-9999	6.328980	-9999	-9999	-9999	-9999
1	12	2.119928	-7.337040	-4.032810	-10.870600	0.397912	-9999	3.113560	-9999	-9999	-9999	-9999
1	13	3.526165	-5.533640	-0.393402	-12.638700	1.124321	-9999	0.006228	-9999	-9999	-9999	-9999
1	14	2.619985	0.299800	4.026000	-4.320380	0.474890	-9999	6.434360	-9999	-9999	-9999	-9999
1	15	1.069667	-2.372140	0.624237	-4.215030	0.614471	-9999	1.959310	-9999	-9999	-9999	-9999
1	16	2.458927	-1.801950	2.515110	-4.144420	0.376422	-9999	4.166310	-9999	-9999	-9999	-9999
1	17	2.246003	-2.994940	-0.366333	-5.674570	0.577810	-9999	3.920140	-9999	-9999	-9999	-9999
1	18	2.575636	1.090570	3.783390	-4.684580	0.476657	-9999	3.195620	-9999	-9999	-9999	-9999
1	19	2.113180	0.503230	2.892270	-1.883920	0.363941	-9999	11.832900	-9999	-9999	-9999	-9999
1	20	2.998443	-3.112950	1.098630	-8.010080	0.765789	-9999	2.509060	-9999	-9999	-9999	-9999
1	21	3.902144	-3.306370	1.958800	-9.905530	0.713626	-9999	0.000159	-9999	-9999	-9999	-9999
1	22	3.961017	0.247798	4.198300	-3.781440	0.676860	-9999	0.013638	-9999	-9999	-9999	-9999
1	23	4.017591	2.404320	4.977360	-2.053320	1.108742	-9999	0.022233	-9999	-9999	-9999	-9999
1	24	2.507000	1.597590	4.775600	-0.708748	0.327058	-9999	3.548630	-9999	-9999	-9999	-9999
1	25	2.652843	2.950890	5.912080	-1.286350	0.962926	-9999	2.282960	-9999	-9999	-9999	-9999
1	26	1.990189	1.049040	3.938780	-1.273840	0.240808	-9999	5.603970	-9999	-9999	-9999	-9999
1	27	4.960682	-0.326726	4.222870	-2.801370	0.916252	-9999	0.101070	-9999	-9999	-9999	-9999
1	28	5.219787	-0.675756	3.932100	-3.651130	1.189634	-9999	0.000000	-9999	-9999	-9999	-9999
1	29	4.433884	1.212700	5.829350	-2.200600	2.075410	-9999	0.000000	-9999	-9999	-9999	-9999
1	30	4.684090	1.827480	5.226230	-1.904820	1.380115	-9999	0.004730	-9999	-9999	-9999	-9999
1	31	3.726052	2.200220	4.798460	0.257714	1.670548	-9999	0.042440	-9999	-9999	-9999	-9999
2	1	2.637809	-0.710304	2.734830	-3.844510	0.223854	-9999	3.700810	-9999	-9999	-9999	-9999
2	2	4.121436	-5.873420	-1.525640	-10.799200	0.247475	-9999	0.183282	-9999	-9999	-9999	-9999
2	3	5.827740	-5.398810	0.219507	-11.149100	0.929553	-9999	0.000000	-9999	-9999	-9999	-9999
2	4	5.860331	-2.314030	3.018300	-5.928470	1.288927	-9999	0.000000	-9999	-9999	-9999	-9999
2	5	6.027886	-3.728220	1.682340	-7.330810	0.820274	-9999	0.000000	-9999	-9999	-9999	-9999
2	6	5.917856	-4.450870	0.160944	-8.117130	0.464211	-9999	0.998050	-9999	-9999	-9999	-9999
2	7	3.850675	-8.792430	-3.400610	-13.500100	0.432569	-9999	2.080810	-9999	-9999	-9999	-9999
2	8	6.049123	-3.588260	3.098600	-13.710300	0.990735	-9999	0.000002	-9999	-9999	-9999	-9999
2	9	5.616432	-1.707280	2.549580	-5.591190	0.568368	-9999	1.868730	-9999	-9999	-9999	-9999
2	10	3.170621	-5.719210	-0.863684	-9.082120	0.438715	-9999	2.439990	-9999	-9999	-9999	-9999
2	11	5.377069	-5.327830	0.035272	-9.636260	0.564637	-9999	4.671080	-9999	-9999	-9999	-9999
2	12	4.472323	-9.163220	-5.797280	-12.393300	0.394103	-9999	2.854610	-9999	-9999	-9999	-9999
2	13	4.380990	-10.799100	-6.716990	-15.192600	0.502692	-9999	0.564548	-9999	-9999	-9999	-9999
2	14	7.209467	-10.436800	-5.194830	-15.861500	0.747332	-9999	0.001026	-9999	-9999	-9999	-9999
2	15	7.173499	-2.348910	3.278190	-9.963320	0.809370	-9999	0.055917	-9999	-9999	-9999	-9999
2	16	4.354845	1.544980	4.428460	-2.375370	0.648303	-9999	2.006570	-9999	-9999	-9999	-9999
2	17	3.994237	-0.245247	4.358760	-4.043940	0.339881	-9999	3.257390	-9999	-9999	-9999	-9999
2	18	4.217504	-2.849620	0.713037	-5.518740	0.449043	-9999	4.161290	-9999	-9999	-9999	-9999
2	19	5.449602	0.233452	4.024350	-7.270900	0.732909	-9999	0.816061	-9999	-9999	-9999	-9999
2	20	7.113857	2.220570	4.876950	-1.278900	0.795696	-9999	0.000017	-9999	-9999	-9999	-9999
2	21	5.060232	2.586300	4.462000	0.540254	0.486484	-9999	0.003528	-9999	-9999	-9999	-9999
2	22	8.145835	3.996910	6.744810	1.767150	1.334536	-9999	0.000000	-9999	-9999	-9999	-9999
2	23	7.627116	6.419850	11.735700	2.931400	1.703006	-9999	0.000149	-9999	-9999	-9999	-9999
2	24	8.536476	5.494320	9.729180	2.110200	1.208515	-9999	0.244417	-9999	-9999	-9999	-9999
2	25	4.868761	3.177480	8.718530	0.690034	0.472529	-9999	4.980690	-9999	-9999	-9999	-9999
2	26	9.130061	3.078030	8.708280	-0.455687	1.390141	-9999	0.037046	-9999	-9999	-9999	-9999
2	27	4.697939	6.066150	10.200700	1.062040	0.998333	-9999	1.504680	-9999	-9999	-9999	-9999
2	28	3.572407	2.717950	7.108240	0.570924	0.314894	-9999	7.581300	-9999	-9999	-9999	-9999
3	1	5.048784	1.861550	4.434960	-0.956503	0.961935	-9999	1.880070	-9999	-9999	-9999	-9999
3	2	5.581129	1.525000	3.646690	-1.619100	0.569902	-9999	6.796610	-9999	-9999	-9999	-9999
3	3	6.217093	3.294830	6.128620	0.442118	0.693977	-9999	3.785000	-9999	-9999	-9999	-9999
3	4	9.141034	3.967590	9.833520	0.646067	1.238829	-9999	4.872340	-9999	-9999	-9999	-9999
3	5	6.636644	-5.301450	2.942010	-10.671000	0.496752	-9999	15.073300	-9999	-9999	-9999	-9999
3	6	6.869854	-8.952110	-4.896680	-11.759100	0.434670	-9999	4.565190	-9999	-9999	-9999	-9999
3	7	8.077476	-8.746180	-4.873790	-12.520100	0.447458	-9999	4.321170	-9999	-9999	-9999	-9999
3	8	10.138694	-5.837430	-1.026350	-14.630400	0.598600	-9999	0.591502	-9999	-9999	-9999	-9999
3	9	8.152713	-2.708400	0.358481	-7.268970	0.514231	-9999	2.869810	-9999	-9999	-9999	-9999
3	10	7.404229	-1.037780	2.742970	-3.671220	0.402274	-9999	3.547910	-9999	-9999	-9999	-9999
3	11	5.250346	-1.462030	1.668970	-3.847190	0.411790	-9999	12.235900	-9999	-9999	-9999	-9999
3	12	6.132759	-1.559050	2.005610	-4.797960	0.424765	-9999	5.099000	-9999	-9999	-9999	-9999
3	13	8.621087	-2.780730	1.952200	-7.459040	0.556757	-9999	1.201650	-9999	-9999	-9999	-9999
3	14	4.251105	-3.254970	-0.860726	-5.273860	0.479947	-9999	9.086810	-9999	-9999	-9999	-9999
3	15	6.758675	-3.771820	-0.785073	-6.185350	0.478460	-9999	2.055500	-9999	-9999	-9999	-9999
3	16	6.595465	-2.831140	0.060111	-5.979600	0.454699	-9999	7.872770	-9999	-9999	-9999	-9999
3	17	5.454518	-2.512420	1.059840	-5.033220	0.458417	-9999	4.053990	-9999	-9999	-9999	-9999
3	18	8.319404	-2.845120	1.236720	-7.588160	0.577246	-9999	0.608187	-9999	-9999	-9999	-9999
3	19	7.327022	-1.100490	2.958430	-5.159540	0.526998	-9999	0.990305	-9999	-9999	-9999	-9999
3	20	10.747037	0.016636	4.645710	-4.162590	0.419171	-9999	0.726579	-9999	-9999	-9999	-9999
3	21	13.246416	-0.368649	5.632320	-6.435170	0.537358	-9999	0.000338	-9999	-9999	-9999	-9999
3	22	13.307069	0.527317	5.507290	-3.180260	0.791707	-9999	0.006477	-9999	-9999	-9999	-9999
3	23	13.539658	2.209570	5.611990	-2.837000	1.070459	-9999	0.002240	-9999	-9999	-9999	-9999
3	24	7.053445	4.135470	7.688620	1.590340	0.824314	-9999	0.586231	-9999	-9999	-9999	-9999
3	25	7.584071	4.756320	8.337790	2.118420	0.843833	-9999	3.190020	-9999	-9999	-9999	-9999
3	26	7.329839	4.487640	8.196920	1.667490	0.964527	-9999	1.131530	-9999	-9999	-9999	-9999
3	27	14.516669	5.224700	11.695900	0.782541	1.600907	-9999	0.000000	-9999	-9999	-9999	-9999
3	28	15.817162	8.081000	16.483700	1.894080	4.229431	-9999	0.000000	-9999	-9999	-9999	-9999
3	29	15.940368	8.855140	17.694100	4.281660	3.753065	-9999	0.000000	-9999	-9999	-9999	-9999
3	30	13.812768	10.201700	17.286700	4.646860	2.976470	-9999	0.001153	-9999	-9999	-9999	-9999
3	31	6.974718	8.543580	13.298100	5.657140	1.035894	-9999	3.979650	-9999	-9999	-9999	-9999
4	1	11.267165	5.042030	8.969210	2.641440	1.588931	-9999	2.731770	-9999	-9999	-9999	-9999
4	2	7.170932	6.266790	10.144200	2.754140	1.223337	-9999	4.504760	-9999	-9999	-9999	-9999
4	3	8.112338	6.619700	11.964600	2.234370	1.179937	-9999	0.197645	-9999	-9999	-9999	-9999
4	4	8.988106	7.393660	13.328100	2.443200	1.245589	-9999	3.735600	-9999	-9999	-9999	-9999
4	5	13.440816	5.885690	10.029300	2.138750	1.675385	-9999	1.170860	-9999	-9999	-9999	-9999
4	6	11.438583	8.574260	13.593100	3.198660	1.469432	-9999	3.737250	-9999	-9999	-9999	-9999
4	7	5.829313	4.184030	8.760810	1.211630	0.882639	-9999	13.757000	-9999	-9999	-9999	-9999
4	8	9.725616	5.272200	9.242980	1.207330	1.072880	-9999	0.707750	-9999	-9999	-9999	-9999
4	9	11.449469	8.095650	11.507200	3.662620	1.111187	-9999	0.721951	-9999	-9999	-9999	-9999
4	10	11.535178	12.033600	16.005100	6.777390	1.606180	-9999	0.561522	-9999	-9999	-9999	-9999
4	11	15.554419	14.330500	21.265300	10.047000	4.347152	-9999	0.192197	-9999	-9999	-9999	-9999
4	12	13.979002	9.176680	15.741600	3.900350	2.511410	-9999	3.411000	-9999	-9999	-9999	-9999
4	13	14.786151	8.679790	14.109300	2.577470	2.121206	-9999	0.008022	-9999	-9999	-9999	-9999
4	14	12.537504	10.972300	17.543600	6.308640	3.234092	-9999	0.058136	-9999	-9999	-9999	-9999
4	15	18.266861	11.771600	19.436900	5.705130	3.011697	-9999	0.000000	-9999	-9999	-9999	-9999
4	16	18.437241	13.940800	22.215300	7.184960	4.109996	-9999	0.000000	-9999	-9999	-9999	-9999
4	17	18.176313	15.869000	23.726000	9.219350	5.007150	-9999	0.000000	-9999	-9999	-9999	-9999
4	18	15.190675	15.968100	22.630800	11.101900	4.735876	-9999	0.000000	-9999	-9999	-9999	-9999
4	19	15.852586	14.077200	20.394600	9.609850	3.244390	-9999	1.716030	-9999	-9999	-9999	-9999
4	20	3.585090	7.835730	12.111800	5.316490	0.742145	-9999	6.386390	-9999	-9999	-9999	-9999
4	21	5.192916	7.784490	12.083900	4.926930	0.744978	-9999	2.194690	-9999	-9999	-9999	-9999
4	22	16.213997	10.828200	17.210400	4.095360	3.336054	-9999	0.000000	-9999	-9999	-9999	-9999
4	23	14.215306	12.240600	18.933200	5.837000	3.042179	-9999	0.230813	-9999	-9999	-9999	-9999
4	24	7.872613	11.455000	16.173400	7.791830	1.244547	-9999	8.941150	-9999	-9999	-9999	-9999
4	25	10.635063	11.760900	16.400200	7.257830	1.606551	-9999	2.767780	-9999	-9999	-9999	-9999
4	26	13.847932	12.291900	17.646500	7.391070	1.997959	-9999	0.117818	-9999	-9999	-9999	-9999
4	27	12.014698	13.828200	19.513700	8.403370	2.599837	-9999	0.419889	-9999	-9999	-9999	-9999
4	28	9.049363	13.166800	17.875900	9.093220	1.794469	-9999	1.551800	-9999	-9999	-9999	-9999
4	29	14.438995	13.870900	18.798900	9.582110	2.534114	-9999	0.374169	-9999	-9999	-9999	-9999
4	30	18.555783	14.016600	20.720800	8.590870	3.739897	-9999	0.052314	-9999	-9999	-9999	-9999
5	1	12.528173	14.193800	19.077000	8.900920	2.450467	-9999	2.428210	-9999	-9999	-9999	-9999
5	2	11.597904	14.348900	18.537200	10.344800	2.265909	-9999	3.263190	-9999	-9999	-9999	-9999
5	3	2.740072	8.919310	13.771800	4.714450	1.081362	-9999	14.273300	-9999	-9999	-9999	-9999
5	4	4.493543	8.882380	11.345900	4.633700	0.476052	-9999	0.104248	-9999	-9999	-9999	-9999
5	5	9.604656	10.949500	14.208800	7.973270	1.355984	-9999	2.427400	-9999	-9999	-9999	-9999
5	6	11.552803	10.083200	13.541400	7.797430	1.895281	-9999	3.509510	-9999	-9999	-9999	-9999
5	7	10.411805	9.119960	13.772500	5.252230	1.338023	-9999	15.259000	-9999	-9999	-9999	-9999
5	8	9.055411	6.572230	9.475140	3.820440	1.270030	-9999	9.529930	-9999	-9999	-9999	-9999
5	9	12.137990	8.307400	12.287800	3.944160	2.050278	-9999	0.308284	-9999	-9999	-9999	-9999
5	10	16.596145	10.404200	15.638900	3.748080	2.693436	-9999	0.304027	-9999	-9999	-9999	-9999
5	11	17.887997	11.246600	15.823400	6.759190	2.026590	-9999	3.996930	-9999	-9999	-9999	-9999
5	12	13.886986	12.678000	17.071100	8.764260	2.495246	-9999	4.850940	-9999	-9999	-9999	-9999
5	13	13.330052	10.373200	13.493000	6.887240	2.626847	-9999	9.431680	-9999	-9999	-9999	-9999
5	14	9.105091	12.120400	16.890100	6.767130	1.790380	-9999	4.876310	-9999	-9999	-9999	-9999
5	15	2.774175	11.004300	13.552100	8.901710	0.548903	-9999	14.110200	-9999	-9999	-9999	-9999
5	16	4.669522	11.529700	15.115800	8.795810	0.615910	-9999	13.551500	-9999	-9999	-9999	-9999
5	17	11.616998	12.006000	17.009000	7.467200	1.965757	-9999	1.412330	-9999	-9999	-9999	-9999
5	18	16.737235	13.593200	17.831300	7.011600	1.820361	-9999	4.222610	-9999	-9999	-9999	-9999
5	19	12.021436	14.570800	18.817900	11.386300	1.776213	-9999	0.553792	-9999	-9999	-9999	-9999
5	20	9.186999	13.648200	17.907800	9.929210	1.358704	-9999	1.927760	-9999	-9999	-9999	-9999
5	21	4.998076	14.009600	17.449400	9.939250	1.239573	-9999	2.752930	-9999	-9999	-9999	-9999
5	22	19.150214	14.656200	19.717900	10.809600	2.744246	-9999	0.000000	-9999	-9999	-9999	-9999
5	23	13.076986	11.232000	15.765800	7.216130	2.494573	-9999	0.034828	-9999	-9999	-9999	-9999
5	24	7.459931	6.028770	9.519660	3.599740	1.461378	-9999	1.646400	-9999	-9999	-9999	-9999
5	25	14.593046	7.342830	12.138500	3.898050	1.915671	-9999	0.835840	-9999	-9999	-9999	-9999
5	26	6.523943	7.258810	10.279500	3.906870	1.143559	-9999	7.260250	-9999	-9999	-9999	-9999
5	27	15.121901	11.653200	17.360900	5.854160	1.861571	-9999	1.400560	-9999	-9999	-9999	-9999
5	28	22.624964	15.389300	21.579900	8.253030	3.853078	-9999	0.000000	-9999	-9999	-9999	-9999
5	29	14.730940	15.594800	20.872200	11.167200	2.794095	-9999	2.574320	-9999	-9999	-9999	-9999
5	30	13.995504	15.730600	20.180700	10.611700	1.919708	-9999	7.377460	-9999	-9999	-9999	-9999
5	31	4.358370	13.769100	18.237400	11.034000	0.693903	-9999	14.551600	-9999	-9999	-9999	-9999
6	1	2.687602	11.738400	14.042100	9.830450	0.338838	-9999	19.789700	-9999	-9999	-9999	-9999
6	2	10.029744	15.019100	19.318800	11.071300	2.016171	-9999	5.598970	-9999	-9999	-9999	-9999
6	3	12.501994	14.862100	18.374500	12.337800	1.813902	-9999	9.118990	-9999	-9999	-9999	-9999
6	4	19.703866	16.825400	21.946000	12.459400	3.061187	-9999	0.015759	-9999	-9999	-9999	-9999
6	5	19.602260	17.964700	22.493400	12.780400	2.833676	-9999	1.010050	-9999	-9999	-9999	-9999
6	6	17.129318	18.133100	23.861700	12.995200	3.033597	-9999	7.939420	-9999	-9999	-9999	-9999
6	7	12.129436	17.216300	20.825700	13.604900	2.332062	-9999	6.603070	-9999	-9999	-9999	-9999
6	8	22.573556	18.989900	25.627000	12.943500	3.911622	-9999	0.073412	-9999	-9999	-9999	-9999
6	9	13.678071	18.079700	24.134000	13.078100	1.930858	-9999	15.139300	-9999	-9999	-9999	-9999
6	10	10.190793	16.814200	20.378900	14.547300	1.724297	-9999	6.591660	-9999	-9999	-9999	-9999
6	11	12.538973	17.057200	20.217200	13.627200	1.928367	-9999	3.790080	-9999	-9999	-9999	-9999
6	12	10.370506	16.988900	21.936400	12.573200	1.833923	-9999	18.785100	-9999	-9999	-9999	-9999
6	13	19.538064	16.735600	21.052300	12.589400	2.931454	-9999	1.758210	-9999	-9999	-9999	-9999
6	14	17.972064	18.205400	23.022500	13.927200	3.500267	-9999	0.035182	-9999	-9999	-9999	-9999
6	15	10.247299	17.759200	21.343600	13.805000	3.156006	-9999	2.517650	-9999	-9999	-9999	-9999
6	16	3.384063	15.901900	18.562800	12.943800	0.922335	-9999	27.475700	-9999	-9999	-9999	-9999
6	17	2.228809	13.699600	16.020700	11.991400	0.439360	-9999	56.395400	-9999	-9999	-9999	-9999
6	18	23.039596	13.317000	17.902500	9.295470	2.459455	-9999	0.120399	-9999	-9999	-9999	-9999
6	19	21.310474	15.968200	21.069000	8.892090	2.791271	-9999	0.711567	-9999	-9999	-9999	-9999
6	20	20.565014	17.273900	21.730400	12.347600	3.175896	-9999	0.000000	-9999	-9999	-9999	-9999
6	21	11.894602	14.829900	18.809300	12.559800	1.850315	-9999	0.000006	-9999	-9999	-9999	-9999
6	22	17.511725	14.313600	19.116300	11.753200	3.232674	-9999	3.141850	-9999	-9999	-9999	-9999
6	23	9.513849	12.137800	15.471500	9.991000	2.317839	-9999	1.091210	-9999	-9999	-9999	-9999
6	24	3.999862	12.575600	17.866200	9.128700	1.416616	-9999	10.816000	-9999	-9999	-9999	-9999
6	25	4.114506	8.483500	11.196500	5.412810	1.030008	-9999	8.902960	-9999	-9999	-9999	-9999
6	26	11.198995	11.687100	15.469900	4.739990	2.075118	-9999	0.825553	-9999	-9999	-9999	-9999
6	27	8.900841	8.824830	12.692000	6.445310	1.570346	-9999	15.972100	-9999	-9999	-9999	-9999
6	28	19.665936	11.601000	16.059200	5.434760	2.670536	-9999	0.000320	-9999	-9999	-9999	-9999
6	29	16.072387	14.890300	19.563800	8.853210	2.534935	-9999	4.431540	-9999	-9999	-9999	-9999
6	30	10.107504	13.534900	18.260000	10.441400	1.463835	-9999	36.760900	-9999	-9999	-9999	-9999
7	1	9.136368	12.490300	16.641600	9.621030	2.143140	-9999	20.328600	-9999	-9999	-9999	-9999
7	2	11.460010	11.260500	14.769300	8.676910	2.278513	-9999	5.501860	-9999	-9999	-9999	-9999
7	3	6.980550	10.706100	13.844600	8.268950	1.366835	-9999	3.979770	-9999	-9999	-9999	-9999
7	4	12.415852	12.519700	16.750200	8.923620	1.687763	-9999	2.236330	-9999	-9999	-9999	-9999
7	5	14.775956	14.307700	17.680600	9.427980	1.819073	-9999	9.981260	-9999	-9999	-9999	-9999
7	6	14.820106	16.777500	21.867600	11.814900	3.130046	-9999	0.062412	-9999	-9999	-9999	-9999
7	7	14.103849	19.496200	23.945000	13.070800	3.136971	-9999	28.977800	-9999	-9999	-9999	-9999
7	8	13.203994	17.472500	24.499700	12.722500	1.874499	-9999	6.637660	-9999	-9999	-9999	-9999
7	9	1.513961	13.005200	14.801000	11.504600	0.915237	-9999	4.298000	-9999	-9999	-9999	-9999
7	10	8.169198	14.172700	18.527200	11.400400	1.599909	-9999	6.497080	-9999	-9999	-9999	-9999
7	11	6.084374	12.827300	16.376300	10.238500	1.576004	-9999	4.112410	-9999	-9999	-9999	-9999
7	12	9.721296	11.890800	16.309100	7.939520	1.793207	-9999	0.214862	-9999	-9999	-9999	-9999
7	13	22.995101	15.780100	21.898800	7.643490	3.701515	-9999	0.000000	-9999	-9999	-9999	-9999
7	14	23.295858	20.494900	28.084700	12.232400	6.414285	-9999	0.043353	-9999	-9999	-9999	-9999
7	15	14.019091	20.745700	25.416300	15.686200	3.979403	-9999	2.115500	-9999	-9999	-9999	-9999
7	16	19.153066	21.414000	28.480400	16.855300	4.240642	-9999	0.358661	-9999	-9999	-9999	-9999
7	17	8.977824	20.190200	23.918400	17.011400	3.970825	-9999	0.075353	-9999	-9999	-9999	-9999
7	18	17.820691	19.590100	25.092500	15.483700	4.433247	-9999	0.317661	-9999	-9999	-9999	-9999
7	19	19.951142	18.456300	25.341600	13.569800	4.891878	-9999	0.151209	-9999	-9999	-9999	-9999
7	20	15.066432	17.515300	25.301600	11.390600	2.769043	-9999	10.435100	-9999	-9999	-9999	-9999
7	21	10.405756	12.711200	16.757800	9.772640	2.608475	-9999	0.913995	-9999	-9999	-9999	-9999
7	22	11.051942	15.178700	21.648500	10.871500	2.822197	-9999	0.011302	-9999	-9999	-9999	-9999
7	23	7.061965	14.941300	17.965600	11.886200	1.268912	-9999	3.473230	-9999	-9999	-9999	-9999
7	24	4.799900	14.639600	17.524900	12.074300	2.115318	-9999	3.237380	-9999	-9999	-9999	-9999
7	25	19.637770	18.331000	24.573900	10.935000	3.804341	-9999	0.000000	-9999	-9999	-9999	-9999
7	26	17.139773	19.327100	24.499000	13.788700	3.551568	-9999	0.121610	-9999	-9999	-9999	-9999
7	27	19.605802	22.051900	30.520200	16.471100	4.705094	-9999	1.120750	-9999	-9999	-9999	-9999
7	28	1.301659	15.331900	20.594400	11.490400	0.986182	-9999	1.194150	-9999	-9999	-9999	-9999
7	29	2.280321	10.882900	13.572100	8.096220	1.379112	-9999	8.924820	-9999	-9999	-9999	-9999
7	30	13.808794	11.473000	16.461400	7.429200	2.847662	-9999	1.118550	-9999	-9999	-9999	-9999
7	31	7.269739	11.350700	13.436000	8.777920	1.254597	-9999	13.446000	-9999	-9999	-9999	-9999
8	1	3.354169	11.857800	13.737000	9.137930	1.546093	-9999	10.222400	-9999	-9999	-9999	-9999
8	2	7.977554	9.494700	11.249300	6.788410	1.564620	-9999	8.608800	-9999	-9999	-9999	-9999
8	3	4.293371	11.053800	13.715600	8.142960	1.354668	-9999	23.965700	-9999	-9999	-9999	-9999
8	4	12.378096	10.740500	14.114600	7.905660	1.890966	-9999	3.828060	-9999	-9999	-9999	-9999
8	5	7.441286	13.768300	16.807400	8.767110	1.689084	-9999	8.269330	-9999	-9999	-9999	-9999
8	6	11.579674	16.476200	20.490200	13.478600	2.772211	-9999	0.695867	-9999	-9999	-9999	-9999
8	7	20.672151	20.159200	26.534200	13.840800	5.717485	-9999	0.000000	-9999	-9999	-9999	-9999
8	8	15.663197	18.213700	24.749200	12.079500	4.316895	-9999	0.000030	-9999	-9999	-9999	-9999
8	9	0.925793	12.372400	14.013900	11.013100	0.878353	-9999	2.090900	-9999	-9999	-9999	-9999
8	10	2.423883	13.199900	15.428600	10.950700	0.766019	-9999	18.751500	-9999	-9999	-9999	-9999
8	11	10.442304	15.869800	20.027100	11.557700	1.877326	-9999	0.062104	-9999	-9999	-9999	-9999
8	12	7.459811	16.228500	20.037300	12.857500	1.598186	-9999	0.000000	-9999	-9999	-9999	-9999
8	13	19.716825	20.199600	26.207900	12.587400	5.084859	-9999	0.000000	-9999	-9999	-9999	-9999
8	14	14.259110	21.501800	26.418000	16.660900	4.944780	-9999	3.017900	-9999	-9999	-9999	-9999
8	15	9.450518	20.221000	25.168100	16.523400	2.695562	-9999	60.156900	-9999	-9999	-9999	-9999
8	16	6.473935	17.149000	20.305600	13.717500	1.636160	-9999	2.739230	-9999	-9999	-9999	-9999
8	17	14.298940	16.938800	21.335600	12.716000	2.141613	-9999	0.000000	-9999	-9999	-9999	-9999
8	18	18.971280	19.504000	25.477100	13.429600	3.263070	-9999	0.000000	-9999	-9999	-9999	-9999
8	19	19.100449	19.989400	25.777300	15.509500	4.128909	-9999	0.000000	-9999	-9999	-9999	-9999
8	20	18.958666	21.029300	28.242800	15.221100	5.847279	-9999	0.000000	-9999	-9999	-9999	-9999
8	21	16.848605	21.388400	27.690200	16.509400	4.524056	-9999	0.767185	-9999	-9999	-9999	-9999
8	22	4.012018	16.397900	22.655100	11.709500	1.925062	-9999	27.539300	-9999	-9999	-9999	-9999
8	23	16.799444	14.330700	18.626200	10.223400	2.842137	-9999	0.000000	-9999	-9999	-9999	-9999
8	24	18.313603	16.185800	23.002700	9.877460	3.072752	-9999	0.000000	-9999	-9999	-9999	-9999
8	25	14.106614	15.053400	19.803400	11.336600	2.580964	-9999	0.003872	-9999	-9999	-9999	-9999
8	26	1.852278	13.574400	14.913100	11.965500	0.968437	-9999	5.347110	-9999	-9999	-9999	-9999
8	27	17.590781	20.242700	26.334900	12.803500	4.603942	-9999	0.000000	-9999	-9999	-9999	-9999
8	28	16.947706	20.948600	26.163200	15.814100	6.143509	-9999	0.000000	-9999	-9999	-9999	-9999
8	29	12.372825	21.440100	28.020400	16.142700	4.306411	-9999	9.168590	-9999	-9999	-9999	-9999
8	30	13.657680	21.078600	27.427000	16.627900	4.211809	-9999	0.986515	-9999	-9999	-9999	-9999
8	31	13.050720	19.394600	24.147100	14.992800	3.612989	-9999	0.000000	-9999	-9999	-9999	-9999
9	1	3.500384	17.699800	19.743700	14.516200	1.426201	-9999	1.642020	-9999	-9999	-9999	-9999
9	2	8.707997	14.286500	23.089700	7.852030	2.430881	-9999	2.290970	-9999	-9999	-9999	-9999
9	3	4.249489	10.337700	12.577700	7.892100	2.090850	-9999	5.374820	-9999	-9999	-9999	-9999
9	4	6.573053	9.814170	12.506200	7.205730	1.191928	-9999	12.036000	-9999	-9999	-9999	-9999
9	5	10.643444	12.013200	16.612600	8.034490	1.921577	-9999	2.109630	-9999	-9999	-9999	-9999
9	6	10.937981	14.030200	19.107800	9.811960	2.409078	-9999	7.439370	-9999	-9999	-9999	-9999
9	7	6.545915	14.702100	17.983800	11.063000	1.662369	-9999	1.290490	-9999	-9999	-9999	-9999
9	8	1.562674	12.680400	15.203500	9.399970	0.773632	-9999	8.279730	-9999	-9999	-9999	-9999
9	9	3.047259	13.998800	17.014700	11.294000	1.060016	-9999	1.715700	-9999	-9999	-9999	-9999
9	10	13.947638	16.591400	20.479800	11.035400	2.252534	-9999	3.337830	-9999	-9999	-9999	-9999
9	11	4.125315	12.918200	16.108900	9.698340	1.465320	-9999	3.145250	-9999	-9999	-9999	-9999
9	12	14.968455	16.439900	22.947600	9.283760	4.639489	-9999	0.000000	-9999	-9999	-9999	-9999
9	13	12.699504	17.141900	22.333700	13.125900	2.977937	-9999	0.000000	-9999	-9999	-9999	-9999
9	14	14.273798	18.588000	24.567200	12.699300	4.988851	-9999	0.000000	-9999	-9999	-9999	-9999
9	15	1.352851	7.973160	17.991900	1.263350	0.620280	-9999	53.963600	-9999	-9999	-9999	-9999
9	16	5.739690	5.903370	9.374730	1.250040	0.782950	-9999	9.577960	-9999	-9999	-9999	-9999
9	17	4.970238	5.885330	11.071200	1.273140	1.062283	-9999	23.747800	-9999	-9999	-9999	-9999
9	18	9.124790	6.904740	10.762100	1.344520	1.336814	-9999	4.561340	-9999	-9999	-9999	-9999
9	19	5.094680	6.767290	9.818610	4.055730	1.245784	-9999	0.165590	-9999	-9999	-9999	-9999
9	20	6.544256	7.950520	10.667400	1.789350	1.130194	-9999	2.633400	-9999	-9999	-9999	-9999
9	21	3.091988	9.032300	13.098300	5.067670	0.956795	-9999	22.603100	-9999	-9999	-9999	-9999
9	22	4.535283	5.760820	8.133670	2.449290	0.942205	-9999	14.528500	-9999	-9999	-9999	-9999
9	23	6.817573	7.032060	10.803300	3.832900	1.222958	-9999	1.926110	-9999	-9999	-9999	-9999
9	24	2.044276	8.704300	11.372000	5.520460	0.571091	-9999	5.683170	-9999	-9999	-9999	-9999
9	25	1.969091	8.196490	10.172700	5.386210	0.696496	-9999	4.148050	-9999	-9999	-9999	-9999
9	26	0.971438	8.152030	12.074400	3.670660	1.037834	-9999	12.496900	-9999	-9999	-9999	-9999
9	27	4.850479	4.012440	6.125030	1.233930	1.094232	-9999	0.515776	-9999	-9999	-9999	-9999
9	28	8.909655	5.202470	9.243900	1.331460	1.388398	-9999	0.251288	-9999	-9999	-9999	-9999
9	29	10.788855	7.200030	12.118000	3.626840	2.147002	-9999	0.000000	-9999	-9999	-9999	-9999
9	30	11.777444	9.477590	16.363200	2.978400	2.129220	-9999	0.000000	-9999	-9999	-9999	-9999
10	1	11.178518	12.661200	20.069500	7.958490	2.613397	-9999	0.000000	-9999	-9999	-9999	-9999
10	2	11.270362	14.371000	20.840400	8.449920	3.048916	-9999	0.000000	-9999	-9999	-9999	-9999
10	3	1.756313	13.357600	18.503100	9.111480	1.933740	-9999	7.597720	-9999	-9999	-9999	-9999
10	4	8.132590	11.730000	16.748400	6.938870	1.624366	-9999	4.991620	-9999	-9999	-9999	-9999
10	5	7.358748	12.769500	16.907200	9.114650	2.155791	-9999	0.633338	-9999	-9999	-9999	-9999
10	6	6.198042	15.295000	19.795500	10.518800	1.858632	-9999	0.242347	-9999	-9999	-9999	-9999
10	7	5.090541	17.426600	21.617800	13.610600	2.275767	-9999	0.134972	-9999	-9999	-9999	-9999
10	8	4.506382	16.573400	21.287900	12.826900	1.298163	-9999	0.000007	-9999	-9999	-9999	-9999
10	9	9.556445	17.805700	23.838500	12.156900	2.898894	-9999	0.000000	-9999	-9999	-9999	-9999
10	10	9.921485	17.066800	22.804200	13.362600	4.946604	-9999	0.000000	-9999	-9999	-9999	-9999
10	11	9.770544	17.198800	22.988200	12.562900	5.869193	-9999	0.000000	-9999	-9999	-9999	-9999
10	12	9.555581	17.766500	24.079900	12.069200	5.833215	-9999	0.000000	-9999	-9999	-9999	-9999
10	13	7.638209	16.248300	21.077000	11.591600	1.843189	-9999	0.450010	-9999	-9999	-9999	-9999
10	14	0.972052	11.290900	16.890300	6.119470	0.874973	-9999	0.500097	-9999	-9999	-9999	-9999
10	15	8.511799	7.473100	15.296700	2.536530	2.068132	-9999	0.000000	-9999	-9999	-9999	-9999
10	16	9.542707	10.705600	18.700400	2.114230	3.483113	-9999	0.000000	-9999	-9999	-9999	-9999
10	17	3.320430	11.760600	15.765300	6.996980	0.511929	-9999	0.000000	-9999	-9999	-9999	-9999
10	18	7.071728	11.749000	17.505700	7.426080	1.857064	-9999	0.000000	-9999	-9999	-9999	-9999
10	19	5.403810	12.904800	17.655400	6.574400	1.669703	-9999	3.815270	-9999	-9999	-9999	-9999
10	20	3.173403	9.896920	13.363400	6.878170	1.246033	-9999	5.655530	-9999	-9999	-9999	-9999
10	21	3.352502	8.502910	11.279900	5.760410	0.890355	-9999	0.645665	-9999	-9999	-9999	-9999
10	22	2.532168	8.759810	11.328400	5.282290	1.108442	-9999	0.028516	-9999	-9999	-9999	-9999
10	23	3.248977	7.186540	11.691800	2.116670	0.826447	-9999	11.441600	-9999	-9999	-9999	-9999
10	24	2.761543	3.293130	5.024580	1.118500	0.232123	-9999	16.057100	-9999	-9999	-9999	-9999
10	25	3.636922	3.837600	6.392100	0.100218	0.233723	-9999	14.122100	-9999	-9999	-9999	-9999
10	26	5.681344	10.533500	14.739900	3.502350	4.016486	-9999	0.000000	-9999	-9999	-9999	-9999
10	27	7.081102	14.492500	20.712700	9.402770	4.794157	-9999	0.000000	-9999	-9999	-9999	-9999
10	28	4.446550	12.436100	15.613300	9.037440	1.798266	-9999	0.022385	-9999	-9999	-9999	-9999
10	29	2.720321	12.144200	15.364400	9.299530	1.209924	-9999	0.066098	-9999	-9999	-9999	-9999
10	30	5.683116	12.615500	17.596600	8.864710	1.918789	-9999	0.000000	-9999	-9999	-9999	-9999
10	31	5.401253	15.082500	19.976700	9.976810	3.198837	-9999	0.000000	-9999	-9999	-9999	-9999
11	1	3.970892	14.283200	17.130200	10.955400	3.530807	-9999	0.083882	-9999	-9999	-9999	-9999
11	2	0.846813	12.861300	15.360600	11.123900	0.692345	-9999	7.500830	-9999	-9999	-9999	-9999
11	3	4.861918	9.893830	13.903500	6.668010	1.576633	-9999	0.000619	-9999	-9999	-9999	-9999
11	4	5.566950	9.306060	14.025400	5.214940	1.410187	-9999	4.439240	-9999	-9999	-9999	-9999
11	5	6.063828	5.902250	8.485250	3.654490	2.426356	-9999	0.062728	-9999	-9999	-9999	-9999
11	6	5.188225	9.849490	13.627200	4.961560	5.312581	-9999	0.000000	-9999	-9999	-9999	-9999
11	7	5.871053	11.658600	17.210700	7.267740	6.040831	-9999	0.000000	-9999	-9999	-9999	-9999
11	8	5.617045	9.367100	13.808600	4.726690	2.421460	-9999	3.654740	-9999	-9999	-9999	-9999
11	9	5.070082	3.756650	6.548480	2.182140	1.295733	-9999	2.896120	-9999	-9999	-9999	-9999
11	10	4.137160	4.796170	7.676380	2.415570	1.155530	-9999	3.158140	-9999	-9999	-9999	-9999
11	11	3.647704	1.904450	5.577350	-1.105610	1.003173	-9999	1.778010	-9999	-9999	-9999	-9999
11	12	2.661673	-1.746490	2.129570	-6.337820	0.502612	-9999	9.474780	-9999	-9999	-9999	-9999
11	13	4.331759	0.270019	4.600670	-8.305320	0.930357	-9999	1.446360	-9999	-9999	-9999	-9999
11	14	2.642872	3.129330	4.604240	1.891400	0.383851	-9999	4.436860	-9999	-9999	-9999	-9999
11	15	1.879468	-1.056150	3.716390	-4.315210	0.466016	-9999	5.442480	-9999	-9999	-9999	-9999
11	16	2.973586	0.115112	2.114710	-3.101400	0.510251	-9999	1.706120	-9999	-9999	-9999	-9999
11	17	2.104229	2.993960	4.486100	-0.327721	0.205917	-9999	11.125800	-9999	-9999	-9999	-9999
11	18	0.576113	4.460360	8.185690	2.619700	0.055158	-9999	13.517600	-9999	-9999	-9999	-9999
11	19	1.200493	8.583400	11.368900	5.461490	0.914323	-9999	16.313200	-9999	-9999	-9999	-9999
11	20	1.428443	5.612730	9.570390	2.724190	0.707493	-9999	4.939110	-9999	-9999	-9999	-9999
11	21	4.655940	7.250700	11.490100	2.927250	3.156366	-9999	0.000000	-9999	-9999	-9999	-9999
11	22	2.152717	6.376710	9.967640	3.899270	1.040008	-9999	0.000000	-9999	-9999	-9999	-9999
11	23	4.424406	6.548890	9.085530	3.899600	2.792217	-9999	0.000000	-9999	-9999	-9999	-9999
11	24	3.557373	8.162720	14.071700	4.301090	2.294804	-9999	2.868690	-9999	-9999	-9999	-9999
11	25	2.857015	3.847290	6.282310	2.270480	1.650680	-9999	0.413169	-9999	-9999	-9999	-9999
11	26	3.987446	7.898650	10.569300	2.773720	4.318878	-9999	0.058491	-9999	-9999	-9999	-9999
11	27	1.404570	3.930180	10.175000	0.850593	1.359265	-9999	12.419600	-9999	-9999	-9999	-9999
11	28	1.487462	1.770140	3.317680	0.253547	0.447819	-9999	19.001700	-9999	-9999	-9999	-9999
11	29	3.207142	0.936920	3.940760	-2.180410	0.509655	-9999	1.321550	-9999	-9999	-9999	-9999
11	30	3.491960	3.773710	6.789110	-0.882164	1.621660	-9999	0.000000	-9999	-9999	-9999	-9999
12	1	1.703912	2.176690	3.587070	1.064630	0.096473	-9999	12.641300	-9999	-9999	-9999	-9999
12	2	2.229803	1.137170	3.280060	-0.737279	0.391071	-9999	1.894990	-9999	-9999	-9999	-9999
12	3	3.263449	2.656950	4.506740	-0.725835	0.910176	-9999	0.536743	-9999	-9999	-9999	-9999
12	4	2.749499	3.102720	4.803310	1.842980	0.518284	-9999	5.123650	-9999	-9999	-9999	-9999
12	5	1.238725	1.486320	3.467130	0.032771	0.100365	-9999	12.254800	-9999	-9999	-9999	-9999
12	6	0.802045	-0.211065	1.742280	-1.795420	0.199041	-9999	10.336700	-9999	-9999	-9999	-9999
12	7	2.221214	-5.415350	-0.426514	-10.337100	0.377066	-9999	2.605590	-9999	-9999	-9999	-9999
12	8	3.556587	-7.888980	-2.682860	-14.611300	0.558248	-9999	0.003178	-9999	-9999	-9999	-9999
12	9	3.430443	-5.945810	-0.759827	-9.293190	1.307747	-9999	0.000000	-9999	-9999	-9999	-9999
12	10	3.586905	-5.790040	0.360260	-9.799990	1.581610	-9999	0.000000	-9999	-9999	-9999	-9999
12	11	3.427203	-4.763740	1.482450	-7.985300	0.840021	-9999	0.000000	-9999	-9999	-9999	-9999
12	12	3.250714	-4.685370	0.851562	-8.532990	0.215414	-9999	0.000004	-9999	-9999	-9999	-9999
12	13	3.372028	-3.980470	0.824615	-7.015420	0.963228	-9999	0.000000	-9999	-9999	-9999	-9999
12	14	3.288315	-4.157540	-0.440003	-6.236580	0.979085	-9999	0.000000	-9999	-9999	-9999	-9999
12	15	2.504624	-2.280100	1.129550	-5.897950	0.887334	-9999	0.322438	-9999	-9999	-9999	-9999
12	16	3.342920	-0.995366	4.969060	-5.197940	2.292029	-9999	0.000000	-9999	-9999	-9999	-9999
12	17	2.921244	-0.767095	3.078280	-4.914680	0.802492	-9999	2.844380	-9999	-9999	-9999	-9999
12	18	2.176373	0.194819	2.885380	-2.919220	0.257812	-9999	10.441800	-9999	-9999	-9999	-9999
12	19	0.404080	2.649590	3.854920	1.515650	0.205417	-9999	17.395300	-9999	-9999	-9999	-9999
12	20	1.439424	2.355400	3.590520	1.269190	0.189561	-9999	11.137000	-9999	-9999	-9999	-9999
12	21	1.801284	2.764700	3.843870	1.899870	0.408266	-9999	4.456990	-9999	-9999	-9999	-9999
12	22	2.908941	2.959830	5.238770	0.834620	0.810954	-9999	1.821840	-9999	-9999	-9999	-9999
12	23	3.300869	-0.035711	2.868680	-2.881900	1.180532	-9999	0.094435	-9999	-9999	-9999	-9999
12	24	2.833367	1.846520	3.884700	-0.282445	0.666389	-9999	0.681649	-9999	-9999	-9999	-9999
12	25	1.210334	0.344233	2.718170	-0.850835	0.182315	-9999	6.957080	-9999	-9999	-9999	-9999
12	26	3.255163	-0.357915	3.608700	-3.691080	0.869684	-9999	0.092424	-9999	-9999	-9999	-9999
12	27	0.910915	0.004725	2.704320	-2.567820	0.202286	-9999	3.041770	-9999	-9999	-9999	-9999
12	28	2.471757	-0.554876	2.684330	-3.144990	0.477421	-9999	1.002060	-9999	-9999	-9999	-9999
12	29	2.294931	-1.108590	2.583710	-3.986610	0.615260	-9999	3.530230	-9999	-9999	-9999	-9999
12	30	2.875798	-0.721410	3.214320	-4.096070	0.625072	-9999	2.928370	-9999	-9999	-9999	-9999
12	31	2.177859	-1.852120	0.445587	-3.880010	0.378974	-9999	6.518320	-9999	-9999	-9999	-9999
