Month	n_days	Rg_f	Ta_f	Tmax	Tmin	VPD_f	Ts_f	Precip	SWC	LAI	ET	LITTERFALL
1	1	1.365077	0.629176	3.536620	-1.918830	0.859695	-9999	1.853620	-9999	-9999	-9999	-9999
1	2	2.271430	3.308190	5.304780	-0.683235	0.825166	-9999	1.627970	-9999	-9999	-9999	-9999
1	3	2.636245	4.488490	7.172670	2.382710	1.129821	-9999	0.007614	-9999	-9999	-9999	-9999
1	4	0.823813	1.315060	4.569950	-0.656715	0.165390	-9999	10.436700	-9999	-9999	-9999	-9999
1	5	1.086428	0.184657	2.245940	-1.301950	0.299263	-9999	7.626010	-9999	-9999	-9999	-9999
1	6	1.677836	2.214780	3.939360	-1.012730	0.297387	-9999	11.911400	-9999	-9999	-9999	-9999
1	7	0.597698	-0.162664	3.604430	-1.353920	0.513027	-9999	2.268220	-9999	-9999	-9999	-9999
1	8	2.156008	1.443900	3.280980	-1.272410	0.201047	-9999	8.049800	-9999	-9999	-9999	-9999
1	9	2.193195	2.078820	3.792790	-0.630317	0.318246	-9999	1.111590	-9999	-9999	-9999	-9999
1	10	1.691548	2.555630	4.753480	-0.107063	0.331348	-9999	6.809880	-9999	-9999	-9999	-9999
1	11	1.415776	-0.569982	1.815060	-2.707830	0.400676	-9999	3.964980	-9999	-9999	-9999	-9999
1	12	2.378687	0.427638	3.932160	-4.749610	0.426285	-9999	9.135950	-9999	-9999	-9999	-9999
1	13	2.208444	3.050010	4.942780	1.836940	0.428235	-9999	12.833700	-9999	-9999	-9999	-9999
1	14	1.604681	-2.298560	3.755070	-5.032170	0.527198	-9999	6.935140	-9999	-9999	-9999	-9999
1	15	1.678882	-3.313390	-0.875397	-5.011180	0.552692	-9999	1.727650	-9999	-9999	-9999	-9999
1	16	3.399036	2.624630	5.576200	-3.942730	0.878840	-9999	0.337557	-9999	-9999	-9999	-9999
1	17	4.091282	6.414120	8.765290	3.624290	3.248456	-9999	0.000000	-9999	-9999	-9999	-9999
1	18	4.146915	5.908380	7.754430	4.475270	3.079474	-9999	0.000000	-9999	-9999	-9999	-9999
1	19	4.231457	4.702140	9.117190	2.038320	2.800372	-9999	0.000000	-9999	-9999	-9999	-9999
1	20	4.296983	0.705775	5.423740	-2.014590	0.873165	-9999	0.000000	-9999	-9999	-9999	-9999
1	21	4.473654	1.553100	6.473910	-2.624490	1.948729	-9999	0.000000	-9999	-9999	-9999	-9999
1	22	4.539975	3.491570	6.379090	0.425103	2.749740	-9999	0.000000	-9999	-9999	-9999	-9999
1	23	4.630141	3.264770	6.085390	1.103940	2.560571	-9999	0.000000	-9999	-9999	-9999	-9999
1	24	4.797593	2.887080	6.147550	0.641655	2.747944	-9999	0.000000	-9999	-9999	-9999	-9999
1	25	4.812808	1.595970	6.200740	-0.531166	2.641967	-9999	0.000000	-9999	-9999	-9999	-9999
1	26	4.879621	0.560542	4.314450	-1.495920	1.648813	-9999	0.000000	-9999	-9999	-9999	-9999
1	27	3.684416	-1.391480	3.028440	-5.248180	0.637123	-9999	1.219890	-9999	-9999	-9999	-9999
1	28	2.775012	-7.115300	-3.321530	-8.765390	0.486667	-9999	3.757350	-9999	-9999	-9999	-9999
1	29	5.063040	-7.807010	-2.763790	-12.854500	0.534437	-9999	0.035458	-9999	-9999	-9999	-9999
1	30	4.067574	-2.224740	3.390660	-8.766640	0.505114	-9999	0.229930	-9999	-9999	-9999	-9999
1	31	5.292734	0.016536	4.144290	-4.807560	0.753387	-9999	0.000000	-9999	-9999	-9999	-9999
2	1	1.415794	1.215970	3.020440	-2.035980	0.199837	-9999	2.876850	-9999	-9999	-9999	-9999
2	2	0.662204	2.494160	4.317650	0.700959	0.403819	-9999	1.899250	-9999	-9999	-9999	-9999
2	3	5.792792	4.175440	6.634700	1.596040	3.192522	-9999	0.000000	-9999	-9999	-9999	-9999
2	4	5.985965	5.568110	9.824850	2.481720	4.674440	-9999	0.000000	-9999	-9999	-9999	-9999
2	5	6.319020	4.453330	8.284080	2.241210	3.060627	-9999	0.000000	-9999	-9999	-9999	-9999
2	6	6.059656	3.911430	7.942530	1.702300	2.606087	-9999	0.000002	-9999	-9999	-9999	-9999
2	7	6.493029	3.549740	7.952420	0.765413	1.512116	-9999	0.000000	-9999	-9999	-9999	-9999
2	8	5.875692	3.136590	7.069970	-0.678801	0.963095	-9999	0.710720	-9999	-9999	-9999	-9999
2	9	2.048855	3.167470	6.295980	0.806794	0.421572	-9999	0.678516	-9999	-9999	-9999	-9999
2	10	7.132165	2.624410	8.246240	-1.206080	1.760950	-9999	0.000000	-9999	-9999	-9999	-9999
2	11	2.760523	-0.091560	3.412810	-3.296930	0.696810	-9999	1.325140	-9999	-9999	-9999	-9999
2	12	3.541052	-4.592260	-0.985938	-6.664550	0.802311	-9999	1.194720	-9999	-9999	-9999	-9999
2	13	6.992689	-4.081310	-0.024817	-6.980250	0.829210	-9999	0.655239	-9999	-9999	-9999	-9999
2	14	6.291726	0.288353	4.393370	-5.462740	0.855025	-9999	0.986086	-9999	-9999	-9999	-9999
2	15	5.548850	2.043880	5.654350	-1.412660	0.818092	-9999	0.028045	-9999	-9999	-9999	-9999
2	16	7.649571	2.813560	7.359370	-0.001433	0.944336	-9999	0.000010	-9999	-9999	-9999	-9999
2	17	5.433731	1.071560	4.728360	-1.647800	0.557073	-9999	3.686910	-9999	-9999	-9999	-9999
2	18	2.035817	-3.184210	0.664270	-5.219360	0.699919	-9999	1.285840	-9999	-9999	-9999	-9999
2	19	4.772451	-2.438090	0.509759	-5.678950	0.559615	-9999	1.324610	-9999	-9999	-9999	-9999
2	20	2.296944	-0.189094	2.802730	-3.190180	0.172270	-9999	7.452330	-9999	-9999	-9999	-9999
2	21	5.611887	-3.919530	2.457730	-8.120790	0.551797	-9999	0.099620	-9999	-9999	-9999	-9999
2	22	8.108182	-2.255040	3.273100	-7.795740	0.829047	-9999	0.000000	-9999	-9999	-9999	-9999
2	23	3.729024	-1.139050	1.881070	-4.186310	0.407633	-9999	9.893800	-9999	-9999	-9999	-9999
2	24	3.699734	-4.736210	0.292749	-7.859830	0.533856	-9999	9.416250	-9999	-9999	-9999	-9999
2	25	5.499230	-6.191660	-2.924350	-8.774660	0.430873	-9999	2.596500	-9999	-9999	-9999	-9999
2	26	3.606370	0.941216	3.604420	-7.422030	0.436127	-9999	19.748300	-9999	-9999	-9999	-9999
2	27	3.886911	2.220450	3.856930	0.707277	0.273917	-9999	14.724800	-9999	-9999	-9999	-9999
2	28	8.417624	2.717740	5.053770	0.740785	0.806874	-9999	3.123300	-9999	-9999	-9999	-9999
3	1	4.285120	-0.943753	5.529900	-3.917990	0.568782	-9999	16.115500	-9999	-9999	-9999	-9999
3	2	4.042285	-4.636710	-1.540930	-7.780230	0.502616	-9999	7.234950	-9999	-9999	-9999	-9999
3	3	4.596031	-5.237030	-2.156990	-8.000230	0.517204	-9999	4.528030	-9999	-9999	-9999	-9999
3	4	6.513117	-4.908780	-1.384960	-8.758750	0.505034	-9999	5.091700	-9999	-9999	-9999	-9999
3	5	4.935151	-2.530120	1.018610	-5.598780	0.560151	-9999	12.128800	-9999	-9999	-9999	-9999
3	6	9.563184	0.237217	5.536800	-4.409110	1.031299	-9999	0.001194	-9999	-9999	-9999	-9999
3	7	8.723635	3.044710	5.988300	-1.880060	0.903716	-9999	5.387090	-9999	-9999	-9999	-9999
3	8	7.123265	-0.378475	4.823450	-3.935870	0.429297	-9999	9.551620	-9999	-9999	-9999	-9999
3	9	3.961976	-1.871400	1.489070	-4.304160	0.492931	-9999	5.652970	-9999	-9999	-9999	-9999
3	10	4.954012	-2.837550	1.692220	-7.606220	0.552858	-9999	5.289700	-9999	-9999	-9999	-9999
3	11	8.533175	-2.017540	3.832970	-8.211480	0.767812	-9999	6.187800	-9999	-9999	-9999	-9999
3	12	5.071723	-0.679592	3.849140	-4.400380	0.516245	-9999	5.013090	-9999	-9999	-9999	-9999
3	13	5.667391	-1.635560	1.694630	-4.289210	0.450319	-9999	12.125200	-9999	-9999	-9999	-9999
3	14	7.637207	-2.598630	1.258900	-5.614190	0.479374	-9999	1.766970	-9999	-9999	-9999	-9999
3	15	10.912579	-0.690579	4.449090	-6.749070	0.983732	-9999	0.242789	-9999	-9999	-9999	-9999
3	16	5.446639	-0.832150	3.267750	-3.944480	0.455896	-9999	1.371530	-9999	-9999	-9999	-9999
3	17	12.182918	-2.039700	3.919610	-5.941180	0.910726	-9999	0.001230	-9999	-9999	-9999	-9999
3	18	12.916368	-1.701200	5.171320	-6.196190	1.062212	-9999	0.000000	-9999	-9999	-9999	-9999
3	19	13.019875	-1.752530	4.611560	-6.433800	0.914697	-9999	0.019286	-9999	-9999	-9999	-9999
3	20	12.512880	-2.129570	3.517200	-6.966270	0.821004	-9999	0.016053	-9999	-9999	-9999	-9999
3	21	12.365049	1.646460	5.747640	-5.317770	0.637263	-9999	0.075987	-9999	-9999	-9999	-9999
3	22	9.768038	4.657660	6.224600	1.999800	0.626488	-9999	2.148940	-9999	-9999	-9999	-9999
3	23	3.859575	3.860750	6.100420	2.593850	0.065250	-9999	8.343970	-9999	-9999	-9999	-9999
3	24	13.869446	1.654790	5.807330	-3.353380	0.851555	-9999	0.259052	-9999	-9999	-9999	-9999
3	25	14.464570	0.504032	5.762870	-3.689570	1.275155	-9999	0.000000	-9999	-9999	-9999	-9999
3	26	14.509325	3.045810	9.474450	-2.934470	2.108693	-9999	0.000000	-9999	-9999	-9999	-9999
3	27	11.813126	3.051880	7.638690	-1.209100	1.389162	-9999	0.017022	-9999	-9999	-9999	-9999
3	28	8.079256	2.181400	5.637350	-0.818411	1.007520	-9999	0.800086	-9999	-9999	-9999	-9999
3	29	8.232598	3.219610	6.625970	0.205759	1.220967	-9999	0.114693	-9999	-9999	-9999	-9999
3	30	15.774912	4.174380	10.454500	-0.941122	1.471365	-9999	0.566800	-9999	-9999	-9999	-9999
3	31	9.176026	3.701180	7.188280	1.251540	1.230238	-9999	0.536851	-9999	-9999	-9999	-9999
4	1	6.087718	2.346080	5.740150	-0.492625	0.842384	-9999	0.468677	-9999	-9999	-9999	-9999
4	2	16.088371	3.511970	9.810820	-1.548010	1.444737	-9999	0.000061	-9999	-9999	-9999	-9999
4	3	14.720745	5.307440	11.542500	0.580465	1.583273	-9999	0.600246	-9999	-9999	-9999	-9999
4	4	9.952070	4.505080	9.151120	1.248830	0.741191	-9999	9.118550	-9999	-9999	-9999	-9999
4	5	6.104203	-0.446249	3.547240	-2.711190	0.930686	-9999	7.364720	-9999	-9999	-9999	-9999
4	6	10.843891	-0.670797	1.857360	-3.382150	0.858605	-9999	1.132550	-9999	-9999	-9999	-9999
4	7	8.093624	-0.312826	2.516700	-2.693370	0.834253	-9999	1.854380	-9999	-9999	-9999	-9999
4	8	8.000890	-2.331230	1.824770	-5.978340	1.131553	-9999	1.878170	-9999	-9999	-9999	-9999
4	9	10.760429	0.095133	3.098150	-5.639410	1.285869	-9999	4.339210	-9999	-9999	-9999	-9999
4	10	11.940739	1.653880	6.184760	-2.840650	1.689095	-9999	2.024900	-9999	-9999	-9999	-9999
4	11	11.123913	1.128670	5.270910	-1.391180	1.036179	-9999	1.754510	-9999	-9999	-9999	-9999
4	12	8.205469	2.329840	5.853730	-1.351210	1.149476	-9999	3.042070	-9999	-9999	-9999	-9999
4	13	9.601978	2.737440	7.256530	-0.314554	1.015513	-9999	1.824470	-9999	-9999	-9999	-9999
4	14	15.995751	4.339120	9.027250	-1.482680	2.170041	-9999	0.010689	-9999	-9999	-9999	-9999
4	15	12.908074	7.083570	13.361900	2.141500	1.625272	-9999	0.084156	-9999	-9999	-9999	-9999
4	16	14.716598	8.921210	16.456800	2.876240	2.060476	-9999	0.000000	-9999	-9999	-9999	-9999
4	17	17.144006	9.434060	15.186800	4.019090	1.583697	-9999	0.000227	-9999	-9999	-9999	-9999
4	18	7.899794	10.159800	13.962500	6.664510	1.398815	-9999	2.684850	-9999	-9999	-9999	-9999
4	19	10.741680	8.339150	11.528900	5.661700	1.170371	-9999	5.687910	-9999	-9999	-9999	-9999
4	20	14.278896	9.809700	15.400200	5.064440	1.795714	-9999	0.358723	-9999	-9999	-9999	-9999
4	21	18.762365	10.672100	17.977600	4.971030	2.370942	-9999	0.000000	-9999	-9999	-9999	-9999
4	22	18.303063	12.780000	20.852000	5.173790	3.084936	-9999	0.067259	-9999	-9999	-9999	-9999
4	23	15.587942	13.808000	21.179000	8.131610	3.254531	-9999	0.662547	-9999	-9999	-9999	-9999
4	24	14.733619	14.369900	20.937000	8.572990	3.285697	-9999	1.232490	-9999	-9999	-9999	-9999
4	25	11.561789	13.574600	19.059100	9.368220	1.952090	-9999	3.646640	-9999	-9999	-9999	-9999
4	26	14.825290	13.600500	19.429400	8.404750	2.238746	-9999	2.795380	-9999	-9999	-9999	-9999
4	27	18.081187	13.900200	21.524000	8.192800	3.554493	-9999	0.279775	-9999	-9999	-9999	-9999
4	28	15.854140	12.727200	19.325900	7.465570	3.056479	-9999	0.370646	-9999	-9999	-9999	-9999
4	29	14.729299	11.968000	18.664800	6.244310	2.676109	-9999	0.625338	-9999	-9999	-9999	-9999
4	30	9.296208	12.140000	17.695600	7.373460	1.534523	-9999	43.651000	-9999	-9999	-9999	-9999
5	1	5.343468	11.493400	15.181200	8.519290	1.011146	-9999	1.599120	-9999	-9999	-9999	-9999
5	2	19.453652	12.987500	18.941800	7.939430	2.890016	-9999	0.000000	-9999	-9999	-9999	-9999
5	3	21.342528	11.284600	18.615900	6.099710	3.920406	-9999	0.000000	-9999	-9999	-9999	-9999
5	4	20.762871	11.468700	19.078800	5.563970	4.443505	-9999	0.000000	-9999	-9999	-9999	-9999
5	5	17.896464	12.146700	18.638500	5.280890	4.209538	-9999	0.005990	-9999	-9999	-9999	-9999
5	6	15.637364	12.033000	16.616500	7.746590	2.916932	-9999	0.001035	-9999	-9999	-9999	-9999
5	7	10.717401	10.111100	15.765800	1.394200	1.887098	-9999	11.793500	-9999	-9999	-9999	-9999
5	8	11.034835	7.199210	11.681200	1.427280	1.465559	-9999	2.160900	-9999	-9999	-9999	-9999
5	9	12.603600	9.701320	14.332100	5.027110	2.348075	-9999	0.455533	-9999	-9999	-9999	-9999
5	10	8.456409	9.744840	13.406500	6.340610	1.422542	-9999	0.216457	-9999	-9999	-9999	-9999
5	11	16.618263	11.789800	17.290300	5.773570	2.746103	-9999	0.000021	-9999	-9999	-9999	-9999
5	12	20.819721	11.975200	18.062000	7.806740	4.177377	-9999	0.000000	-9999	-9999	-9999	-9999
5	13	22.532861	14.453100	23.325200	4.550760	6.846677	-9999	0.000000	-9999	-9999	-9999	-9999
5	14	21.727526	17.474500	25.641000	9.679760	7.230013	-9999	0.000000	-9999	-9999	-9999	-9999
5	15	14.961197	16.436700	25.209600	10.785300	2.984699	-9999	29.567300	-9999	-9999	-9999	-9999
5	16	5.121196	12.902300	16.290000	10.540800	1.808384	-9999	15.521800	-9999	-9999	-9999	-9999
5	17	12.371702	15.297500	19.819400	10.367100	2.436438	-9999	0.909888	-9999	-9999	-9999	-9999
5	18	14.995929	16.213500	21.063000	10.989600	2.423720	-9999	2.872940	-9999	-9999	-9999	-9999
5	19	10.174723	14.671900	19.555600	10.996400	1.717362	-9999	20.383700	-9999	-9999	-9999	-9999
5	20	19.637252	14.768400	19.806600	10.120800	2.762959	-9999	0.000000	-9999	-9999	-9999	-9999
5	21	22.935743	17.414100	24.484100	10.520400	3.904652	-9999	0.000000	-9999	-9999	-9999	-9999
5	22	21.825072	18.019000	24.918400	11.358000	4.021479	-9999	0.061977	-9999	-9999	-9999	-9999
5	23	13.329274	16.695400	21.498500	13.352100	2.942242	-9999	0.410170	-9999	-9999	-9999	-9999
5	24	11.794118	14.470000	19.319000	10.680700	3.315639	-9999	0.592055	-9999	-9999	-9999	-9999
5	25	20.529072	17.408300	23.595700	9.320230	4.383505	-9999	0.000000	-9999	-9999	-9999	-9999
5	26	21.199622	19.270800	26.373400	12.897600	5.597413	-9999	0.006681	-9999	-9999	-9999	-9999
5	27	23.234257	19.590000	26.212000	13.603000	5.914925	-9999	0.000000	-9999	-9999	-9999	-9999
5	28	23.066379	21.861100	30.474500	13.265700	7.066357	-9999	1.015000	-9999	-9999	-9999	-9999
5	29	10.062058	17.545100	22.216000	12.742300	2.616008	-9999	8.409750	-9999	-9999	-9999	-9999
5	30	20.948630	17.638400	24.042600	11.714200	3.815617	-9999	0.000000	-9999	-9999	-9999	-9999
5	31	21.617021	20.782100	29.477600	11.740400	7.696014	-9999	0.000000	-9999	-9999	-9999	-9999
6	1	18.528567	21.205600	29.760200	14.364100	12.697675	-9999	0.000000	-9999	-9999	-9999	-9999
6	2	17.607542	21.032700	26.698800	15.073400	10.340078	-9999	0.000000	-9999	-9999	-9999	-9999
6	3	20.504102	21.464800	27.956700	15.635900	9.458165	-9999	0.019462	-9999	-9999	-9999	-9999
6	4	20.057501	21.476700	28.133900	15.797400	6.866289	-9999	1.488240	-9999	-9999	-9999	-9999
6	5	3.296635	11.887400	18.056900	7.945530	1.900534	-9999	10.629300	-9999	-9999	-9999	-9999
6	6	22.375699	9.885870	16.079100	5.207340	3.784825	-9999	0.019603	-9999	-9999	-9999	-9999
6	7	22.746443	11.464500	18.041500	4.490630	3.977196	-9999	0.000000	-9999	-9999	-9999	-9999
6	8	24.239435	16.577500	23.771200	6.948150	7.891693	-9999	0.000000	-9999	-9999	-9999	-9999
6	9	20.600438	20.990700	29.329500	14.113100	8.440504	-9999	0.008484	-9999	-9999	-9999	-9999
6	10	19.877962	22.577400	30.207300	15.170100	8.736072	-9999	0.091960	-9999	-9999	-9999	-9999
6	11	22.903604	24.595300	32.439100	18.221600	14.683228	-9999	0.000000	-9999	-9999	-9999	-9999
6	12	20.690813	21.051100	31.519500	16.589000	5.988340	-9999	11.005100	-9999	-9999	-9999	-9999
6	13	12.034137	9.731540	18.492200	5.254430	3.224641	-9999	19.125500	-9999	-9999	-9999	-9999
6	14	11.856241	9.093510	12.859400	4.711120	2.540017	-9999	3.386410	-9999	-9999	-9999	-9999
6	15	7.599830	9.968790	13.234700	6.412840	1.691628	-9999	7.909890	-9999	-9999	-9999	-9999
6	16	2.872169	10.531300	12.760600	8.372710	1.000269	-9999	22.163900	-9999	-9999	-9999	-9999
6	17	7.064116	7.369020	10.097300	5.668550	1.466114	-9999	6.280200	-9999	-9999	-9999	-9999
6	18	5.049017	7.958290	9.969780	5.062110	0.935511	-9999	14.114400	-9999	-9999	-9999	-9999
6	19	2.787834	9.801120	11.532900	7.479430	0.472741	-9999	57.585900	-9999	-9999	-9999	-9999
6	20	10.123488	12.067900	15.463600	8.638670	1.713551	-9999	0.000152	-9999	-9999	-9999	-9999
6	21	23.179737	13.526700	18.303200	7.165290	4.752382	-9999	0.000000	-9999	-9999	-9999	-9999
6	22	22.620038	16.791600	23.884300	8.264130	4.119898	-9999	0.063957	-9999	-9999	-9999	-9999
6	23	19.576339	16.480100	21.503800	11.160300	4.100329	-9999	0.021418	-9999	-9999	-9999	-9999
6	24	8.224459	9.759800	15.364400	5.334840	1.940736	-9999	4.848200	-9999	-9999	-9999	-9999
6	25	9.245664	5.690590	9.650350	2.393920	1.245338	-9999	14.153200	-9999	-9999	-9999	-9999
6	26	16.153690	8.512030	12.442400	2.571050	1.918644	-9999	1.730850	-9999	-9999	-9999	-9999
6	27	18.798998	12.419600	16.288600	5.813330	2.931568	-9999	0.043039	-9999	-9999	-9999	-9999
6	28	19.710432	14.750800	20.104200	9.195710	3.061238	-9999	1.968450	-9999	-9999	-9999	-9999
6	29	22.794481	15.742700	21.716100	9.832220	4.084486	-9999	0.000000	-9999	-9999	-9999	-9999
6	30	23.460366	16.243100	22.853300	11.010400	4.237122	-9999	0.000000	-9999	-9999	-9999	-9999
7	1	24.072596	15.810400	22.517300	10.315700	3.300881	-9999	0.000000	-9999	-9999	-9999	-9999
7	2	23.838450	16.549000	24.302600	9.507020	5.154043	-9999	0.000000	-9999	-9999	-9999	-9999
7	3	24.509951	17.021100	25.017500	8.881380	6.266197	-9999	0.000000	-9999	-9999	-9999	-9999
7	4	24.130915	19.363400	27.754900	11.137500	9.367667	-9999	0.000000	-9999	-9999	-9999	-9999
7	5	23.960707	22.023800	30.807000	13.589800	12.174279	-9999	0.000000	-9999	-9999	-9999	-9999
7	6	21.616934	23.460700	31.233000	16.709500	10.431082	-9999	13.650000	-9999	-9999	-9999	-9999
7	7	6.424678	19.121600	23.161500	16.911100	2.035885	-9999	1.039110	-9999	-9999	-9999	-9999
7	8	13.377225	20.019500	26.859600	15.153000	3.275041	-9999	22.770800	-9999	-9999	-9999	-9999
7	9	15.117668	15.442800	19.573500	12.037800	3.324707	-9999	0.000000	-9999	-9999	-9999	-9999
7	10	22.664449	17.183200	23.300600	10.987200	4.444364	-9999	0.000000	-9999	-9999	-9999	-9999
7	11	20.380551	18.238300	24.686700	12.331200	5.016515	-9999	0.020885	-9999	-9999	-9999	-9999
7	12	17.946058	20.299100	26.451700	13.561600	6.098878	-9999	0.203461	-9999	-9999	-9999	-9999
7	13	15.179962	21.468800	26.702400	15.905700	5.299382	-9999	1.334210	-9999	-9999	-9999	-9999
7	14	18.584208	23.568400	29.839700	17.661700	7.501045	-9999	0.164303	-9999	-9999	-9999	-9999
7	15	12.977367	21.690400	27.052700	18.370600	3.360969	-9999	12.707100	-9999	-9999	-9999	-9999
7	16	5.594192	18.040900	21.858400	14.652400	1.306566	-9999	2.359030	-9999	-9999	-9999	-9999
7	17	20.459606	18.237400	24.329900	13.453900	5.651621	-9999	0.000000	-9999	-9999	-9999	-9999
7	18	12.456633	16.931700	22.990300	13.397800	2.134746	-9999	1.988440	-9999	-9999	-9999	-9999
7	19	16.665178	18.169000	24.515600	13.896900	3.632731	-9999	0.062286	-9999	-9999	-9999	-9999
7	20	18.375293	21.505200	27.799900	13.619200	8.002423	-9999	0.000000	-9999	-9999	-9999	-9999
7	21	12.580704	18.358300	26.633300	12.077600	4.454526	-9999	9.633680	-9999	-9999	-9999	-9999
7	22	13.603162	14.868300	18.876000	11.387700	4.262922	-9999	0.149716	-9999	-9999	-9999	-9999
7	23	13.775875	16.539300	21.305100	12.024100	2.661997	-9999	2.521750	-9999	-9999	-9999	-9999
7	24	22.248000	20.248000	27.799500	13.657800	7.503250	-9999	0.000000	-9999	-9999	-9999	-9999
7	25	21.881145	22.684100	30.614100	15.193400	12.043265	-9999	0.000000	-9999	-9999	-9999	-9999
7	26	22.093690	25.950800	33.649900	18.793100	16.257049	-9999	0.000000	-9999	-9999	-9999	-9999
7	27	21.944044	27.094200	36.498500	20.197400	17.846204	-9999	0.000000	-9999	-9999	-9999	-9999
7	28	16.183498	20.869000	25.793200	18.048700	6.260467	-9999	0.000000	-9999	-9999	-9999	-9999
7	29	16.878413	21.871800	31.262700	15.959600	6.640178	-9999	3.992340	-9999	-9999	-9999	-9999
7	30	3.209017	14.297500	20.149300	9.889620	2.785373	-9999	1.731270	-9999	-9999	-9999	-9999
7	31	9.888134	12.583400	17.097300	8.976690	3.101713	-9999	1.143910	-9999	-9999	-9999	-9999
8	1	5.615343	14.524300	16.881900	11.086800	1.418087	-9999	13.892800	-9999	-9999	-9999	-9999
8	2	7.848352	17.235100	21.508100	13.454500	1.782322	-9999	16.318600	-9999	-9999	-9999	-9999
8	3	15.615417	16.915100	22.261200	14.119800	2.544624	-9999	0.000000	-9999	-9999	-9999	-9999
8	4	16.014844	18.644700	23.959400	14.036300	3.401492	-9999	0.000000	-9999	-9999	-9999	-9999
8	5	19.934899	20.825000	28.207700	14.289300	5.192967	-9999	0.205224	-9999	-9999	-9999	-9999
8	6	7.014350	17.231100	21.230000	12.643900	1.509202	-9999	0.000000	-9999	-9999	-9999	-9999
8	7	21.451997	17.698300	26.596000	10.520200	6.660397	-9999	0.000000	-9999	-9999	-9999	-9999
8	8	20.142605	21.735900	30.234700	11.765800	10.872207	-9999	0.000000	-9999	-9999	-9999	-9999
8	9	6.538761	18.438300	22.878400	15.644600	2.240909	-9999	27.833100	-9999	-9999	-9999	-9999
8	10	1.178989	15.168500	17.584600	13.404200	0.953181	-9999	7.976300	-9999	-9999	-9999	-9999
8	11	16.527802	16.384600	20.062400	12.186200	3.915766	-9999	0.000000	-9999	-9999	-9999	-9999
8	12	19.660148	16.953900	22.496900	12.823700	4.325365	-9999	0.000000	-9999	-9999	-9999	-9999
8	13	19.084464	18.797600	25.003900	12.573500	3.810854	-9999	0.018914	-9999	-9999	-9999	-9999
8	14	19.328371	20.716000	28.140400	14.428200	5.913448	-9999	0.000000	-9999	-9999	-9999	-9999
8	15	16.894397	23.133900	31.643000	15.654600	9.691868	-9999	0.000000	-9999	-9999	-9999	-9999
8	16	11.800252	22.710300	30.665400	18.167200	7.320366	-9999	0.688218	-9999	-9999	-9999	-9999
8	17	12.040444	25.065500	30.192100	20.558300	15.006466	-9999	0.000337	-9999	-9999	-9999	-9999
8	18	4.138776	16.743100	23.826400	13.583000	2.168939	-9999	14.462400	-9999	-9999	-9999	-9999
8	19	8.820749	12.346500	15.629800	9.157400	1.851382	-9999	6.250510	-9999	-9999	-9999	-9999
8	20	13.696646	13.110600	17.195800	9.077260	2.652030	-9999	0.000000	-9999	-9999	-9999	-9999
8	21	16.704921	16.097800	20.704400	10.216700	4.962082	-9999	0.000003	-9999	-9999	-9999	-9999
8	22	14.133745	18.872500	24.654600	12.765200	4.720733	-9999	0.600807	-9999	-9999	-9999	-9999
8	23	13.823568	20.807500	27.037400	15.747800	4.928986	-9999	2.196440	-9999	-9999	-9999	-9999
8	24	15.800487	14.868800	19.504400	11.047500	4.137806	-9999	2.071000	-9999	-9999	-9999	-9999
8	25	14.406768	16.649000	21.627400	11.029600	3.741750	-9999	0.000364	-9999	-9999	-9999	-9999
8	26	6.102034	14.584000	21.014500	11.296600	1.661860	-9999	11.279300	-9999	-9999	-9999	-9999
8	27	5.589916	10.054900	13.235200	8.567370	1.609359	-9999	9.360540	-9999	-9999	-9999	-9999
8	28	4.838305	13.952700	16.115200	8.383160	1.548272	-9999	12.492100	-9999	-9999	-9999	-9999
8	29	1.951214	16.049400	18.522200	13.788700	1.085287	-9999	16.782100	-9999	-9999	-9999	-9999
8	30	3.708418	15.626400	18.548700	11.703600	1.775104	-9999	6.698070	-9999	-9999	-9999	-9999
8	31	3.584226	13.743700	15.520100	11.347600	1.441433	-9999	1.258410	-9999	-9999	-9999	-9999
9	1	16.719783	16.193400	22.664500	11.261000	2.710533	-9999	4.578100	-9999	-9999	-9999	-9999
9	2	7.638158	10.402300	13.909400	7.120160	2.760210	-9999	0.595276	-9999	-9999	-9999	-9999
9	3	17.185306	14.775600	21.999500	6.973730	4.823432	-9999	0.015744	-9999	-9999	-9999	-9999
9	4	13.066617	19.876500	25.873400	13.696000	5.639061	-9999	0.002060	-9999	-9999	-9999	-9999
9	5	6.740937	17.005600	22.267700	13.366000	1.622551	-9999	0.181873	-9999	-9999	-9999	-9999
9	6	2.619924	13.544100	15.808000	10.422600	1.391610	-9999	4.213760	-9999	-9999	-9999	-9999
9	7	3.522312	10.854800	13.663600	8.365580	1.300918	-9999	28.969600	-9999	-9999	-9999	-9999
9	8	10.865232	8.155840	11.728400	5.405010	1.772918	-9999	22.440900	-9999	-9999	-9999	-9999
9	9	6.806877	9.596730	13.749400	5.295150	2.059542	-9999	6.661510	-9999	-9999	-9999	-9999
9	10	3.946838	8.916700	11.287700	6.476940	1.178804	-9999	7.618020	-9999	-9999	-9999	-9999
9	11	2.752859	8.494550	10.664100	6.307440	1.385511	-9999	6.818470	-9999	-9999	-9999	-9999
9	12	10.494489	7.625260	11.691900	4.946630	1.580676	-9999	3.868800	-9999	-9999	-9999	-9999
9	13	10.778659	11.355000	17.210400	4.680550	2.136221	-9999	0.018871	-9999	-9999	-9999	-9999
9	14	6.817461	11.734300	15.442500	8.164010	1.371754	-9999	6.168240	-9999	-9999	-9999	-9999
9	15	2.557215	8.220960	10.039100	6.143530	0.822521	-9999	0.895078	-9999	-9999	-9999	-9999
9	16	10.009267	9.666000	14.743900	5.832100	1.642655	-9999	0.000275	-9999	-9999	-9999	-9999
9	17	4.520215	7.227220	9.508330	3.253000	1.119607	-9999	4.685350	-9999	-9999	-9999	-9999
9	18	14.207529	5.943800	11.443700	1.848890	1.574474	-9999	0.000002	-9999	-9999	-9999	-9999
9	19	14.464483	5.820450	11.939400	2.160350	2.029761	-9999	0.000000	-9999	-9999	-9999	-9999
9	20	13.615085	8.450270	14.156000	1.574380	2.151632	-9999	0.000000	-9999	-9999	-9999	-9999
9	21	12.679200	11.961400	18.770400	7.178900	1.991611	-9999	0.000000	-9999	-9999	-9999	-9999
9	22	13.304477	10.474000	16.998200	6.388190	1.613931	-9999	0.000000	-9999	-9999	-9999	-9999
9	23	13.149994	13.035500	20.468700	6.163310	3.116564	-9999	0.000000	-9999	-9999	-9999	-9999
9	24	12.838954	15.137300	22.424400	10.419300	3.303164	-9999	0.000000	-9999	-9999	-9999	-9999
9	25	12.275885	15.369900	20.653200	10.054500	2.480251	-9999	1.501080	-9999	-9999	-9999	-9999
9	26	9.833789	15.239000	20.265000	11.190600	1.827872	-9999	1.594130	-9999	-9999	-9999	-9999
9	27	7.907293	14.282700	18.912900	10.785500	1.508428	-9999	7.390330	-9999	-9999	-9999	-9999
9	28	11.532759	14.585300	20.122800	10.517300	2.125179	-9999	0.000000	-9999	-9999	-9999	-9999
9	29	10.008403	14.280500	19.144900	9.695600	2.850105	-9999	9.879870	-9999	-9999	-9999	-9999
9	30	10.822723	13.497500	17.810000	8.795150	2.113228	-9999	2.980060	-9999	-9999	-9999	-9999
10	1	11.378880	15.826200	21.415500	11.803300	2.780434	-9999	0.027824	-9999	-9999	-9999	-9999
10	2	11.449036	15.630200	22.915800	11.124300	2.913666	-9999	0.000000	-9999	-9999	-9999	-9999
10	3	10.603267	13.619100	21.013300	8.205350	2.197984	-9999	0.000000	-9999	-9999	-9999	-9999
10	4	11.374301	12.153100	18.502600	7.485080	1.745168	-9999	0.000000	-9999	-9999	-9999	-9999
10	5	11.187072	11.891300	19.399500	7.530880	2.956047	-9999	0.000000	-9999	-9999	-9999	-9999
10	6	11.367649	11.796300	19.789500	7.184480	5.764796	-9999	0.000000	-9999	-9999	-9999	-9999
10	7	11.055053	13.161600	21.551700	7.602290	6.278461	-9999	0.000000	-9999	-9999	-9999	-9999
10	8	10.861949	12.717100	20.909100	8.019130	4.384903	-9999	0.000000	-9999	-9999	-9999	-9999
10	9	10.629533	11.466600	19.056800	6.253260	4.095222	-9999	0.000000	-9999	-9999	-9999	-9999
10	10	10.517040	10.312100	18.116300	5.403960	3.952576	-9999	0.000000	-9999	-9999	-9999	-9999
10	11	6.620115	12.220800	17.141000	6.054560	2.194392	-9999	0.029552	-9999	-9999	-9999	-9999
10	12	7.909013	12.550800	17.228600	9.007480	2.752354	-9999	0.044125	-9999	-9999	-9999	-9999
10	13	7.020078	9.199290	15.715700	4.613550	2.335321	-9999	0.038025	-9999	-9999	-9999	-9999
10	14	4.722995	11.808300	17.416300	4.615930	3.190594	-9999	0.184137	-9999	-9999	-9999	-9999
10	15	8.436994	12.699100	18.926500	8.703700	2.270149	-9999	0.000000	-9999	-9999	-9999	-9999
10	16	5.217575	12.905600	17.501900	7.511750	1.847249	-9999	5.635420	-9999	-9999	-9999	-9999
10	17	6.162592	13.155900	18.222000	9.272370	1.827520	-9999	1.849080	-9999	-9999	-9999	-9999
10	18	2.970717	12.990600	17.633500	7.622680	1.184079	-9999	13.490700	-9999	-9999	-9999	-9999
10	19	4.595106	8.745650	11.776900	5.799350	1.292072	-9999	3.504700	-9999	-9999	-9999	-9999
10	20	8.459182	9.375170	15.583200	4.872620	1.628563	-9999	0.000000	-9999	-9999	-9999	-9999
10	21	3.537951	7.479960	10.507200	4.231500	1.207818	-9999	4.385900	-9999	-9999	-9999	-9999
10	22	2.885570	6.977280	10.090700	4.176660	0.723496	-9999	1.149110	-9999	-9999	-9999	-9999
10	23	4.728534	6.403640	10.235800	3.033840	0.855762	-9999	1.470370	-9999	-9999	-9999	-9999
10	24	5.378642	5.075540	8.975300	1.906650	0.885579	-9999	2.420260	-9999	-9999	-9999	-9999
10	25	4.402685	4.421250	7.781510	1.694940	0.515355	-9999	4.850860	-9999	-9999	-9999	-9999
10	26	4.028409	4.214190	7.106460	1.954410	0.328125	-9999	9.136570	-9999	-9999	-9999	-9999
10	27	2.126053	6.589580	9.424120	2.215820	0.373649	-9999	11.656900	-9999	-9999	-9999	-9999
10	28	6.867962	7.758990	13.018100	4.502170	1.212026	-9999	2.031090	-9999	-9999	-9999	-9999
10	29	3.525664	7.661600	11.300300	4.582700	0.895408	-9999	2.451050	-9999	-9999	-9999	-9999
10	30	6.443245	9.425520	15.081300	5.044490	1.796708	-9999	0.272593	-9999	-9999	-9999	-9999
10	31	2.312211	10.770000	14.385500	6.507720	1.602367	-9999	6.014200	-9999	-9999	-9999	-9999
11	1	1.283092	6.173130	10.464900	2.149970	0.724367	-9999	13.954500	-9999	-9999	-9999	-9999
11	2	2.277081	2.991030	4.299370	2.033970	0.134142	-9999	18.964900	-9999	-9999	-9999	-9999
11	3	5.963950	2.760350	6.569970	0.199562	0.872015	-9999	0.602643	-9999	-9999	-9999	-9999
11	4	4.851723	2.121830	4.167900	0.897529	0.798080	-9999	5.831600	-9999	-9999	-9999	-9999
11	5	4.901628	1.289340	3.833460	-0.782402	0.950034	-9999	1.538240	-9999	-9999	-9999	-9999
11	6	2.831267	3.067080	4.649530	0.464668	0.165489	-9999	13.930600	-9999	-9999	-9999	-9999
11	7	2.309990	2.309780	4.652330	0.706337	0.368051	-9999	8.641680	-9999	-9999	-9999	-9999
11	8	4.177518	2.923710	4.691550	1.185580	0.461175	-9999	3.068000	-9999	-9999	-9999	-9999
11	9	5.711843	4.805540	9.173030	2.087140	1.812118	-9999	0.000191	-9999	-9999	-9999	-9999
11	10	5.746749	8.734010	13.740000	4.736340	3.681479	-9999	0.000000	-9999	-9999	-9999	-9999
11	11	5.285503	7.455630	11.188000	5.374730	1.910063	-9999	1.595190	-9999	-9999	-9999	-9999
11	12	0.983051	10.189700	13.718700	5.144600	0.379027	-9999	15.570300	-9999	-9999	-9999	-9999
11	13	5.365518	9.944030	14.144600	4.997260	1.905678	-9999	0.000873	-9999	-9999	-9999	-9999
11	14	1.809423	7.160190	10.851400	4.926340	0.587425	-9999	0.003735	-9999	-9999	-9999	-9999
11	15	4.980053	7.777400	12.133000	4.322640	1.562346	-9999	0.000000	-9999	-9999	-9999	-9999
11	16	4.508525	9.226560	13.219500	6.154730	1.489117	-9999	0.009167	-9999	-9999	-9999	-9999
11	17	4.932706	9.705020	14.011200	6.328900	2.033354	-9999	0.000000	-9999	-9999	-9999	-9999
11	18	4.813413	12.654800	18.095300	8.517460	4.646935	-9999	0.000000	-9999	-9999	-9999	-9999
11	19	4.324899	7.687680	11.004600	4.579870	1.065108	-9999	0.000000	-9999	-9999	-9999	-9999
11	20	1.943698	7.024510	8.802050	4.694950	0.648169	-9999	13.047600	-9999	-9999	-9999	-9999
11	21	1.095759	7.897710	9.938710	5.567080	0.796684	-9999	3.383690	-9999	-9999	-9999	-9999
11	22	4.649996	10.330700	14.928000	4.937020	4.184527	-9999	0.000000	-9999	-9999	-9999	-9999
11	23	4.424440	10.295700	13.970700	7.825810	4.177505	-9999	0.000000	-9999	-9999	-9999	-9999
11	24	4.444606	8.922420	14.247300	5.592690	3.035314	-9999	0.000000	-9999	-9999	-9999	-9999
11	25	4.335483	7.658390	12.110900	4.486340	1.875297	-9999	0.676753	-9999	-9999	-9999	-9999
11	26	3.643194	5.978820	9.045000	4.091620	0.807023	-9999	0.063791	-9999	-9999	-9999	-9999
11	27	4.301718	5.996190	9.875110	3.224460	1.902994	-9999	0.000000	-9999	-9999	-9999	-9999
11	28	4.230075	8.540010	12.783500	5.109500	3.558497	-9999	0.000000	-9999	-9999	-9999	-9999
11	29	4.158605	8.866520	12.940000	6.768410	4.017325	-9999	0.000000	-9999	-9999	-9999	-9999
11	30	3.890903	8.982240	12.250400	6.337680	4.294099	-9999	0.000000	-9999	-9999	-9999	-9999
12	1	3.877079	7.540000	10.422600	5.287930	4.227476	-9999	0.000000	-9999	-9999	-9999	-9999
12	2	3.985632	7.358940	10.524100	5.963440	4.483729	-9999	0.000000	-9999	-9999	-9999	-9999
12	3	3.994419	7.820980	11.932500	5.412650	3.816827	-9999	0.000000	-9999	-9999	-9999	-9999
12	4	3.992397	6.309570	10.140000	2.183620	2.382919	-9999	0.000000	-9999	-9999	-9999	-9999
12	5	3.549554	6.273980	8.443020	3.545010	1.675528	-9999	4.197160	-9999	-9999	-9999	-9999
12	6	3.266274	6.600830	8.262050	4.881800	1.706609	-9999	23.082800	-9999	-9999	-9999	-9999
12	7	2.106501	4.889220	10.441400	0.999476	1.165623	-9999	24.493500	-9999	-9999	-9999	-9999
12	8	3.048970	1.419830	3.228270	0.080134	0.919408	-9999	0.136925	-9999	-9999	-9999	-9999
12	9	3.038040	1.829220	4.607820	-0.699834	1.067733	-9999	0.189275	-9999	-9999	-9999	-9999
12	10	2.599690	2.761470	4.820430	-0.140081	1.297488	-9999	0.157403	-9999	-9999	-9999	-9999
12	11	3.596288	3.506770	5.522740	1.515410	0.955840	-9999	0.000000	-9999	-9999	-9999	-9999
12	12	3.532853	4.978910	8.899080	2.712790	1.664295	-9999	0.000018	-9999	-9999	-9999	-9999
12	13	2.573960	4.059320	6.048680	2.765350	1.206528	-9999	0.509112	-9999	-9999	-9999	-9999
12	14	1.262606	2.254240	4.393710	1.207030	0.287462	-9999	2.811120	-9999	-9999	-9999	-9999
12	15	1.401071	1.246490	2.576660	0.355433	0.346557	-9999	4.446780	-9999	-9999	-9999	-9999
12	16	1.579720	-1.212830	1.724850	-4.625740	0.299123	-9999	5.570090	-9999	-9999	-9999	-9999
12	17	3.209354	-3.230230	1.617280	-7.763340	1.152190	-9999	0.016819	-9999	-9999	-9999	-9999
12	18	3.129201	-0.561620	3.137240	-4.283880	1.281032	-9999	1.838310	-9999	-9999	-9999	-9999
12	19	2.119703	-2.560490	-0.163147	-4.151190	0.441149	-9999	6.882450	-9999	-9999	-9999	-9999
12	20	2.146928	-2.788790	0.579376	-5.974640	0.518348	-9999	1.775030	-9999	-9999	-9999	-9999
12	21	3.198718	-3.983590	-0.138977	-6.785560	0.500503	-9999	2.589800	-9999	-9999	-9999	-9999
12	22	2.237475	-5.719610	-3.966000	-7.217630	0.415139	-9999	8.351380	-9999	-9999	-9999	-9999
12	23	1.744019	-5.684030	-2.989750	-7.268960	0.346744	-9999	6.805410	-9999	-9999	-9999	-9999
12	24	3.272538	-3.550730	-0.053345	-9.041170	0.562670	-9999	0.755282	-9999	-9999	-9999	-9999
12	25	1.517011	2.463860	4.782470	-1.417580	0.380885	-9999	3.885900	-9999	-9999	-9999	-9999
12	26	1.084164	-0.786046	4.300750	-4.490540	0.353375	-9999	7.387890	-9999	-9999	-9999	-9999
12	27	3.182552	-3.020180	1.348450	-7.356180	0.965623	-9999	0.028116	-9999	-9999	-9999	-9999
12	28	3.198338	0.053828	4.589630	-3.144410	1.106680	-9999	0.000000	-9999	-9999	-9999	-9999
12	29	1.617028	0.654567	2.819730	-2.346900	0.452904	-9999	4.100400	-9999	-9999	-9999	-9999
12	30	1.678035	0.001185	3.480440	-3.535190	0.440952	-9999	11.992300	-9999	-9999	-9999	-9999
12	31	1.995253	-5.521370	-2.159390	-8.922090	0.441968	-9999	1.750980	-9999	-9999	-9999	-9999
