Month	n_days	Rg_f	Ta_f	Tmax	Tmin	VPD_f	Ts_f	Precip	SWC	LAI	ET	LITTERFALL
1	1	2.137208	-0.816655	3.079280	-6.433510	0.471496	-9999	6.107440	-9999	-9999	-9999	-9999
1	2	2.457855	-2.768500	0.517090	-5.269870	0.610320	-9999	1.910460	-9999	-9999	-9999	-9999
1	3	1.882146	-1.045420	1.915500	-5.044010	0.467345	-9999	7.115190	-9999	-9999	-9999	-9999
1	4	1.956174	0.506862	3.416500	-2.119270	0.331676	-9999	9.242040	-9999	-9999	-9999	-9999
1	5	1.614635	-0.308232	4.024780	-4.212230	0.533791	-9999	7.683110	-9999	-9999	-9999	-9999
1	6	3.430140	0.235377	4.150700	-4.701360	0.856197	-9999	0.291113	-9999	-9999	-9999	-9999
1	7	3.584304	2.073910	5.029750	-0.305977	1.010746	-9999	0.005680	-9999	-9999	-9999	-9999
1	8	3.020233	1.280420	5.607540	-2.712990	0.547140	-9999	4.486510	-9999	-9999	-9999	-9999
1	9	3.658046	-0.422002	3.477290	-5.220220	1.026711	-9999	0.085604	-9999	-9999	-9999	-9999
1	10	3.617343	2.594720	5.414640	-0.547096	1.100595	-9999	0.842797	-9999	-9999	-9999	-9999
1	11	3.715624	3.647090	6.127410	0.942986	1.370051	-9999	0.000000	-9999	-9999	-9999	-9999
1	12	3.656249	3.297390	6.485350	-0.416267	1.224422	-9999	0.000000	-9999	-9999	-9999	-9999
1	13	3.837836	3.855100	6.644620	1.321460	2.201112	-9999	0.000000	-9999	-9999	-9999	-9999
1	14	3.969199	5.303340	9.972600	1.827020	4.480801	-9999	0.000000	-9999	-9999	-9999	-9999
1	15	4.062614	4.495600	9.672940	0.834191	5.187717	-9999	0.000000	-9999	-9999	-9999	-9999
1	16	4.166268	2.781730	7.257450	-0.325874	2.951308	-9999	0.000000	-9999	-9999	-9999	-9999
1	17	3.812201	-1.028630	2.785370	-4.927560	0.719567	-9999	0.191807	-9999	-9999	-9999	-9999
1	18	2.926826	-5.545170	-3.003660	-7.129280	0.411841	-9999	2.376070	-9999	-9999	-9999	-9999
1	19	2.581157	-9.483680	-5.182920	-13.980000	0.459133	-9999	2.072570	-9999	-9999	-9999	-9999
1	20	4.630798	-9.501590	-4.462590	-14.252300	0.970807	-9999	0.000000	-9999	-9999	-9999	-9999
1	21	4.603487	-5.386300	-0.589386	-10.774400	1.283492	-9999	0.000000	-9999	-9999	-9999	-9999
1	22	4.588013	0.162684	4.654360	-5.388710	1.788248	-9999	0.000000	-9999	-9999	-9999	-9999
1	23	4.727739	1.627960	6.143400	-1.167790	2.717163	-9999	0.000000	-9999	-9999	-9999	-9999
1	24	4.820921	-0.753148	5.141750	-4.371830	3.339204	-9999	0.000000	-9999	-9999	-9999	-9999
1	25	4.936758	-0.535649	5.903720	-4.512210	4.393194	-9999	0.000000	-9999	-9999	-9999	-9999
1	26	4.989384	-2.882660	1.772310	-6.964180	2.468453	-9999	0.000000	-9999	-9999	-9999	-9999
1	27	5.094757	-1.923040	4.132200	-6.869940	3.128064	-9999	0.000000	-9999	-9999	-9999	-9999
1	28	5.135979	-4.737610	0.949341	-8.371560	0.905854	-9999	0.015273	-9999	-9999	-9999	-9999
1	29	3.585203	-6.343330	-2.409240	-10.421100	0.515890	-9999	1.065970	-9999	-9999	-9999	-9999
1	30	5.424235	-2.879340	1.882320	-8.987070	1.689082	-9999	0.000000	-9999	-9999	-9999	-9999
1	31	5.366045	-2.203620	2.164550	-4.913220	1.184030	-9999	0.000000	-9999	-9999	-9999	-9999
2	1	5.457274	0.097679	4.271540	-5.649570	1.877750	-9999	0.000000	-9999	-9999	-9999	-9999
2	2	5.617374	1.945880	6.784330	-2.324580	3.548768	-9999	0.000000	-9999	-9999	-9999	-9999
2	3	5.709053	2.151360	5.878080	-2.233150	3.373611	-9999	0.000000	-9999	-9999	-9999	-9999
2	4	5.943301	0.509178	4.122640	-2.168580	1.230462	-9999	0.914172	-9999	-9999	-9999	-9999
2	5	6.049815	-1.635050	3.140990	-6.142420	0.812349	-9999	0.063567	-9999	-9999	-9999	-9999
2	6	5.815886	-1.348150	3.791680	-4.412540	0.822209	-9999	0.000000	-9999	-9999	-9999	-9999
2	7	5.301539	0.216790	3.972890	-4.329440	1.040517	-9999	0.000000	-9999	-9999	-9999	-9999
2	8	6.178386	0.603813	3.826560	-2.347750	1.318193	-9999	0.000000	-9999	-9999	-9999	-9999
2	9	2.997769	2.138420	4.511100	-0.530150	0.375552	-9999	7.843560	-9999	-9999	-9999	-9999
2	10	2.733195	-0.382454	4.237120	-3.996760	0.403453	-9999	8.612450	-9999	-9999	-9999	-9999
2	11	5.513841	-5.719550	-1.647740	-8.139620	0.616358	-9999	1.114900	-9999	-9999	-9999	-9999
2	12	5.205272	-8.124280	-3.285830	-11.109300	0.938581	-9999	0.090487	-9999	-9999	-9999	-9999
2	13	7.006159	-3.943180	2.416990	-11.145300	1.027233	-9999	0.000000	-9999	-9999	-9999	-9999
2	14	7.107506	-3.230780	1.914030	-8.953030	0.728520	-9999	0.000000	-9999	-9999	-9999	-9999
2	15	6.146298	-0.256538	3.015560	-3.774870	0.678567	-9999	2.484860	-9999	-9999	-9999	-9999
2	16	2.239497	-3.118230	0.116754	-4.758420	0.442610	-9999	10.559300	-9999	-9999	-9999	-9999
2	17	3.114876	-6.755590	-2.443430	-8.964930	0.474460	-9999	3.239710	-9999	-9999	-9999	-9999
2	18	4.981236	-6.460400	-3.012850	-8.977390	0.483149	-9999	1.030750	-9999	-9999	-9999	-9999
2	19	5.254934	-4.111950	-1.537970	-8.247280	0.463680	-9999	5.844330	-9999	-9999	-9999	-9999
2	20	1.820802	-2.168250	-0.068366	-4.808560	0.457727	-9999	5.997290	-9999	-9999	-9999	-9999
2	21	7.971627	-1.169930	3.899620	-4.740720	0.628389	-9999	1.327880	-9999	-9999	-9999	-9999
2	22	4.204086	-1.047980	2.446800	-4.820650	0.384730	-9999	8.164410	-9999	-9999	-9999	-9999
2	23	3.788848	-3.093820	0.293024	-6.034670	0.464751	-9999	4.853430	-9999	-9999	-9999	-9999
2	24	5.833737	0.050621	2.963800	-6.035860	0.300058	-9999	7.099910	-9999	-9999	-9999	-9999
2	25	8.597751	1.938010	4.338220	-0.750670	0.901495	-9999	0.151114	-9999	-9999	-9999	-9999
2	26	8.319854	0.812798	3.977620	-1.744380	0.614410	-9999	0.000006	-9999	-9999	-9999	-9999
2	27	8.802951	1.112720	3.999320	-1.852320	0.443318	-9999	0.000433	-9999	-9999	-9999	-9999
2	28	9.228211	0.585381	4.006890	-1.715880	0.465261	-9999	0.000223	-9999	-9999	-9999	-9999
3	1	9.457949	2.754670	5.938350	-0.461752	0.974852	-9999	0.000210	-9999	-9999	-9999	-9999
3	2	6.929358	2.561800	5.932730	-0.777578	0.977147	-9999	0.000000	-9999	-9999	-9999	-9999
3	3	8.708170	3.378880	6.783800	0.186747	1.922001	-9999	0.000000	-9999	-9999	-9999	-9999
3	4	9.907142	3.251130	6.231620	0.495463	1.205462	-9999	0.000000	-9999	-9999	-9999	-9999
3	5	10.731399	5.417390	11.848900	1.560400	2.655128	-9999	0.000000	-9999	-9999	-9999	-9999
3	6	10.839053	6.954870	12.379400	3.571390	2.604806	-9999	0.003283	-9999	-9999	-9999	-9999
3	7	3.967410	4.591040	7.450220	2.485970	0.493459	-9999	7.596150	-9999	-9999	-9999	-9999
3	8	6.810973	3.877990	6.626880	2.130200	0.603711	-9999	6.554520	-9999	-9999	-9999	-9999
3	9	7.690870	3.579680	6.687490	1.506140	0.771285	-9999	6.943000	-9999	-9999	-9999	-9999
3	10	5.993171	1.791810	8.194570	-3.903620	0.844929	-9999	6.710710	-9999	-9999	-9999	-9999
3	11	8.664019	-9.345240	-1.614390	-14.927400	0.547953	-9999	11.334800	-9999	-9999	-9999	-9999
3	12	10.248336	-11.458100	-7.646580	-15.217500	0.536768	-9999	2.947420	-9999	-9999	-9999	-9999
3	13	10.310889	0.584415	5.459530	-13.454900	1.173298	-9999	0.042962	-9999	-9999	-9999	-9999
3	14	9.237283	5.083810	9.331320	0.564890	1.140899	-9999	0.225431	-9999	-9999	-9999	-9999
3	15	12.004502	5.886330	10.658300	2.293920	1.134299	-9999	1.480160	-9999	-9999	-9999	-9999
3	16	12.241411	7.836150	13.931000	4.541060	1.130486	-9999	0.009823	-9999	-9999	-9999	-9999
3	17	3.137123	4.336460	8.130760	2.037490	0.186298	-9999	22.425800	-9999	-9999	-9999	-9999
3	18	3.983308	1.769600	4.576040	-1.210900	0.323770	-9999	13.085800	-9999	-9999	-9999	-9999
3	19	5.783875	-0.236294	3.706320	-3.875080	0.466732	-9999	6.102140	-9999	-9999	-9999	-9999
3	20	7.549572	0.227482	4.410270	-2.666950	0.587650	-9999	2.570660	-9999	-9999	-9999	-9999
3	21	13.058669	1.846350	5.942310	-2.966760	1.124692	-9999	0.000000	-9999	-9999	-9999	-9999
3	22	14.073783	4.507720	10.535700	-0.019796	2.361540	-9999	0.000000	-9999	-9999	-9999	-9999
3	23	6.306984	4.104100	8.446130	1.115030	0.768448	-9999	3.791930	-9999	-9999	-9999	-9999
3	24	14.767920	2.303810	7.532220	-1.138720	1.975400	-9999	0.006426	-9999	-9999	-9999	-9999
3	25	14.899421	6.001740	13.584000	-0.920095	3.512592	-9999	0.000000	-9999	-9999	-9999	-9999
3	26	15.170285	7.652160	15.236800	3.536170	4.394321	-9999	0.000000	-9999	-9999	-9999	-9999
3	27	14.979513	7.917670	16.406900	3.144420	3.330936	-9999	0.000000	-9999	-9999	-9999	-9999
3	28	14.903222	7.800630	14.632200	2.803480	4.127253	-9999	0.000000	-9999	-9999	-9999	-9999
3	29	6.631865	7.312470	11.961800	3.893260	0.972503	-9999	1.341370	-9999	-9999	-9999	-9999
3	30	7.276245	5.574310	9.722340	2.821600	0.980851	-9999	0.466857	-9999	-9999	-9999	-9999
3	31	8.529529	3.920960	6.833060	1.740640	1.170664	-9999	8.214030	-9999	-9999	-9999	-9999
4	1	7.801860	2.830520	6.158880	0.085745	0.695616	-9999	3.198330	-9999	-9999	-9999	-9999
4	2	8.055340	5.409680	8.974580	1.300800	0.564049	-9999	2.196410	-9999	-9999	-9999	-9999
4	3	5.963794	6.067480	10.198500	2.761500	1.412682	-9999	0.327372	-9999	-9999	-9999	-9999
4	4	9.719741	7.413310	13.089800	3.119410	1.480489	-9999	1.503810	-9999	-9999	-9999	-9999
4	5	15.991603	10.004500	16.911600	4.509730	2.661061	-9999	0.000000	-9999	-9999	-9999	-9999
4	6	15.863990	10.832600	17.996600	4.550650	3.227412	-9999	0.122745	-9999	-9999	-9999	-9999
4	7	8.123535	9.197090	14.269000	5.502160	1.405798	-9999	3.797680	-9999	-9999	-9999	-9999
4	8	8.813837	6.774090	10.396700	4.024010	1.306632	-9999	3.437970	-9999	-9999	-9999	-9999
4	9	5.031254	4.223700	8.333770	1.395710	0.690518	-9999	6.405470	-9999	-9999	-9999	-9999
4	10	17.295551	11.148800	18.421300	1.632770	5.757595	-9999	0.000000	-9999	-9999	-9999	-9999
4	11	16.993325	16.643000	23.640400	9.809650	6.012019	-9999	0.000000	-9999	-9999	-9999	-9999
4	12	14.728521	13.376500	20.246200	8.599450	2.536676	-9999	0.247428	-9999	-9999	-9999	-9999
4	13	17.434483	11.532900	18.000300	6.308490	2.601854	-9999	0.029879	-9999	-9999	-9999	-9999
4	14	14.784336	11.876900	18.641500	6.906880	2.358615	-9999	0.673335	-9999	-9999	-9999	-9999
4	15	13.496545	12.049800	18.675700	5.749140	2.887070	-9999	0.799055	-9999	-9999	-9999	-9999
4	16	18.329069	12.128300	20.664200	6.835260	3.701072	-9999	0.000000	-9999	-9999	-9999	-9999
4	17	5.802278	10.165100	15.678400	6.465200	0.877355	-9999	0.000007	-9999	-9999	-9999	-9999
4	18	15.588806	11.593500	17.997700	5.704670	2.744341	-9999	0.737512	-9999	-9999	-9999	-9999
4	19	18.950890	9.947000	18.731400	4.316950	4.300198	-9999	0.000000	-9999	-9999	-9999	-9999
4	20	19.390579	10.327200	18.931900	3.760060	4.972048	-9999	0.000000	-9999	-9999	-9999	-9999
4	21	17.680032	10.205200	17.605100	4.066980	4.694181	-9999	0.014787	-9999	-9999	-9999	-9999
4	22	16.813959	10.502800	16.906100	4.308550	3.699485	-9999	0.007367	-9999	-9999	-9999	-9999
4	23	13.793587	11.570100	18.055300	5.022850	3.298535	-9999	0.676293	-9999	-9999	-9999	-9999
4	24	17.622490	12.728400	19.658900	7.169640	5.643391	-9999	0.000000	-9999	-9999	-9999	-9999
4	25	19.202055	12.948200	20.995400	6.593650	5.307267	-9999	0.008168	-9999	-9999	-9999	-9999
4	26	19.582559	14.255800	22.830400	6.624590	6.842672	-9999	0.002764	-9999	-9999	-9999	-9999
4	27	20.114525	14.940700	23.182000	8.277120	8.727670	-9999	0.000000	-9999	-9999	-9999	-9999
4	28	19.180887	15.577200	23.693000	8.852250	8.467207	-9999	0.039139	-9999	-9999	-9999	-9999
4	29	10.793434	14.148300	19.909900	8.891130	3.422735	-9999	3.703960	-9999	-9999	-9999	-9999
4	30	9.913622	13.349800	17.670900	9.701250	2.190458	-9999	3.285660	-9999	-9999	-9999	-9999
5	1	15.831936	14.914700	21.371700	9.679080	3.534048	-9999	0.401844	-9999	-9999	-9999	-9999
5	2	5.852805	12.933600	16.504700	10.507300	1.349433	-9999	2.449380	-9999	-9999	-9999	-9999
5	3	15.442272	14.956400	23.924900	9.759710	2.797098	-9999	7.316560	-9999	-9999	-9999	-9999
5	4	3.801565	4.125510	12.057400	1.191110	0.452880	-9999	15.497100	-9999	-9999	-9999	-9999
5	5	8.930304	3.678000	6.592110	1.112400	0.531073	-9999	12.384800	-9999	-9999	-9999	-9999
5	6	10.598774	4.834530	7.961590	1.310580	1.681418	-9999	1.118910	-9999	-9999	-9999	-9999
5	7	15.573945	7.004120	11.542600	2.342870	2.313888	-9999	0.307259	-9999	-9999	-9999	-9999
5	8	15.289603	7.821190	13.431100	2.201940	1.978374	-9999	1.072820	-9999	-9999	-9999	-9999
5	9	6.324463	6.345270	9.872870	1.962170	1.248122	-9999	2.718260	-9999	-9999	-9999	-9999
5	10	8.659526	5.374450	9.309920	1.790230	0.965364	-9999	4.244820	-9999	-9999	-9999	-9999
5	11	10.815811	7.957330	12.690900	1.956950	1.268797	-9999	1.396240	-9999	-9999	-9999	-9999
5	12	18.220205	10.517000	16.022500	6.027960	2.614808	-9999	0.649388	-9999	-9999	-9999	-9999
5	13	11.649312	10.338000	14.776000	4.923220	1.454442	-9999	3.600700	-9999	-9999	-9999	-9999
5	14	8.307576	10.397600	13.746000	7.351940	1.227124	-9999	3.902480	-9999	-9999	-9999	-9999
5	15	9.845193	3.613490	10.369800	1.303380	0.747362	-9999	15.443200	-9999	-9999	-9999	-9999
5	16	8.671968	5.341180	9.676710	1.332500	1.558440	-9999	1.235660	-9999	-9999	-9999	-9999
5	17	20.960554	9.583130	16.990400	1.857280	2.836703	-9999	0.133254	-9999	-9999	-9999	-9999
5	18	18.569866	11.990600	18.820500	4.315800	3.107919	-9999	0.388264	-9999	-9999	-9999	-9999
5	19	15.832022	13.225400	19.832700	6.549230	2.159023	-9999	1.062350	-9999	-9999	-9999	-9999
5	20	12.428381	11.349600	17.268900	5.625980	2.273637	-9999	1.307140	-9999	-9999	-9999	-9999
5	21	9.446112	9.671660	12.296700	5.838840	1.718468	-9999	17.762800	-9999	-9999	-9999	-9999
5	22	10.686470	10.425900	15.802700	5.952490	1.933062	-9999	1.191360	-9999	-9999	-9999	-9999
5	23	18.414000	13.457300	19.268900	7.010470	3.052068	-9999	0.002064	-9999	-9999	-9999	-9999
5	24	12.430627	13.405300	21.088600	7.646520	2.978107	-9999	7.991850	-9999	-9999	-9999	-9999
5	25	14.983142	10.402100	15.370900	7.227330	2.174017	-9999	3.402610	-9999	-9999	-9999	-9999
5	26	6.769448	9.851130	13.182100	7.013370	1.393875	-9999	5.257670	-9999	-9999	-9999	-9999
5	27	13.883271	11.037700	14.757900	6.201000	1.829615	-9999	3.493710	-9999	-9999	-9999	-9999
5	28	9.322041	12.698000	17.193500	8.777440	1.268465	-9999	16.265900	-9999	-9999	-9999	-9999
5	29	6.147853	10.040000	13.761900	7.302920	1.327401	-9999	20.418800	-9999	-9999	-9999	-9999
5	30	9.381139	9.355040	13.700800	6.223180	1.792563	-9999	2.531060	-9999	-9999	-9999	-9999
5	31	13.656471	10.118800	14.157200	6.472240	1.742338	-9999	0.782571	-9999	-9999	-9999	-9999
6	1	18.850148	10.888200	15.434000	5.592810	2.497781	-9999	1.773290	-9999	-9999	-9999	-9999
6	2	8.870083	7.368110	10.971100	5.474060	1.310099	-9999	30.286900	-9999	-9999	-9999	-9999
6	3	12.306644	7.094580	10.380500	4.502080	1.630563	-9999	8.553050	-9999	-9999	-9999	-9999
6	4	23.727168	10.200300	15.785400	2.894960	2.377407	-9999	0.000224	-9999	-9999	-9999	-9999
6	5	19.504282	14.068900	19.483700	6.781160	2.887701	-9999	0.000000	-9999	-9999	-9999	-9999
6	6	20.876140	14.696100	20.759100	8.707800	3.144741	-9999	0.851786	-9999	-9999	-9999	-9999
6	7	5.360731	11.640400	14.835800	9.062440	1.541040	-9999	1.808680	-9999	-9999	-9999	-9999
6	8	8.827488	12.192500	16.482200	8.710330	1.469986	-9999	3.105700	-9999	-9999	-9999	-9999
6	9	13.520649	14.704600	19.903500	8.906130	2.326239	-9999	3.083410	-9999	-9999	-9999	-9999
6	10	22.424515	15.170800	21.736700	9.314970	3.018073	-9999	0.000003	-9999	-9999	-9999	-9999
6	11	9.731664	13.489700	18.086500	9.916170	1.091649	-9999	13.127300	-9999	-9999	-9999	-9999
6	12	7.036727	12.116500	15.851200	9.700930	1.091029	-9999	1.433570	-9999	-9999	-9999	-9999
6	13	3.039543	10.823100	12.995100	9.158790	0.656832	-9999	4.224240	-9999	-9999	-9999	-9999
6	14	8.745667	12.878200	16.847300	9.214720	1.384871	-9999	0.038598	-9999	-9999	-9999	-9999
6	15	8.217115	13.391600	16.098900	10.748800	1.631676	-9999	0.001273	-9999	-9999	-9999	-9999
6	16	22.407667	14.041700	19.773100	10.025500	3.284770	-9999	2.081240	-9999	-9999	-9999	-9999
6	17	6.534044	11.360200	14.471900	8.964330	1.710993	-9999	7.163500	-9999	-9999	-9999	-9999
6	18	24.168067	13.491100	19.918600	7.186950	3.879139	-9999	0.000000	-9999	-9999	-9999	-9999
6	19	15.847315	14.314700	20.147400	8.777680	2.370036	-9999	8.677950	-9999	-9999	-9999	-9999
6	20	10.544947	10.211000	14.097900	5.096350	1.678316	-9999	3.194070	-9999	-9999	-9999	-9999
6	21	24.370675	12.730400	18.538400	4.323820	2.994807	-9999	0.000000	-9999	-9999	-9999	-9999
6	22	19.457021	16.129900	22.282500	9.174960	3.861801	-9999	1.169740	-9999	-9999	-9999	-9999
6	23	20.774102	17.205900	24.072000	11.201600	3.965405	-9999	0.003197	-9999	-9999	-9999	-9999
6	24	11.131517	14.575000	20.261600	10.906800	1.682379	-9999	12.702500	-9999	-9999	-9999	-9999
6	25	16.849901	13.156100	17.713400	9.125160	2.881423	-9999	2.072880	-9999	-9999	-9999	-9999
6	26	21.168605	14.810400	21.004200	9.255220	3.385152	-9999	0.140117	-9999	-9999	-9999	-9999
6	27	8.371486	10.566000	12.542800	8.633610	1.800367	-9999	8.321910	-9999	-9999	-9999	-9999
6	28	5.360645	9.461890	11.864900	8.200840	1.204448	-9999	20.115500	-9999	-9999	-9999	-9999
6	29	8.993203	9.365420	11.912200	7.236210	1.549463	-9999	4.527640	-9999	-9999	-9999	-9999
6	30	13.750819	11.822000	16.704100	7.117400	2.183551	-9999	2.961310	-9999	-9999	-9999	-9999
7	1	7.877243	11.250500	14.318600	7.966370	1.615435	-9999	3.590320	-9999	-9999	-9999	-9999
7	2	2.612961	10.639300	12.128700	7.974060	0.681273	-9999	12.749300	-9999	-9999	-9999	-9999
7	3	6.188616	11.234300	13.262600	9.345090	1.387864	-9999	5.512620	-9999	-9999	-9999	-9999
7	4	0.762606	12.732900	14.699600	9.589480	0.173461	-9999	1.635520	-9999	-9999	-9999	-9999
7	5	15.277852	15.957800	19.754100	12.505800	2.510427	-9999	2.682270	-9999	-9999	-9999	-9999
7	6	16.754255	17.595800	22.525300	12.402200	2.549367	-9999	2.530240	-9999	-9999	-9999	-9999
7	7	22.963392	18.826200	25.094900	12.503800	4.218092	-9999	0.000000	-9999	-9999	-9999	-9999
7	8	23.552208	19.847400	26.202700	13.642900	4.144492	-9999	0.000000	-9999	-9999	-9999	-9999
7	9	23.189846	19.883700	26.590200	13.543300	5.155687	-9999	0.000000	-9999	-9999	-9999	-9999
7	10	22.779621	21.627400	29.016400	14.663500	5.965405	-9999	0.005716	-9999	-9999	-9999	-9999
7	11	18.517939	21.417700	27.920700	15.692300	4.762243	-9999	0.253337	-9999	-9999	-9999	-9999
7	12	20.755786	21.482300	28.194200	15.101700	5.803900	-9999	0.000000	-9999	-9999	-9999	-9999
7	13	19.623082	23.124400	30.827900	16.220100	7.078297	-9999	0.012259	-9999	-9999	-9999	-9999
7	14	16.526592	22.365600	31.156700	17.011600	6.254831	-9999	16.266000	-9999	-9999	-9999	-9999
7	15	7.595122	14.962600	19.089600	10.968100	2.910789	-9999	9.856890	-9999	-9999	-9999	-9999
7	16	21.765455	15.349700	21.054500	9.855440	3.799385	-9999	0.000000	-9999	-9999	-9999	-9999
7	17	1.677577	12.007400	15.350100	7.197390	1.153465	-9999	2.250690	-9999	-9999	-9999	-9999
7	18	23.650790	14.322700	21.782400	6.003630	3.797652	-9999	0.000000	-9999	-9999	-9999	-9999
7	19	21.071751	16.935800	23.605400	9.502750	4.545724	-9999	0.000000	-9999	-9999	-9999	-9999
7	20	15.098313	17.773900	24.400400	10.664400	3.621790	-9999	5.639150	-9999	-9999	-9999	-9999
7	21	14.152148	15.775400	20.404300	11.898700	3.313606	-9999	0.247880	-9999	-9999	-9999	-9999
7	22	14.899594	16.650900	22.661300	11.649000	3.970457	-9999	0.000000	-9999	-9999	-9999	-9999
7	23	19.575649	19.595200	27.376500	11.985300	4.325370	-9999	20.206700	-9999	-9999	-9999	-9999
7	24	2.301255	15.732700	19.364100	13.499500	0.734397	-9999	14.125000	-9999	-9999	-9999	-9999
7	25	9.058349	13.802600	17.598800	10.044900	1.764545	-9999	3.493630	-9999	-9999	-9999	-9999
7	26	21.647520	15.612000	21.386300	9.951870	3.784138	-9999	0.000000	-9999	-9999	-9999	-9999
7	27	21.893759	17.022100	23.494500	10.880800	3.699512	-9999	0.000000	-9999	-9999	-9999	-9999
7	28	21.714825	16.954700	23.169000	11.914400	4.541534	-9999	0.000000	-9999	-9999	-9999	-9999
7	29	21.765024	18.008500	24.103800	11.866100	4.841447	-9999	0.000000	-9999	-9999	-9999	-9999
7	30	18.206121	18.237100	25.211000	12.627400	4.899882	-9999	0.000000	-9999	-9999	-9999	-9999
7	31	12.525494	15.497300	19.451500	12.255200	4.614398	-9999	0.000024	-9999	-9999	-9999	-9999
8	1	6.444887	14.851100	18.588500	12.415800	2.860822	-9999	0.008311	-9999	-9999	-9999	-9999
8	2	17.295033	15.692800	21.109500	11.554500	4.391291	-9999	0.116378	-9999	-9999	-9999	-9999
8	3	16.610745	16.048700	20.715300	11.368400	3.595455	-9999	0.859915	-9999	-9999	-9999	-9999
8	4	20.089469	17.481100	24.332900	10.786900	4.978855	-9999	0.000000	-9999	-9999	-9999	-9999
8	5	21.238329	18.474200	26.444100	11.250400	6.393338	-9999	0.000000	-9999	-9999	-9999	-9999
8	6	21.258893	18.688200	26.541600	11.389600	7.246988	-9999	0.000000	-9999	-9999	-9999	-9999
8	7	20.393510	19.652100	27.029800	12.661300	8.894853	-9999	0.001529	-9999	-9999	-9999	-9999
8	8	20.160490	20.616100	27.512500	13.813500	8.902522	-9999	0.004622	-9999	-9999	-9999	-9999
8	9	12.308630	20.736500	26.156000	15.240900	4.434288	-9999	36.017300	-9999	-9999	-9999	-9999
8	10	16.149024	20.530300	26.968000	15.263100	4.642298	-9999	0.386790	-9999	-9999	-9999	-9999
8	11	11.733379	17.633900	23.575900	13.701900	2.421390	-9999	9.696200	-9999	-9999	-9999	-9999
8	12	1.989870	14.350300	16.750500	12.469900	0.912424	-9999	16.931200	-9999	-9999	-9999	-9999
8	13	1.293270	13.825700	15.627100	12.054100	0.615053	-9999	29.422100	-9999	-9999	-9999	-9999
8	14	3.665114	12.184900	14.415900	8.925000	0.947096	-9999	11.538100	-9999	-9999	-9999	-9999
8	15	19.940255	15.039800	20.099000	8.219320	2.651052	-9999	0.000187	-9999	-9999	-9999	-9999
8	16	2.959952	15.727400	18.139200	12.960200	1.091672	-9999	35.467500	-9999	-9999	-9999	-9999
8	17	2.085126	13.135600	15.765400	10.376800	0.664870	-9999	3.078460	-9999	-9999	-9999	-9999
8	18	17.219261	15.218700	19.895400	9.926530	2.305522	-9999	2.810490	-9999	-9999	-9999	-9999
8	19	11.079244	15.282400	18.546100	12.001200	2.087720	-9999	5.807230	-9999	-9999	-9999	-9999
8	20	13.871866	16.786000	21.542500	10.844000	2.602806	-9999	21.405800	-9999	-9999	-9999	-9999
8	21	9.499680	14.787900	18.872100	11.713900	1.360225	-9999	27.473700	-9999	-9999	-9999	-9999
8	22	10.597046	14.292000	17.414700	10.528100	2.104995	-9999	0.536121	-9999	-9999	-9999	-9999
8	23	2.274869	13.530500	15.583700	12.044900	0.843024	-9999	13.673000	-9999	-9999	-9999	-9999
8	24	8.957607	14.933800	18.714200	12.009300	1.695673	-9999	1.346990	-9999	-9999	-9999	-9999
8	25	6.522613	12.677000	16.117200	8.686230	1.859699	-9999	11.739000	-9999	-9999	-9999	-9999
8	26	4.175772	11.819000	14.300500	8.671890	0.955658	-9999	7.698240	-9999	-9999	-9999	-9999
8	27	6.199917	10.944900	14.489300	7.889390	1.693171	-9999	10.956200	-9999	-9999	-9999	-9999
8	28	5.480049	10.415800	13.220900	8.009660	1.339512	-9999	1.761620	-9999	-9999	-9999	-9999
8	29	6.162342	9.409770	12.256800	6.772420	1.344557	-9999	0.430926	-9999	-9999	-9999	-9999
8	30	4.329271	10.049200	12.674300	7.127400	0.887192	-9999	2.764910	-9999	-9999	-9999	-9999
8	31	10.436947	10.685800	16.022700	6.492020	1.195661	-9999	0.731136	-9999	-9999	-9999	-9999
9	1	17.399491	11.092000	17.084200	4.766340	2.801295	-9999	0.000000	-9999	-9999	-9999	-9999
9	2	17.523129	13.116300	20.510400	7.539830	4.366064	-9999	0.000000	-9999	-9999	-9999	-9999
9	3	16.731965	14.652000	22.357500	8.370310	4.712223	-9999	0.000000	-9999	-9999	-9999	-9999
9	4	16.440106	18.752500	24.780800	11.309100	7.796930	-9999	0.000000	-9999	-9999	-9999	-9999
9	5	6.372527	16.790000	20.738900	14.720000	2.576759	-9999	0.628367	-9999	-9999	-9999	-9999
9	6	0.950555	14.861500	16.833200	12.058600	1.070270	-9999	6.448320	-9999	-9999	-9999	-9999
9	7	2.628729	11.638700	13.874700	10.189000	1.029869	-9999	6.808370	-9999	-9999	-9999	-9999
9	8	10.140249	13.130700	18.225700	9.591870	1.712952	-9999	15.895700	-9999	-9999	-9999	-9999
9	9	8.812800	9.495440	13.758200	5.882060	1.932018	-9999	1.200050	-9999	-9999	-9999	-9999
9	10	15.872285	11.369300	18.035000	5.854380	3.562990	-9999	0.000000	-9999	-9999	-9999	-9999
9	11	15.767309	14.838500	21.831400	8.597330	5.378084	-9999	0.000000	-9999	-9999	-9999	-9999
9	12	15.512775	15.398500	23.003100	11.000400	4.881028	-9999	0.000000	-9999	-9999	-9999	-9999
9	13	5.502963	13.647600	16.361600	10.605500	1.170715	-9999	0.203227	-9999	-9999	-9999	-9999
9	14	2.824209	8.496750	14.318700	3.963820	1.087341	-9999	10.133800	-9999	-9999	-9999	-9999
9	15	14.329526	10.393700	16.031500	3.094100	2.985066	-9999	0.000000	-9999	-9999	-9999	-9999
9	16	11.094106	13.024800	19.261000	7.988900	2.709512	-9999	0.000000	-9999	-9999	-9999	-9999
9	17	13.271904	15.057200	20.703700	9.490030	2.352110	-9999	0.000000	-9999	-9999	-9999	-9999
9	18	11.788762	16.897900	22.081200	11.794400	4.752778	-9999	0.000000	-9999	-9999	-9999	-9999
9	19	13.929063	20.144800	27.695700	14.909600	8.793277	-9999	0.000000	-9999	-9999	-9999	-9999
9	20	13.810090	20.555300	28.131300	15.039600	11.371021	-9999	0.000000	-9999	-9999	-9999	-9999
9	21	13.348282	19.729100	25.549900	15.813200	8.918392	-9999	0.000000	-9999	-9999	-9999	-9999
9	22	10.836029	19.426300	26.862400	14.836600	7.825088	-9999	0.000000	-9999	-9999	-9999	-9999
9	23	11.489731	16.959100	23.533400	13.427200	5.345756	-9999	8.934960	-9999	-9999	-9999	-9999
9	24	10.939277	11.981300	16.694500	7.418530	2.870910	-9999	4.730750	-9999	-9999	-9999	-9999
9	25	6.226450	7.807820	10.630700	5.390790	1.619850	-9999	2.638060	-9999	-9999	-9999	-9999
9	26	11.320559	8.352740	13.096200	4.211250	1.714904	-9999	0.000026	-9999	-9999	-9999	-9999
9	27	12.575951	10.419000	14.676500	6.159740	2.380101	-9999	0.000000	-9999	-9999	-9999	-9999
9	28	10.176019	12.917800	16.208600	9.007330	1.961604	-9999	17.067400	-9999	-9999	-9999	-9999
9	29	0.938010	10.033200	12.452800	8.478800	0.607125	-9999	16.453600	-9999	-9999	-9999	-9999
9	30	7.828894	11.656500	15.611700	8.354410	1.934940	-9999	0.003517	-9999	-9999	-9999	-9999
10	1	11.424241	13.891900	20.404400	9.176150	2.600444	-9999	0.000000	-9999	-9999	-9999	-9999
10	2	11.404455	13.978900	20.924300	9.730350	2.165549	-9999	0.150706	-9999	-9999	-9999	-9999
10	3	2.271154	8.436260	13.254700	6.357700	1.036126	-9999	6.912690	-9999	-9999	-9999	-9999
10	4	9.094464	11.523200	17.506500	6.657070	1.968640	-9999	0.229040	-9999	-9999	-9999	-9999
10	5	10.559203	11.853300	17.912400	7.664240	2.150957	-9999	0.000000	-9999	-9999	-9999	-9999
10	6	10.830845	13.375700	19.409200	8.134640	2.506784	-9999	0.000000	-9999	-9999	-9999	-9999
10	7	10.714637	14.086500	19.560000	9.747890	3.038173	-9999	0.000000	-9999	-9999	-9999	-9999
10	8	9.581328	14.100600	19.686900	9.621280	3.831923	-9999	0.000000	-9999	-9999	-9999	-9999
10	9	10.402474	14.045700	21.526500	9.710810	4.949716	-9999	0.000000	-9999	-9999	-9999	-9999
10	10	10.309939	14.041000	20.318800	9.513850	4.085876	-9999	0.000000	-9999	-9999	-9999	-9999
10	11	2.018295	10.262100	13.909200	6.233640	0.921915	-9999	0.210914	-9999	-9999	-9999	-9999
10	12	10.300867	5.092630	10.514600	1.691310	1.566773	-9999	0.000591	-9999	-9999	-9999	-9999
10	13	10.224749	6.727710	13.426700	1.006040	4.655319	-9999	0.000000	-9999	-9999	-9999	-9999
10	14	8.447985	4.400680	8.921460	1.098050	1.513859	-9999	0.006443	-9999	-9999	-9999	-9999
10	15	9.604311	4.214250	9.148790	0.362303	1.180148	-9999	0.000001	-9999	-9999	-9999	-9999
10	16	9.647165	5.525680	10.804900	1.045590	2.771371	-9999	0.000000	-9999	-9999	-9999	-9999
10	17	9.418551	7.677660	14.127200	2.706240	4.021646	-9999	0.000000	-9999	-9999	-9999	-9999
10	18	8.673351	8.236460	15.428400	4.035980	2.538271	-9999	0.000005	-9999	-9999	-9999	-9999
10	19	8.853408	6.523360	12.869500	2.930450	1.944102	-9999	0.000000	-9999	-9999	-9999	-9999
10	20	8.992426	7.340860	13.890700	2.805600	3.913538	-9999	0.000000	-9999	-9999	-9999	-9999
10	21	8.623679	9.716630	17.222100	4.926570	3.889487	-9999	0.000000	-9999	-9999	-9999	-9999
10	22	8.383495	9.460490	16.640500	5.340030	2.973683	-9999	0.000000	-9999	-9999	-9999	-9999
10	23	7.897911	9.879650	15.593000	5.175990	2.199184	-9999	2.155410	-9999	-9999	-9999	-9999
10	24	4.103542	7.076950	12.009300	1.906980	0.789764	-9999	0.000485	-9999	-9999	-9999	-9999
10	25	6.421524	3.296490	6.898240	-0.454652	0.756156	-9999	1.168240	-9999	-9999	-9999	-9999
10	26	7.544742	1.735300	5.555250	-2.618930	1.720335	-9999	0.283710	-9999	-9999	-9999	-9999
10	27	7.783335	3.396250	9.738570	-2.311100	2.858480	-9999	0.000000	-9999	-9999	-9999	-9999
10	28	7.673530	3.240220	10.095400	-1.298590	2.581911	-9999	0.000000	-9999	-9999	-9999	-9999
10	29	7.584305	1.174540	7.672620	-3.124240	2.168089	-9999	0.000000	-9999	-9999	-9999	-9999
10	30	7.093656	2.048380	7.770550	-3.259430	2.413305	-9999	0.000034	-9999	-9999	-9999	-9999
10	31	6.729281	5.561840	9.070720	0.015197	1.607219	-9999	2.729980	-9999	-9999	-9999	-9999
11	1	4.835868	5.264500	9.162160	2.637490	1.218218	-9999	3.089330	-9999	-9999	-9999	-9999
11	2	3.664310	3.339840	5.561700	1.165380	1.181559	-9999	3.370330	-9999	-9999	-9999	-9999
11	3	5.196752	3.927730	7.926230	1.190410	1.194968	-9999	0.306749	-9999	-9999	-9999	-9999
11	4	3.427531	6.654720	9.837700	1.874790	0.999235	-9999	1.464140	-9999	-9999	-9999	-9999
11	5	3.725818	10.018800	13.748400	7.299140	1.346774	-9999	3.801210	-9999	-9999	-9999	-9999
11	6	2.697546	6.442440	9.276910	4.523410	0.810335	-9999	9.550270	-9999	-9999	-9999	-9999
11	7	3.835313	4.713680	9.882930	2.080120	0.885188	-9999	5.775800	-9999	-9999	-9999	-9999
11	8	4.367166	2.762600	4.903130	1.223610	1.091769	-9999	1.945370	-9999	-9999	-9999	-9999
11	9	5.732009	3.592710	7.718830	1.080210	1.435522	-9999	0.000000	-9999	-9999	-9999	-9999
11	10	5.401236	2.342040	5.779470	0.075355	1.141786	-9999	2.827540	-9999	-9999	-9999	-9999
11	11	2.998374	0.674133	2.452930	-1.181540	0.733798	-9999	4.152650	-9999	-9999	-9999	-9999
11	12	4.765003	1.469600	4.320670	-0.737175	0.738680	-9999	1.189630	-9999	-9999	-9999	-9999
11	13	2.279068	3.122500	5.607530	-0.591973	0.958564	-9999	0.268630	-9999	-9999	-9999	-9999
11	14	0.903813	3.703310	6.462150	1.119300	0.181397	-9999	5.049990	-9999	-9999	-9999	-9999
11	15	5.263514	7.847600	12.666300	4.607950	1.608550	-9999	0.006030	-9999	-9999	-9999	-9999
11	16	5.178462	8.258090	13.328400	4.769570	3.551118	-9999	0.000000	-9999	-9999	-9999	-9999
11	17	5.048006	6.378720	10.024600	3.069070	1.490550	-9999	0.000000	-9999	-9999	-9999	-9999
11	18	4.940767	8.946990	13.092200	4.908730	4.519823	-9999	0.000000	-9999	-9999	-9999	-9999
11	19	4.880468	9.908170	14.739400	6.654210	4.378612	-9999	0.000000	-9999	-9999	-9999	-9999
11	20	3.392928	6.119350	10.018200	2.195140	1.750241	-9999	4.970070	-9999	-9999	-9999	-9999
11	21	2.923767	2.368770	4.627740	0.009468	0.785186	-9999	2.936550	-9999	-9999	-9999	-9999
11	22	3.215462	4.473050	7.422200	0.450416	0.859324	-9999	3.795850	-9999	-9999	-9999	-9999
11	23	1.321039	1.322270	5.446860	-0.676476	0.663907	-9999	13.623200	-9999	-9999	-9999	-9999
11	24	2.503898	1.886630	3.817460	-0.834526	0.331928	-9999	14.327200	-9999	-9999	-9999	-9999
11	25	1.974715	3.085210	4.317950	1.543620	0.102308	-9999	24.211900	-9999	-9999	-9999	-9999
11	26	1.577768	1.926090	5.191430	-2.632650	0.904039	-9999	5.275730	-9999	-9999	-9999	-9999
11	27	3.954744	4.802800	8.285150	0.663795	1.666690	-9999	0.000000	-9999	-9999	-9999	-9999
11	28	3.716729	5.719970	8.751360	3.713230	2.317017	-9999	0.000000	-9999	-9999	-9999	-9999
11	29	3.268115	6.198090	9.032950	3.690800	1.871536	-9999	0.000000	-9999	-9999	-9999	-9999
11	30	3.619011	6.339900	11.151800	2.094610	1.212729	-9999	1.648960	-9999	-9999	-9999	-9999
12	1	3.387701	0.974452	2.916690	-1.197150	0.883132	-9999	2.642460	-9999	-9999	-9999	-9999
12	2	2.605323	-1.515050	1.547610	-3.519260	1.163843	-9999	0.109392	-9999	-9999	-9999	-9999
12	3	3.982038	-2.004000	1.865600	-4.559480	1.270973	-9999	0.000000	-9999	-9999	-9999	-9999
12	4	3.648491	0.723903	4.492890	-4.033020	1.953883	-9999	0.000000	-9999	-9999	-9999	-9999
12	5	2.857205	1.812460	5.513180	-1.455360	0.638205	-9999	4.403620	-9999	-9999	-9999	-9999
12	6	3.623711	1.871270	3.873260	-0.403081	1.378929	-9999	0.021401	-9999	-9999	-9999	-9999
12	7	1.347434	-0.282506	2.425810	-1.995310	0.350871	-9999	14.511100	-9999	-9999	-9999	-9999
12	8	1.053199	-1.384590	0.607025	-2.638190	0.319567	-9999	7.584540	-9999	-9999	-9999	-9999
12	9	1.437316	2.369110	4.084750	-3.583200	0.171418	-9999	17.784500	-9999	-9999	-9999	-9999
12	10	1.313340	1.361510	3.075010	-0.118840	0.104496	-9999	15.508700	-9999	-9999	-9999	-9999
12	11	2.117863	0.818049	2.481080	-1.042610	0.347831	-9999	4.964550	-9999	-9999	-9999	-9999
12	12	2.890745	3.104120	4.618900	0.448756	0.846885	-9999	2.319420	-9999	-9999	-9999	-9999
12	13	2.690876	4.918760	7.610260	2.605400	1.835662	-9999	2.355720	-9999	-9999	-9999	-9999
12	14	2.968203	4.270380	7.456390	1.940210	1.692881	-9999	0.000000	-9999	-9999	-9999	-9999
12	15	3.505732	4.176750	7.726590	2.439720	0.911853	-9999	0.394819	-9999	-9999	-9999	-9999
12	16	2.521515	4.875790	8.790500	1.564570	0.725001	-9999	1.789070	-9999	-9999	-9999	-9999
12	17	2.935630	2.184720	4.891140	0.605372	0.834357	-9999	0.384589	-9999	-9999	-9999	-9999
12	18	3.200291	2.746490	5.389860	0.637660	1.264866	-9999	4.483270	-9999	-9999	-9999	-9999
12	19	2.160924	-2.294620	2.075930	-3.900850	0.627542	-9999	7.676500	-9999	-9999	-9999	-9999
12	20	2.284260	-3.823310	-2.025970	-6.295020	0.550783	-9999	2.193750	-9999	-9999	-9999	-9999
12	21	1.440210	2.238580	4.064420	-3.809450	0.188612	-9999	11.749300	-9999	-9999	-9999	-9999
12	22	3.421933	6.884490	9.291200	2.694000	2.250516	-9999	0.213967	-9999	-9999	-9999	-9999
12	23	3.324836	6.410940	8.670750	3.753110	2.210509	-9999	0.000000	-9999	-9999	-9999	-9999
12	24	3.320836	6.747040	11.210600	3.996970	1.634777	-9999	0.000000	-9999	-9999	-9999	-9999
12	25	3.437925	5.837730	8.096190	4.258570	1.980214	-9999	0.000000	-9999	-9999	-9999	-9999
12	26	3.490526	5.216330	8.575230	2.462730	1.781801	-9999	0.000000	-9999	-9999	-9999	-9999
12	27	3.419116	4.246330	6.489230	2.655120	1.970058	-9999	0.000000	-9999	-9999	-9999	-9999
12	28	3.553407	4.088560	6.774630	2.174590	2.499656	-9999	0.000000	-9999	-9999	-9999	-9999
12	29	3.599674	3.278130	6.401370	1.082180	2.004264	-9999	0.000000	-9999	-9999	-9999	-9999
12	30	2.657828	1.561730	3.532260	0.269160	0.971457	-9999	1.288210	-9999	-9999	-9999	-9999
12	31	3.599078	1.070800	3.483150	-0.972386	0.810393	-9999	0.397019	-9999	-9999	-9999	-9999
