Year,x,y,Age,Species,Management,N,Stool,AvDBH,Height,Wf,Wrc,Wrf,Ws,Wbb,Wres,Lai
1950,0,0,29,Fagussylvatica_LTWR_1,T,1326,0,5.961357466,8.814479638,0,0,0,0,0,0,0
1950,1,0,29,Fagussylvatica_LTWR_0_1,T,1326,0,5.961357466,8.814479638,0,0,0,0,0,0,0
1950,2,0,29,Fagussylvatica_LTWR_0_2,T,1326,0,5.961357466,8.814479638,0,0,0,0,0,0,0
1950,3,0,29,Fagussylvatica_LTWR_0_3,T,1326,0,5.961357466,8.814479638,0,0,0,0,0,0,0
1950,4,0,29,Fagussylvatica_LTWR_0_4,T,1326,0,5.961357466,8.814479638,0,0,0,0,0,0,0
1950,5,0,29,Fagussylvatica_LTWR_0_5,T,1326,0,5.961357466,8.814479638,0,0,0,0,0,0,0
1950,6,0,29,Fagussylvatica_LTWR_0_6,T,1326,0,5.961357466,8.814479638,0,0,0,0,0,0,0
1950,7,0,29,Fagussylvatica_LTWR_0_7,T,1326,0,5.961357466,8.814479638,0,0,0,0,0,0,0
1950,8,0,29,Fagussylvatica_LTWR_0_8,T,1326,0,5.961357466,8.814479638,0,0,0,0,0,0,0
1950,9,0,29,Fagussylvatica_LTWR_0_9,T,1326,0,5.961357466,8.814479638,0,0,0,0,0,0,0
//
1951,0,0,29,Fagussylvatica_LTWR_1,T,1162,0,5.961357466,8.814479638,0,0,0,0,0,0,0
1951,1,0,29,Fagussylvatica_LTWR_0_1,T,1162,0,5.961357466,8.814479638,0,0,0,0,0,0,0
1951,2,0,29,Fagussylvatica_LTWR_0_2,T,1162,0,5.961357466,8.814479638,0,0,0,0,0,0,0
1951,3,0,29,Fagussylvatica_LTWR_0_3,T,1162,0,5.961357466,8.814479638,0,0,0,0,0,0,0
1951,4,0,29,Fagussylvatica_LTWR_0_4,T,1162,0,5.961357466,8.814479638,0,0,0,0,0,0,0
1951,5,0,29,Fagussylvatica_LTWR_0_5,T,1162,0,5.961357466,8.814479638,0,0,0,0,0,0,0
1951,6,0,29,Fagussylvatica_LTWR_0_6,T,1162,0,5.961357466,8.814479638,0,0,0,0,0,0,0
1951,7,0,29,Fagussylvatica_LTWR_0_7,T,1162,0,5.961357466,8.814479638,0,0,0,0,0,0,0
1951,8,0,29,Fagussylvatica_LTWR_0_8,T,1162,0,5.961357466,8.814479638,0,0,0,0,0,0,0
1951,9,0,29,Fagussylvatica_LTWR_0_9,T,1162,0,5.961357466,8.814479638,0,0,0,0,0,0,0
//
1954,0,0,29,Fagussylvatica_LTWR_1,T,1023,0,5.961357466,8.814479638,0,0,0,0,0,0,0
1954,1,0,29,Fagussylvatica_LTWR_0_1,T,1023,0,5.961357466,8.814479638,0,0,0,0,0,0,0
1954,2,0,29,Fagussylvatica_LTWR_0_2,T,1023,0,5.961357466,8.814479638,0,0,0,0,0,0,0
1954,3,0,29,Fagussylvatica_LTWR_0_3,T,1023,0,5.961357466,8.814479638,0,0,0,0,0,0,0
1954,4,0,29,Fagussylvatica_LTWR_0_4,T,1023,0,5.961357466,8.814479638,0,0,0,0,0,0,0
1954,5,0,29,Fagussylvatica_LTWR_0_5,T,1023,0,5.961357466,8.814479638,0,0,0,0,0,0,0
1954,6,0,29,Fagussylvatica_LTWR_0_6,T,1023,0,5.961357466,8.814479638,0,0,0,0,0,0,0
1954,7,0,29,Fagussylvatica_LTWR_0_7,T,1023,0,5.961357466,8.814479638,0,0,0,0,0,0,0
1954,8,0,29,Fagussylvatica_LTWR_0_8,T,1023,0,5.961357466,8.814479638,0,0,0,0,0,0,0
1954,9,0,29,Fagussylvatica_LTWR_0_9,T,1023,0,5.961357466,8.814479638,0,0,0,0,0,0,0
//
1957,0,0,29,Fagussylvatica_LTWR_1,T,906,0,5.961357466,8.814479638,0,0,0,0,0,0,0
1957,1,0,29,Fagussylvatica_LTWR_0_1,T,906,0,5.961357466,8.814479638,0,0,0,0,0,0,0
1957,2,0,29,Fagussylvatica_LTWR_0_2,T,906,0,5.961357466,8.814479638,0,0,0,0,0,0,0
1957,3,0,29,Fagussylvatica_LTWR_0_3,T,906,0,5.961357466,8.814479638,0,0,0,0,0,0,0
1957,4,0,29,Fagussylvatica_LTWR_0_4,T,906,0,5.961357466,8.814479638,0,0,0,0,0,0,0
1957,5,0,29,Fagussylvatica_LTWR_0_5,T,906,0,5.961357466,8.814479638,0,0,0,0,0,0,0
1957,6,0,29,Fagussylvatica_LTWR_0_6,T,906,0,5.961357466,8.814479638,0,0,0,0,0,0,0
1957,7,0,29,Fagussylvatica_LTWR_0_7,T,906,0,5.961357466,8.814479638,0,0,0,0,0,0,0
1957,8,0,29,Fagussylvatica_LTWR_0_8,T,906,0,5.961357466,8.814479638,0,0,0,0,0,0,0
1957,9,0,29,Fagussylvatica_LTWR_0_9,T,906,0,5.961357466,8.814479638,0,0,0,0,0,0,0
//
1960,0,0,29,Fagussylvatica_LTWR_1,T,806,0,5.961357466,8.814479638,0,0,0,0,0,0,0
1960,1,0,29,Fagussylvatica_LTWR_0_1,T,806,0,5.961357466,8.814479638,0,0,0,0,0,0,0
1960,2,0,29,Fagussylvatica_LTWR_0_2,T,806,0,5.961357466,8.814479638,0,0,0,0,0,0,0
1960,3,0,29,Fagussylvatica_LTWR_0_3,T,806,0,5.961357466,8.814479638,0,0,0,0,0,0,0
1960,4,0,29,Fagussylvatica_LTWR_0_4,T,806,0,5.961357466,8.814479638,0,0,0,0,0,0,0
1960,5,0,29,Fagussylvatica_LTWR_0_5,T,806,0,5.961357466,8.814479638,0,0,0,0,0,0,0
1960,6,0,29,Fagussylvatica_LTWR_0_6,T,806,0,5.961357466,8.814479638,0,0,0,0,0,0,0
1960,7,0,29,Fagussylvatica_LTWR_0_7,T,806,0,5.961357466,8.814479638,0,0,0,0,0,0,0
1960,8,0,29,Fagussylvatica_LTWR_0_8,T,806,0,5.961357466,8.814479638,0,0,0,0,0,0,0
1960,9,0,29,Fagussylvatica_LTWR_0_9,T,806,0,5.961357466,8.814479638,0,0,0,0,0,0,0
//
1963,0,0,29,Fagussylvatica_LTWR_1,T,723,0,5.961357466,8.814479638,0,0,0,0,0,0,0
1963,1,0,29,Fagussylvatica_LTWR_0_1,T,723,0,5.961357466,8.814479638,0,0,0,0,0,0,0
1963,2,0,29,Fagussylvatica_LTWR_0_2,T,723,0,5.961357466,8.814479638,0,0,0,0,0,0,0
1963,3,0,29,Fagussylvatica_LTWR_0_3,T,723,0,5.961357466,8.814479638,0,0,0,0,0,0,0
1963,4,0,29,Fagussylvatica_LTWR_0_4,T,723,0,5.961357466,8.814479638,0,0,0,0,0,0,0
1963,5,0,29,Fagussylvatica_LTWR_0_5,T,723,0,5.961357466,8.814479638,0,0,0,0,0,0,0
1963,6,0,29,Fagussylvatica_LTWR_0_6,T,723,0,5.961357466,8.814479638,0,0,0,0,0,0,0
1963,7,0,29,Fagussylvatica_LTWR_0_7,T,723,0,5.961357466,8.814479638,0,0,0,0,0,0,0
1963,8,0,29,Fagussylvatica_LTWR_0_8,T,723,0,5.961357466,8.814479638,0,0,0,0,0,0,0
1963,9,0,29,Fagussylvatica_LTWR_0_9,T,723,0,5.961357466,8.814479638,0,0,0,0,0,0,0
//
1966,0,0,29,Fagussylvatica_LTWR_1,T,652,0,5.961357466,8.814479638,0,0,0,0,0,0,0
1966,1,0,29,Fagussylvatica_LTWR_0_1,T,652,0,5.961357466,8.814479638,0,0,0,0,0,0,0
1966,2,0,29,Fagussylvatica_LTWR_0_2,T,652,0,5.961357466,8.814479638,0,0,0,0,0,0,0
1966,3,0,29,Fagussylvatica_LTWR_0_3,T,652,0,5.961357466,8.814479638,0,0,0,0,0,0,0
1966,4,0,29,Fagussylvatica_LTWR_0_4,T,652,0,5.961357466,8.814479638,0,0,0,0,0,0,0
1966,5,0,29,Fagussylvatica_LTWR_0_5,T,652,0,5.961357466,8.814479638,0,0,0,0,0,0,0
1966,6,0,29,Fagussylvatica_LTWR_0_6,T,652,0,5.961357466,8.814479638,0,0,0,0,0,0,0
1966,7,0,29,Fagussylvatica_LTWR_0_7,T,652,0,5.961357466,8.814479638,0,0,0,0,0,0,0
1966,8,0,29,Fagussylvatica_LTWR_0_8,T,652,0,5.961357466,8.814479638,0,0,0,0,0,0,0
1966,9,0,29,Fagussylvatica_LTWR_0_9,T,652,0,5.961357466,8.814479638,0,0,0,0,0,0,0
//
1969,0,0,29,Fagussylvatica_LTWR_1,T,589,0,5.961357466,8.814479638,0,0,0,0,0,0,0
1969,1,0,29,Fagussylvatica_LTWR_0_1,T,589,0,5.961357466,8.814479638,0,0,0,0,0,0,0
1969,2,0,29,Fagussylvatica_LTWR_0_2,T,589,0,5.961357466,8.814479638,0,0,0,0,0,0,0
1969,3,0,29,Fagussylvatica_LTWR_0_3,T,589,0,5.961357466,8.814479638,0,0,0,0,0,0,0
1969,4,0,29,Fagussylvatica_LTWR_0_4,T,589,0,5.961357466,8.814479638,0,0,0,0,0,0,0
1969,5,0,29,Fagussylvatica_LTWR_0_5,T,589,0,5.961357466,8.814479638,0,0,0,0,0,0,0
1969,6,0,29,Fagussylvatica_LTWR_0_6,T,589,0,5.961357466,8.814479638,0,0,0,0,0,0,0
1969,7,0,29,Fagussylvatica_LTWR_0_7,T,589,0,5.961357466,8.814479638,0,0,0,0,0,0,0
1969,8,0,29,Fagussylvatica_LTWR_0_8,T,589,0,5.961357466,8.814479638,0,0,0,0,0,0,0
1969,9,0,29,Fagussylvatica_LTWR_0_9,T,589,0,5.961357466,8.814479638,0,0,0,0,0,0,0
//
1973,0,0,29,Fagussylvatica_LTWR_1,T,535,0,5.961357466,8.814479638,0,0,0,0,0,0,0
1973,1,0,29,Fagussylvatica_LTWR_0_1,T,535,0,5.961357466,8.814479638,0,0,0,0,0,0,0
1973,2,0,29,Fagussylvatica_LTWR_0_2,T,535,0,5.961357466,8.814479638,0,0,0,0,0,0,0
1973,3,0,29,Fagussylvatica_LTWR_0_3,T,535,0,5.961357466,8.814479638,0,0,0,0,0,0,0
1973,4,0,29,Fagussylvatica_LTWR_0_4,T,535,0,5.961357466,8.814479638,0,0,0,0,0,0,0
1973,5,0,29,Fagussylvatica_LTWR_0_5,T,535,0,5.961357466,8.814479638,0,0,0,0,0,0,0
1973,6,0,29,Fagussylvatica_LTWR_0_6,T,535,0,5.961357466,8.814479638,0,0,0,0,0,0,0
1973,7,0,29,Fagussylvatica_LTWR_0_7,T,535,0,5.961357466,8.814479638,0,0,0,0,0,0,0
1973,8,0,29,Fagussylvatica_LTWR_0_8,T,535,0,5.961357466,8.814479638,0,0,0,0,0,0,0
1973,9,0,29,Fagussylvatica_LTWR_0_9,T,535,0,5.961357466,8.814479638,0,0,0,0,0,0,0
//
1977,0,0,29,Fagussylvatica_LTWR_1,T,489,0,5.961357466,8.814479638,0,0,0,0,0,0,0
1977,1,0,29,Fagussylvatica_LTWR_0_1,T,489,0,5.961357466,8.814479638,0,0,0,0,0,0,0
1977,2,0,29,Fagussylvatica_LTWR_0_2,T,489,0,5.961357466,8.814479638,0,0,0,0,0,0,0
1977,3,0,29,Fagussylvatica_LTWR_0_3,T,489,0,5.961357466,8.814479638,0,0,0,0,0,0,0
1977,4,0,29,Fagussylvatica_LTWR_0_4,T,489,0,5.961357466,8.814479638,0,0,0,0,0,0,0
1977,5,0,29,Fagussylvatica_LTWR_0_5,T,489,0,5.961357466,8.814479638,0,0,0,0,0,0,0
1977,6,0,29,Fagussylvatica_LTWR_0_6,T,489,0,5.961357466,8.814479638,0,0,0,0,0,0,0
1977,7,0,29,Fagussylvatica_LTWR_0_7,T,489,0,5.961357466,8.814479638,0,0,0,0,0,0,0
1977,8,0,29,Fagussylvatica_LTWR_0_8,T,489,0,5.961357466,8.814479638,0,0,0,0,0,0,0
1977,9,0,29,Fagussylvatica_LTWR_0_9,T,489,0,5.961357466,8.814479638,0,0,0,0,0,0,0
//
1981,0,0,29,Fagussylvatica_LTWR_1,T,448,0,5.961357466,8.814479638,0,0,0,0,0,0,0
1981,1,0,29,Fagussylvatica_LTWR_0_1,T,448,0,5.961357466,8.814479638,0,0,0,0,0,0,0
1981,2,0,29,Fagussylvatica_LTWR_0_2,T,448,0,5.961357466,8.814479638,0,0,0,0,0,0,0
1981,3,0,29,Fagussylvatica_LTWR_0_3,T,448,0,5.961357466,8.814479638,0,0,0,0,0,0,0
1981,4,0,29,Fagussylvatica_LTWR_0_4,T,448,0,5.961357466,8.814479638,0,0,0,0,0,0,0
1981,5,0,29,Fagussylvatica_LTWR_0_5,T,448,0,5.961357466,8.814479638,0,0,0,0,0,0,0
1981,6,0,29,Fagussylvatica_LTWR_0_6,T,448,0,5.961357466,8.814479638,0,0,0,0,0,0,0
1981,7,0,29,Fagussylvatica_LTWR_0_7,T,448,0,5.961357466,8.814479638,0,0,0,0,0,0,0
1981,8,0,29,Fagussylvatica_LTWR_0_8,T,448,0,5.961357466,8.814479638,0,0,0,0,0,0,0
1981,9,0,29,Fagussylvatica_LTWR_0_9,T,448,0,5.961357466,8.814479638,0,0,0,0,0,0,0
//
1985,0,0,29,Fagussylvatica_LTWR_1,T,412,0,5.961357466,8.814479638,0,0,0,0,0,0,0
1985,1,0,29,Fagussylvatica_LTWR_0_1,T,412,0,5.961357466,8.814479638,0,0,0,0,0,0,0
1985,2,0,29,Fagussylvatica_LTWR_0_2,T,412,0,5.961357466,8.814479638,0,0,0,0,0,0,0
1985,3,0,29,Fagussylvatica_LTWR_0_3,T,412,0,5.961357466,8.814479638,0,0,0,0,0,0,0
1985,4,0,29,Fagussylvatica_LTWR_0_4,T,412,0,5.961357466,8.814479638,0,0,0,0,0,0,0
1985,5,0,29,Fagussylvatica_LTWR_0_5,T,412,0,5.961357466,8.814479638,0,0,0,0,0,0,0
1985,6,0,29,Fagussylvatica_LTWR_0_6,T,412,0,5.961357466,8.814479638,0,0,0,0,0,0,0
1985,7,0,29,Fagussylvatica_LTWR_0_7,T,412,0,5.961357466,8.814479638,0,0,0,0,0,0,0
1985,8,0,29,Fagussylvatica_LTWR_0_8,T,412,0,5.961357466,8.814479638,0,0,0,0,0,0,0
1985,9,0,29,Fagussylvatica_LTWR_0_9,T,412,0,5.961357466,8.814479638,0,0,0,0,0,0,0
//
1989,0,0,29,Fagussylvatica_LTWR_1,T,381,0,5.961357466,8.814479638,0,0,0,0,0,0,0
1989,1,0,29,Fagussylvatica_LTWR_0_1,T,381,0,5.961357466,8.814479638,0,0,0,0,0,0,0
1989,2,0,29,Fagussylvatica_LTWR_0_2,T,381,0,5.961357466,8.814479638,0,0,0,0,0,0,0
1989,3,0,29,Fagussylvatica_LTWR_0_3,T,381,0,5.961357466,8.814479638,0,0,0,0,0,0,0
1989,4,0,29,Fagussylvatica_LTWR_0_4,T,381,0,5.961357466,8.814479638,0,0,0,0,0,0,0
1989,5,0,29,Fagussylvatica_LTWR_0_5,T,381,0,5.961357466,8.814479638,0,0,0,0,0,0,0
1989,6,0,29,Fagussylvatica_LTWR_0_6,T,381,0,5.961357466,8.814479638,0,0,0,0,0,0,0
1989,7,0,29,Fagussylvatica_LTWR_0_7,T,381,0,5.961357466,8.814479638,0,0,0,0,0,0,0
1989,8,0,29,Fagussylvatica_LTWR_0_8,T,381,0,5.961357466,8.814479638,0,0,0,0,0,0,0
1989,9,0,29,Fagussylvatica_LTWR_0_9,T,381,0,5.961357466,8.814479638,0,0,0,0,0,0,0
//
1993,0,0,29,Fagussylvatica_LTWR_1,T,353,0,5.961357466,8.814479638,0,0,0,0,0,0,0
1993,1,0,29,Fagussylvatica_LTWR_0_1,T,353,0,5.961357466,8.814479638,0,0,0,0,0,0,0
1993,2,0,29,Fagussylvatica_LTWR_0_2,T,353,0,5.961357466,8.814479638,0,0,0,0,0,0,0
1993,3,0,29,Fagussylvatica_LTWR_0_3,T,353,0,5.961357466,8.814479638,0,0,0,0,0,0,0
1993,4,0,29,Fagussylvatica_LTWR_0_4,T,353,0,5.961357466,8.814479638,0,0,0,0,0,0,0
1993,5,0,29,Fagussylvatica_LTWR_0_5,T,353,0,5.961357466,8.814479638,0,0,0,0,0,0,0
1993,6,0,29,Fagussylvatica_LTWR_0_6,T,353,0,5.961357466,8.814479638,0,0,0,0,0,0,0
1993,7,0,29,Fagussylvatica_LTWR_0_7,T,353,0,5.961357466,8.814479638,0,0,0,0,0,0,0
1993,8,0,29,Fagussylvatica_LTWR_0_8,T,353,0,5.961357466,8.814479638,0,0,0,0,0,0,0
1993,9,0,29,Fagussylvatica_LTWR_0_9,T,353,0,5.961357466,8.814479638,0,0,0,0,0,0,0
//
1997,0,0,76,Fagussylvatica_LTWR_1,T,329,0,24.5400304,21.12726444,0,0,0,0,0,0,0
1997,1,0,76,Fagussylvatica_LTWR_0_1,T,329,0,24.5400304,21.12726444,0,0,0,0,0,0,0
1997,2,0,76,Fagussylvatica_LTWR_0_2,T,329,0,24.5400304,21.12726444,0,0,0,0,0,0,0
1997,3,0,76,Fagussylvatica_LTWR_0_3,T,329,0,24.5400304,21.12726444,0,0,0,0,0,0,0
1997,4,0,76,Fagussylvatica_LTWR_0_4,T,329,0,24.5400304,21.12726444,0,0,0,0,0,0,0
1997,5,0,76,Fagussylvatica_LTWR_0_5,T,329,0,24.5400304,21.12726444,0,0,0,0,0,0,0
1997,6,0,76,Fagussylvatica_LTWR_0_6,T,329,0,24.5400304,21.12726444,0,0,0,0,0,0,0
1997,7,0,76,Fagussylvatica_LTWR_0_7,T,329,0,24.5400304,21.12726444,0,0,0,0,0,0,0
1997,8,0,76,Fagussylvatica_LTWR_0_8,T,329,0,24.5400304,21.12726444,0,0,0,0,0,0,0
1997,9,0,76,Fagussylvatica_LTWR_0_9,T,329,0,24.5400304,21.12726444,0,0,0,0,0,0,0
//
2002,0,0,76,Fagussylvatica_LTWR_1,T,307,0,24.5400304,21.12726444,0,0,0,0,0,0,0
2002,1,0,76,Fagussylvatica_LTWR_0_1,T,307,0,24.5400304,21.12726444,0,0,0,0,0,0,0
2002,2,0,76,Fagussylvatica_LTWR_0_2,T,307,0,24.5400304,21.12726444,0,0,0,0,0,0,0
2002,3,0,76,Fagussylvatica_LTWR_0_3,T,307,0,24.5400304,21.12726444,0,0,0,0,0,0,0
2002,4,0,76,Fagussylvatica_LTWR_0_4,T,307,0,24.5400304,21.12726444,0,0,0,0,0,0,0
2002,5,0,76,Fagussylvatica_LTWR_0_5,T,307,0,24.5400304,21.12726444,0,0,0,0,0,0,0
2002,6,0,76,Fagussylvatica_LTWR_0_6,T,307,0,24.5400304,21.12726444,0,0,0,0,0,0,0
2002,7,0,76,Fagussylvatica_LTWR_0_7,T,307,0,24.5400304,21.12726444,0,0,0,0,0,0,0
2002,8,0,76,Fagussylvatica_LTWR_0_8,T,307,0,24.5400304,21.12726444,0,0,0,0,0,0,0
2002,9,0,76,Fagussylvatica_LTWR_0_9,T,307,0,24.5400304,21.12726444,0,0,0,0,0,0,0
//
2007,0,0,76,Fagussylvatica_LTWR_1,T,288,0,24.5400304,21.12726444,0,0,0,0,0,0,0
2007,1,0,76,Fagussylvatica_LTWR_0_1,T,288,0,24.5400304,21.12726444,0,0,0,0,0,0,0
2007,2,0,76,Fagussylvatica_LTWR_0_2,T,288,0,24.5400304,21.12726444,0,0,0,0,0,0,0
2007,3,0,76,Fagussylvatica_LTWR_0_3,T,288,0,24.5400304,21.12726444,0,0,0,0,0,0,0
2007,4,0,76,Fagussylvatica_LTWR_0_4,T,288,0,24.5400304,21.12726444,0,0,0,0,0,0,0
2007,5,0,76,Fagussylvatica_LTWR_0_5,T,288,0,24.5400304,21.12726444,0,0,0,0,0,0,0
2007,6,0,76,Fagussylvatica_LTWR_0_6,T,288,0,24.5400304,21.12726444,0,0,0,0,0,0,0
2007,7,0,76,Fagussylvatica_LTWR_0_7,T,288,0,24.5400304,21.12726444,0,0,0,0,0,0,0
2007,8,0,76,Fagussylvatica_LTWR_0_8,T,288,0,24.5400304,21.12726444,0,0,0,0,0,0,0
2007,9,0,76,Fagussylvatica_LTWR_0_9,T,288,0,24.5400304,21.12726444,0,0,0,0,0,0,0
//


