Month	n_days	Rg_f	Ta_f	Tmax	Tmin	VPD_f	Ts_f	Precip	SWC	LAI	ET	Litterfall
1	1	2.66125	-3.85458	2.6	-11.48	0.570324	0.291458	2.3	28.7208	-9999	0.711871	-9999
1	2	1.81868	6.87708	9.13	2.7	1.65876	1.06125	4.7	-9999	-9999	0.878789	-9999
1	3	1.026	4.98833	7.05	3.83	0.940828	2.82125	13.2	-9999	-9999	1.63804	-9999
1	4	0.934272	-2.91646	4.44	-7	0.371215	1.98375	3	-9999	-9999	0.225502	-9999
1	5	2.39661	-7.64667	-6.5	-8.74	0.473044	0.489792	0.7	-9999	-9999	0.419604	-9999
1	6	0.808812	-5.13375	-3.82	-7.52	0.449524	-0.005625	4.1	-9999	-9999	0.247063	-9999
1	7	0.408834	-12.0006	-7.76	-14.02	0.294776	-0.106042	0.4	27.5152	-9999	0.0685425	-9999
1	8	0.733194	-14.2429	-13.24	-14.94	0.249613	-0.219583	0	26.9673	-9999	0.10534	-9999
1	9	0.53891	-13.6831	-10.54	-15.02	0.295261	-0.378125	0	25.5769	-9999	0.0925873	-9999
1	10	0.239688	-9.87417	-6.7	-13.82	0.309765	-0.59125	0.7	22.7717	-9999	0.0190264	-9999
1	11	0.300078	-7.57937	-6.21	-10.55	0.314133	-0.622292	0.5	20.2365	-9999	-0.111187	-9999
1	12	0.327114	-5.51312	-2.68	-10.65	0.335317	-0.773542	0	18.2381	-9999	0.0961904	-9999
1	13	0.772074	-2.07771	0.78	-4.41	0.360076	-0.585833	7	18.1821	-9999	0.485552	-9999
1	14	1.08961	2.81146	4.05	0.82	0.823231	-0.4275	1.4	22.5515	-9999	0.451243	-9999
1	15	1.6006	2.11208	3.61	-0.26	1.56572	-0.373333	0	29.0477	-9999	0.216072	-9999
1	16	2.33507	2.27708	3.45	0.8	1.81745	-0.374583	0	28.5183	-9999	0.203323	-9999
1	17	6.04073	2.56687	6.8	0.81	2.57225	-0.374792	0	28.9552	-9999	0.301473	-9999
1	18	3.34161	1.7075	4.43	-0.33	1.88497	-0.370833	0	28.8035	-9999	0.075681	-9999
1	19	5.99308	1.55271	3.42	-0.23	1.81664	-0.35375	0	28.8829	-9999	0.0793092	-9999
1	20	5.76295	3.75354	6.61	2.01	2.15679	-0.32125	0.2	29.0092	-9999	0.160361	-9999
1	21	5.12239	0.814792	5.23	-2.12	2.15784	-0.300208	0	29.3731	-9999	0.204014	-9999
1	22	4.56095	2.43042	5.81	-0.88	2.39081	-0.260833	0	28.9667	-9999	0.03585	-9999
1	23	1.61672	2.78875	3.79	1.49	1.20901	-0.148125	6.4	29.4894	-9999	0.0566644	-9999
1	24	0.314964	0.924167	2.77	-0.19	0.425684	0.572708	7.5	31.6606	-9999	-0.0474833	-9999
1	25	2.20064	-0.182917	0.69	-0.63	0.920834	0.728333	0	30.7331	-9999	0.444209	-9999
1	26	2.50007	0.4175	1.31	-1.08	0.748036	0.605	1.9	29.8527	-9999	0.485077	-9999
1	27	1.12646	3.84354	6.56	1.09	0.694925	1.59812	8.1	30.6781	-9999	0.160583	-9999
1	28	1.80176	3.43167	6.97	0.91	1.25062	2.76812	9.5	31.3773	-9999	1.25831	-9999
1	29	1.28164	0.05	2.05	-1.52	0.841026	1.53813	3.5	30.6117	-9999	0.409612	-9999
1	30	1.63755	-2.49021	-1.08	-4.74	0.556014	0.99125	5.4	30.154	-9999	0.506393	-9999
1	31	1.36453	-4.70583	-3.95	-5.27	0.445861	0.642708	2	29.3152	-9999	0.214711	-9999
2	1	2.4078	-6.46854	-4.81	-7.99	0.345483	0.414792	0.6	28.8342	-9999	0.665133	-9999
2	2	3.47542	-4.53542	-1.14	-7.32	0.323242	0.117083	0.7	28.4633	-9999	0.578337	-9999
2	3	5.16933	0.8725	2.54	-1.1	0.972715	0.12625	3.7	28.4994	-9999	1.00081	-9999
2	4	4.79284	-1.39417	0.26	-3.35	0.664965	0.251042	0.7	29.1425	-9999	0.959456	-9999
2	5	7.67061	-1.89521	0.79	-3.26	0.370253	0.226875	0.1	28.8417	-9999	0.231816	-9999
2	6	1.63813	-4.13042	-2.98	-5.73	0.380958	0.116667	1.8	27.9744	-9999	0.32712	-9999
2	7	5.78664	-3.78354	-2	-6.09	0.33917	-0.0325	1.7	27.7383	-9999	0.233975	-9999
2	8	0.920772	-2.04708	-0.46	-4.17	0.388489	-0.0335417	3.5	27.735	-9999	0.341187	-9999
2	9	1.56705	-4.90958	-2.18	-6.97	0.313124	-0.064375	0	27.4921	-9999	0.512735	-9999
2	10	2.56961	-5.64917	-3.27	-7.44	0.324441	-0.154375	0	26.965	-9999	0.142882	-9999
2	11	2.48633	-5.97187	-3.48	-7.78	0.328093	-0.198125	0	26.474	-9999	0.207326	-9999
2	12	6.5329	-6.25104	-2.82	-9.45	0.314826	-0.251458	0	26.095	-9999	0.321023	-9999
2	13	9.621	-6.27604	-2.02	-9.8	0.326639	-0.314583	0	25.3906	-9999	0.430698	-9999
2	14	9.55417	-5.44667	-2.33	-8.91	0.321334	-0.373333	0	24.1185	-9999	0.409413	-9999
2	15	0.921852	-5.55146	-3.35	-8.96	0.325005	-0.420625	1.7	22.7944	-9999	0.0444799	-9999
2	16	2.04881	-6.55187	-5.51	-7.72	0.32086	-0.4275	0.7	21.8856	-9999	0.198543	-9999
2	17	7.43483	-7.77521	-5.54	-9.47	0.315975	-0.459167	0	21.291	-9999	0.263937	-9999
2	18	4.84164	-7.78687	-6.3	-10.32	0.318103	-0.535417	-9999	19.9375	-9999	0.175658	-9999
2	19	1.43885	-5.82417	-5	-6.84	0.333463	-0.558542	-9999	18.3992	-9999	0.0734422	-9999
2	20	2.8312	-4.64479	-3.35	-5.46	0.347556	-0.547083	-9999	17.8617	-9999	0.200698	-9999
2	21	11.1094	-3.58479	0.83	-6.32	0.411347	-0.5475	-9999	17.6831	-9999	0.458247	-9999
2	22	12.4493	-0.656042	2.84	-3.51	0.918893	-0.531458	-9999	17.5517	-9999	0.298952	-9999
2	23	12.3672	0.422292	4.23	-3.21	1.48075	-0.495417	-9999	17.601	-9999	0.144178	-9999
2	24	12.6223	2.29833	6.06	-1.65	2.42213	-0.479167	-9999	18.0102	-9999	0.149964	-9999
2	25	13.0766	4.46229	8.81	0.95	4.25162	-0.441458	0	18.6742	-9999	0.187976	-9999
2	26	12.8906	2.36896	7.45	-1.97	2.98302	-0.421458	0	19.0742	-9999	0.259894	-9999
2	27	12.1036	6.29	10.85	2.44	5.63928	-0.402708	0	21.3369	-9999	0.202667	-9999
2	28	9.88549	6.38146	10.61	3.5	4.56234	-0.387917	0	24.5865	-9999	0.122284	-9999
3	1	6.66977	7.11687	10.78	5.39	3.63802	-0.374375	0	26.0296	-9999	0.224682	-9999
3	2	3.30097	5.12979	7.24	4.17	1.93065	-0.371042	1	27.1685	-9999	0.263584	-9999
3	3	2.29237	1.89479	4.5	-1.57	0.870896	-0.367917	0.1	28.051	-9999	0.115759	-9999
3	4	1.97363	-0.718333	0.26	-1.66	0.396474	-0.341667	0.1	28.4344	-9999	0.209441	-9999
3	5	9.41722	2.26458	6.45	-1.42	1.56787	0.158125	0	28.3733	-9999	0.444699	-9999
3	6	10.7369	0.598333	3.88	-2.61	1.63971	0.46	0	28.4285	-9999	0.475068	-9999
3	7	1.81618	1.15688	2.76	-0.19	0.597895	0.69375	4.8	28.9825	-9999	0.0823111	-9999
3	8	9.03967	3.72667	6.99	0.3	2.41475	1.18562	0.1	29.3056	-9999	0.754463	-9999
3	9	5.17151	5.13583	7.19	3.41	1.73465	2.36562	2.3	29.144	-9999	1.18534	-9999
3	10	14.1299	9.14854	13.75	4.55	5.08141	3.37438	0	28.2719	-9999	0.842015	-9999
3	11	5.52904	10.2829	12.95	8.2	5.02962	4.49625	0.7	27.5906	-9999	1.09026	-9999
3	12	7.37055	4.86771	10.01	2.1	1.02476	4.58167	16	30.5875	-9999	1.47753	-9999
3	13	10.7071	0.522917	2.48	-1.66	0.798266	3.04792	1.2	30.651	-9999	0.955189	-9999
3	14	2.53233	-1.1725	0.19	-3	0.355	1.59312	0.1	29.9256	-9999	0.158496	-9999
3	15	11.0807	1.24021	4.01	-1.27	1.71966	1.55333	0	29.2315	-9999	0.36675	-9999
3	16	14.6354	1.87063	4.69	-0.89	1.80189	1.59646	0	28.9715	-9999	0.259934	-9999
3	17	10.0632	1.6475	5.29	-0.41	1.59618	1.84625	0	28.5479	-9999	0.265863	-9999
3	18	13.9167	3.09479	6.31	-1.18	2.09605	2.0325	0	28.3675	-9999	0.349898	-9999
3	19	16.8114	3.38708	7.29	0.86	2.29983	2.63125	0	27.7954	-9999	0.535368	-9999
3	20	1.77525	-0.033125	0.85	-0.74	0.943307	2.05437	0.1	27.892	-9999	0.175889	-9999
3	21	1.77525	0.0375501	3.19857	-0.638	0.998205	2.05843	0	27.8098	-9999	0.178862	-9999
3	22	10.1693	5.86124	9.775	3.35333	5.65281	2.25085	0	27.2881	-9999	0.488771	-9999
3	23	18.5646	9.55153	14.658	5.67	8.64309	2.36819	0	26.9638	-9999	1.13448	-9999
3	24	18.8819	10.4656	14.84	6.6	9.23492	2.79792	0.1	-9999	-9999	1.25376	-9999
3	25	14.2422	9.97708	13.14	7.02	6.19736	3.99333	0	25.3008	-9999	0.90715	-9999
3	26	15.3898	8.61063	12.93	4.42	3.73959	4.37729	0	24.766	-9999	0.74961	-9999
3	27	15.9954	10.9392	16.12	6.85	5.76772	5.15313	4.9	24.294	-9999	1.44033	-9999
3	28	15.4525	7.59833	11.15	5.38	2.016	5.35896	0.1	24.839	-9999	1.4287	-9999
3	29	18.053	10.0771	15.35	5.5	5.7741	5.17667	0	24.0806	-9999	0.985327	-9999
3	30	12.122	10.8548	14.17	5.61	5.21443	6.10646	0	23.2958	-9999	0.793286	-9999
3	31	14.058	4.83708	7.94	1.38	3.2034	5.08792	0	23.5706	-9999	0.572463	-9999
4	1	18.7523	8.1625	13.26	1.96	6.8003	4.5025	0	22.36	-9999	1.00928	-9999
4	2	9.24653	5.17958	11.57	1.76	2.28712	4.94042	7.7	22.9254	-9999	0.861006	-9999
4	3	9.48292	2.30708	3.96	1.22	1.35502	3.91708	1.4	23.6025	-9999	1.08517	-9999
4	4	19.816	2.93125	5.6	-0.42	2.96523	3.41958	0	23.8019	-9999	0.959032	-9999
4	5	7.69261	3.1625	6.3	-1.82	2.27141	3.63229	0.2	23.61	-9999	0.927796	-9999
4	6	14.4168	-2.355	0.02	-4.86	0.409056	2.19854	0.9	23.4969	-9999	0.746617	-9999
4	7	6.28628	-3.69104	-1.58	-5.55	0.34822	1.21146	1.5	23.2442	-9999	0.444965	-9999
4	8	11.1319	-3.41083	-1.14	-4.97	0.357421	0.925208	0.5	23.0696	-9999	0.34645	-9999
4	9	14.4434	-2.57333	-0.08	-5.79	0.369304	0.633333	0	22.8763	-9999	0.277291	-9999
4	10	18.2541	1.28979	5.22	-3.96	2.49084	0.80625	0	22.644	-9999	0.460204	-9999
4	11	9.91687	1.91646	4.96	-0.72	2.52989	1.58542	0	23.4977	-9999	0.483997	-9999
4	12	21.0671	5.4125	10.34	0.46	4.62964	2.16375	0	22.675	-9999	1.04114	-9999
4	13	21.5268	8.49333	12.69	4.03	6.0361	3.22125	0	21.8323	-9999	1.03173	-9999
4	14	22.1301	9.72167	16.21	3.83	6.50165	4.2075	0	20.9148	-9999	1.34544	-9999
4	15	21.7008	12.5427	17.87	7.06	7.95397	5.45292	0	20.3019	-9999	1.6509	-9999
4	16	22.2869	11.4667	15.51	7.48	7.82919	5.89542	0.1	19.3815	-9999	1.67821	-9999
4	17	22.6975	10.765	15.19	5.99	7.83997	5.78604	0	18.6421	-9999	1.85881	-9999
4	18	4.28657	2.84854	7.98	0.91	1.31019	4.84583	10.6	17.871	-9999	0.0791796	-9999
4	19	4.45563	4.92283	7.37	2.38	0.780931	4.46227	11.6	23.8855	-9999	1.04756	-9999
4	20	8.79275	7.89407	12.499	2.98	2.94049	5.29114	0	-9999	-9999	2.45406	-9999
4	21	15.3501	11.9597	18.5	4.302	6.05761	6.55341	0	-9999	-9999	1.97539	-9999
4	22	18.1336	12.8196	18.396	9.18	6.87423	6.77818	0	24.496	-9999	2.21712	-9999
4	23	17.4597	13.9445	18.127	9.34	8.56337	7.21142	0	23.9835	-9999	1.46325	-9999
4	24	15.0379	14.7789	17.864	10.93	9.99778	7.59673	0	23.1913	-9999	1.54686	-9999
4	25	14.9304	15.2241	18.19	12.32	10.5369	7.76047	0.1	22.0773	-9999	1.73033	-9999
4	26	14.4609	15.7302	20.27	11.59	9.82491	8.43167	1.7	20.8142	-9999	2.07654	-9999
4	27	18.054	10.94	14.3	8.56	4.10448	8.51521	0.9	20.0773	-9999	1.95375	-9999
4	28	13.8093	12.9929	16.03	8.28	6.19832	8.30562	0	19.5542	-9999	1.67053	-9999
4	29	10.6607	15.9508	18.69	12.14	7.80603	9.27583	0	18.5263	-9999	1.49068	-9999
4	30	11.1576	16.511	20.71	11.71	7.81168	9.66167	0	17.849	-9999	1.68915	-9999
5	1	20.8991	13.1104	16.46	9.45	7.47016	9.51771	0	16.91	-9999	2.47153	-9999
5	2	20.7373	14.7829	19.44	9.1	9.4163	9.26375	0	16.3379	-9999	2.164	-9999
5	3	14.0697	12.3562	14.4	9.38	6.63691	9.29083	0	15.4721	-9999	1.79544	-9999
5	4	26.3077	14.5854	20.51	7.78	10.2404	9.00021	0	15.1565	-9999	2.36729	-9999
5	5	26.1568	20.5742	26.22	13.19	16.2223	10.3269	0	14.2142	-9999	2.83818	-9999
5	6	22.7455	20.0196	26.06	12.11	12.3522	11.8685	0	13.4427	-9999	2.32064	-9999
5	7	23.2657	13.6479	17.25	10.58	5.80928	10.9854	0	12.956	-9999	1.36394	-9999
5	8	21.4957	18.0727	24.68	10.82	8.58214	11.241	5.7	12.5321	-9999	2.04466	-9999
5	9	11.3823	13.7727	16.84	11.37	2.83214	11.3737	13.9	12.3215	-9999	1.88794	-9999
5	10	9.29029	11.8938	13.68	9.86	2.29325	10.5869	0.4	12.5885	-9999	1.33053	-9999
5	11	17.3677	13.7463	17.26	9.81	3.95823	10.5265	0	12.8921	-9999	1.39041	-9999
5	12	14.21	14.89	18.41	11.96	4.77201	11.07	1.2	12.8954	-9999	1.71863	-9999
5	13	9.22754	11.8242	16	6.99	3.5884	10.5317	0.1	12.8352	-9999	1.40457	-9999
5	14	17.2438	7.75229	12.04	5.09	3.83635	8.93854	0.1	12.8056	-9999	1.80858	-9999
5	15	14.6906	6.80437	9.79	4.62	2.59046	8.02458	4.1	12.6871	-9999	1.80326	-9999
5	16	21.1222	9.6	14.17	4.05	5.57047	7.83854	0.1	12.5523	-9999	1.86906	-9999
5	17	19.2252	12.5196	17.85	8.59	6.16546	8.74292	0.5	12.2279	-9999	1.95215	-9999
5	18	18.2437	13.3944	17.02	10.33	4.34837	9.61896	3.7	11.9798	-9999	2.04022	-9999
5	19	12.2914	13.7967	16.72	11.69	3.31557	10.3544	5.5	11.9708	-9999	2.64081	-9999
5	20	14.8818	11.4204	14.79	8.38	4.04341	10.1042	0.5	11.8125	-9999	1.82776	-9999
5	21	19.7329	10.6742	14.4	6.92	4.68767	9.26521	0	11.6469	-9999	1.57652	-9999
5	22	20.6834	11.7337	15.94	7.21	4.87897	9.42125	0	11.4654	-9999	1.74981	-9999
5	23	16.1638	15.5631	20.38	10.04	6.17473	10.3335	0	11.3646	-9999	2.03967	-9999
5	24	28.596	19.7248	24.71	14.37	10.9575	11.8669	0	11.1735	-9999	2.45376	-9999
5	25	25.3952	18.831	21.54	15.18	7.93369	12.5996	0	-9999	-9999	2.48227	-9999
5	26	10.139	13.5079	15.87	11.41	3.30566	11.8956	4.3	-9999	-9999	1.78306	-9999
5	27	12.1925	13.2267	16.59	10.26	3.97649	11.1671	0	10.4858	-9999	1.25693	-9999
5	28	18.8053	15.6788	19.02	11.81	6.68389	11.4617	0	10.4121	-9999	2.12696	-9999
5	29	27.7179	17.6575	22.76	12.12	10.6877	11.8552	0	10.1556	-9999	2.64187	-9999
5	30	29.8136	19.4356	24.52	13.36	14.0146	12.145	0	9.80479	-9999	2.74295	-9999
5	31	15.6313	18.6287	24.5	15.8	9.20675	12.5815	0.7	9.655	-9999	2.53058	-9999
6	1	26.9527	19.6402	24.11	14.12	9.49494	13.1538	0	9.54688	-9999	2.60168	-9999
6	2	26.8959	21.4632	25.59	15.96	14.491	13.4143	0	9.20979	-9999	2.82983	-9999
6	3	22.3562	22.6742	27.04	18.14	14.6615	13.971	0	9.01667	-9999	2.68139	-9999
6	4	28.6274	23.9052	28.31	18.78	15.2259	14.7494	0.1	8.81063	-9999	2.78869	-9999
6	5	18.063	23.1098	27.43	17.03	11.9171	15.5065	1.4	8.66583	-9999	2.15838	-9999
6	6	7.39881	16.8983	19.29	15.4	2.9375	14.3717	0.1	8.53438	-9999	0.930265	-9999
6	7	26.6141	20.7971	25.85	14.96	10.4412	14.0752	0.1	8.43313	-9999	3.00628	-9999
6	8	28.83	23.3363	28.48	16.22	11.5746	15.0633	3.8	8.26062	-9999	2.65897	-9999
6	9	26.0739	18.095	21.07	15.19	8.53928	14.5581	0.1	8.02542	-9999	3.23652	-9999
6	10	27.4999	21.0125	27.41	12.58	10.3559	14.0958	0	7.77646	-9999	2.81742	-9999
6	11	15.3835	20.6954	23.4	18.56	8.9683	14.9946	0	7.88458	-9999	1.65261	-9999
6	12	26.894	22.2744	27.97	16.21	12.5579	15.0781	4.2	7.66708	-9999	2.7291	-9999
6	13	18.8417	17.6563	19.61	15.25	5.4799	14.9675	0.5	7.63229	-9999	2.40128	-9999
6	14	25.3972	18.3642	22.3	14.1	11.0914	13.9598	0	7.40542	-9999	2.66426	-9999
6	15	29.2391	16.9108	20.31	13.59	8.85239	13.8042	0	7.385	-9999	2.12373	-9999
6	16	26.7129	16.9227	19.62	13.72	9.27502	13.4633	0	7.26208	-9999	2.06858	-9999
6	17	27.5013	18.4827	23.33	12.98	11.6968	13.2837	0	7.09438	-9999	1.76568	-9999
6	18	12.1957	16.5833	18.91	14.11	5.25569	13.4485	5.3	7.06375	-9999	1.97841	-9999
6	19	10.2183	15.9462	18.13	14.18	3.11698	13.4969	1.4	7.08563	-9999	1.77082	-9999
6	20	21.7528	15.4419	17.75	11.11	6.63124	13.244	1.3	7.0725	-9999	2.26354	-9999
6	21	21.3432	12.6017	16.29	8.46	5.98528	11.9335	0	6.79313	-9999	1.59097	-9999
6	22	25.6172	15.739	20.61	10.41	8.03246	12.2029	0	6.85687	-9999	1.74283	-9999
6	23	23.0491	22.0702	29.75	16.18	13.6398	13.944	2.6	6.8875	-9999	2.45633	-9999
6	24	25.4729	18.4319	22.07	14.66	9.15697	14.1379	0	6.88729	-9999	1.94685	-9999
6	25	22.6556	15.239	19.31	11.6	7.08576	13.2575	0	6.60292	-9999	1.52892	-9999
6	26	19.8245	14.7858	17.95	11.01	5.85458	12.7673	0	6.46438	-9999	1.08759	-9999
6	27	26.0925	17.9565	22.15	13.2	10.6204	13.0021	0	6.52458	-9999	1.33374	-9999
6	28	26.4127	19.886	24.37	14.55	14.1239	13.4219	0.1	6.46438	-9999	1.5275	-9999
6	29	20.4557	21.0806	25.73	17.47	12.7	14.3321	1.4	6.48354	-9999	2.41846	-9999
6	30	21.253	20.4106	26.49	15.5	9.80846	14.7113	3.3	6.42729	-9999	1.56623	-9999
7	1	2.89426	15.0365	17.83	12.53	1.82257	14.1179	13.5	6.11208	-9999	1.09053	-9999
7	2	17.8624	15.8535	20.16	12.63	6.32497	13.1923	0.4	6.32583	-9999	2.42865	-9999
7	3	14.4938	14.9371	18.22	12.38	5.06188	12.9477	1	6.30083	-9999	1.92387	-9999
7	4	17.236	14.7179	18.04	12.06	4.42864	12.8319	1.2	6.30375	-9999	1.65945	-9999
7	5	6.24398	12.7663	13.64	11.72	1.70808	12.4508	3.7	6.03333	-9999	1.5962	-9999
7	6	9.61562	13.3698	16	11.08	3.15868	12.2137	1.1	6.175	-9999	1.53042	-9999
7	7	16.1391	14.6813	17.57	12.29	5.49085	12.4858	0	6.31146	-9999	1.67513	-9999
7	8	17.9618	16.8802	20.81	12.84	7.81887	12.8512	0	6.35333	-9999	1.75073	-9999
7	9	15.0727	16.4633	19.34	13.77	6.31937	13.1054	2.4	6.24292	-9999	1.87421	-9999
7	10	17.1035	14.3127	16.37	11.73	5.52639	12.7287	0	6.11083	-9999	1.41284	-9999
7	11	26.8944	18.3642	23.86	11.9	11.8256	12.7829	0	6.25542	-9999	2.12739	-9999
7	12	20.1963	16.8127	19.89	13.81	8.28344	13.3252	0	6.17167	-9999	1.61214	-9999
7	13	16.569	15.4431	18.48	12.39	7.30901	12.8548	0	5.96354	-9999	1.28887	-9999
7	14	27.2759	18.8752	23.6	12.91	11.7607	12.9012	0.1	6.07542	-9999	1.20121	-9999
7	15	26.4753	21.2575	25.5	15.85	14.0576	13.8277	0	6.08792	-9999	1.14745	-9999
7	16	24.1421	23.9019	28.54	18.39	17.9886	14.8356	0.1	6.08021	-9999	1.49421	-9999
7	17	13.1455	20.1144	25.5	14.65	8.56452	15.3167	8.3	5.98729	-9999	1.48522	-9999
7	18	19.9857	18.775	22.9	14.85	7.71164	14.6858	0.1	5.90188	-9999	2.27965	-9999
7	19	25.0186	22.2998	26.45	16.7	14.6763	15.0233	0	6.00708	-9999	1.8085	-9999
7	20	28.0692	24.0035	28.28	18.78	17.8173	15.701	0	6.00833	-9999	1.74534	-9999
7	21	23.5243	24.0204	31.17	18.29	15.8783	16.4288	-9999	5.89979	-9999	1.80234	-9999
7	22	20.9059	21.7783	26.09	17.71	9.06593	16.5212	0	5.86188	-9999	2.34466	-9999
7	23	15.5518	19.9217	23.97	16.16	7.81882	15.9202	0.2	5.77604	-9999	1.49416	-9999
7	24	21.5084	21.4744	27.08	14.77	11.9162	15.9656	6.9	5.79667	-9999	1.53277	-9999
7	25	16.6821	17.8735	22.49	14.75	5.20176	15.4677	3.4	5.6525	-9999	2.59316	-9999
7	26	13.0796	20.8433	24.27	17.51	9.70252	15.6415	0	5.83271	-9999	1.77397	-9999
7	27	22.6141	23.6438	31.45	18.36	13.5934	16.8208	18.3	5.84896	-9999	1.93295	-9999
7	28	11.3256	17.6019	20.06	14.96	3.97771	16.0131	8.9	5.74833	-9999	2.50071	-9999
7	29	14.6013	16.9646	20.89	14.33	5.11999	15.1525	0	5.80021	-9999	1.77697	-9999
7	30	26.4599	19.3815	23.5	14.45	10.9616	15.0029	0	5.87625	-9999	2.3699	-9999
7	31	15.4359	19.5654	21.8	16.87	7.74882	15.3373	0.9	5.91375	-9999	1.34696	-9999
8	1	21.281	22.0752	26.48	17.07	9.0674	16.2667	0.1	6.02708	-9999	2.36629	-9999
8	2	20.8847	25.0173	29.87	20.8	14.9461	17.2233	0	6.07271	-9999	2.54717	-9999
8	3	21.0234	26.6087	30.91	22.12	18.5257	17.8027	0	6.01521	-9999	2.34406	-9999
8	4	24.0764	25.1563	28.98	21.32	14.7832	18.1175	0.1	5.97646	-9999	1.80299	-9999
8	5	22.9304	22.8473	27.21	18.25	13.7383	17.5294	0	5.82875	-9999	1.92623	-9999
8	6	22.4756	22.5088	26.09	18.27	15.3528	16.8237	0	5.68896	-9999	1.6135	-9999
8	7	25.3687	23.034	27.57	18.01	17.5972	16.6017	0	5.61562	-9999	1.78507	-9999
8	8	23.5966	24.7904	28.84	19.64	20.9323	16.8267	0.1	5.65958	-9999	1.77584	-9999
8	9	24.538	25.5042	29.46	20.91	22.5239	16.9685	0	5.57729	-9999	1.32621	-9999
8	10	25.0276	24.0165	27.68	19.44	18.2637	17.2098	0	5.58646	-9999	1.10629	-9999
8	11	25.7538	20.9723	25.67	16.31	15.6167	16.346	0.1	5.44688	-9999	1.02226	-9999
8	12	23.6754	24.6571	30.65	17.08	22.2683	16.4542	0	5.43313	-9999	1.48091	-9999
8	13	21.7028	27.8129	33.63	21.59	23.6129	18.1006	0	5.47312	-9999	1.10983	-9999
8	14	13.5036	20.1083	24.48	16.67	9.2518	17.1537	0.1	5.33396	-9999	1.09908	-9999
8	15	22.0269	16.8229	20.42	12.14	9.46657	15.4787	0	5.14438	-9999	1.18414	-9999
8	16	22.8525	17.1208	21.29	12.46	10.0081	14.7698	0	5.09729	-9999	1.07305	-9999
8	17	23.7716	21.1975	27.43	15.14	15.8392	14.9527	0.1	5.13771	-9999	0.867715	-9999
8	18	13.028	23.1421	29.37	18.51	13.7754	16.2329	9.9	5.1975	-9999	1.56972	-9999
8	19	10.7179	18.4408	21.79	15.48	6.0482	15.8333	3.1	5.13604	-9999	2.03692	-9999
8	20	16.9587	17.6598	20.61	14.55	7.38086	15.3183	0	5.13875	-9999	1.05862	-9999
8	21	18.4875	19.9817	24.08	15.24	12.6102	15.0523	0	5.18	-9999	1.36931	-9999
8	22	22.0677	20.7835	25.19	17.86	13.4526	15.3548	0	5.17708	-9999	1.37154	-9999
8	23	10.684	18.2021	22.43	15.33	6.14714	15.2554	0.7	5.06583	-9999	0.846024	-9999
8	24	9.93762	14.9735	17.22	11.6	5.29662	14.4327	0	4.96063	-9999	0.880032	-9999
8	25	22.4691	17.4685	21.82	12.32	9.00073	14.2363	0	5.01833	-9999	1.20293	-9999
8	26	21.6506	18.2223	22.83	13.51	11.5943	14.1802	0	4.99854	-9999	0.763685	-9999
8	27	10.5636	14.2854	16.58	12.49	6.25218	13.6846	0	4.84562	-9999	0.696347	-9999
8	28	16.0931	15.9492	21.24	9.79	8.64801	13.2463	0	4.93646	-9999	0.941359	-9999
8	29	14.485	19.3004	24.94	13.1	9.25772	14.3906	6.5	4.96729	-9999	1.36419	-9999
8	30	7.58671	12.3767	15.67	10.58	2.4848	13.4602	2.6	4.83542	-9999	1.61239	-9999
8	31	12.2168	11.3281	15.43	9.41	3.05531	12.2844	1.4	4.90375	-9999	1.42155	-9999
9	1	14.2325	10.1508	12.91	7.85	2.62887	11.5579	6	5.04146	-9999	1.2911	-9999
9	2	11.1564	8.95958	11.75	6.89	2.31281	10.8537	3	5.16979	-9999	1.52259	-9999
9	3	17.2632	11.4358	15.02	5.49	6.32476	10.3315	0.1	4.96125	-9999	1.22384	-9999
9	4	8.40436	13.0754	14.87	11.03	4.67838	11.4596	0	4.92063	-9999	0.865458	-9999
9	5	16.3487	14.771	19.2	10.83	7.66175	11.7198	0	4.99062	-9999	1.36564	-9999
9	6	19.7003	16.8119	21.3	12.18	10.4615	12.0927	0	4.98229	-9999	1.41963	-9999
9	7	17.954	18.6792	23.05	14.64	7.17094	12.9433	0.1	4.92979	-9999	1.16519	-9999
9	8	14.6901	17.5287	21.82	13.43	8.32335	13.1267	0	4.90396	-9999	0.877808	-9999
9	9	6.92336	13.9342	16.17	11.55	3.71413	12.9219	1	4.80167	-9999	0.602482	-9999
9	10	8.53229	13.0402	16.05	11.08	3.89139	12.3881	0.9	4.81146	-9999	0.913103	-9999
9	11	6.72728	9.87937	14.08	7.91	1.79425	11.4844	8.4	5.00042	-9999	0.916137	-9999
9	12	8.38696	10.9981	14.02	8.02	1.35791	11.2383	1.9	4.96563	-9999	0.958261	-9999
9	13	9.75541	12.1998	14.11	10.44	2.49153	11.6979	4	4.9125	-9999	1.46879	-9999
9	14	6.8985	13.0979	16.15	11.01	3.0362	11.8948	0	4.95146	-9999	0.561471	-9999
9	15	18.2115	14.6862	20.2	9.41	7.53014	11.5904	0	5.11125	-9999	1.30328	-9999
9	16	14.3875	16.3208	19.46	12.99	8.18493	12.0662	0.1	5.0175	-9999	1.2658	-9999
9	17	15.6492	16.6715	20.19	13.02	7.68643	12.564	0	4.95854	-9999	0.812118	-9999
9	18	17.2288	19.7535	26.34	13.51	12.9128	13.0712	0	5.0225	-9999	1.24244	-9999
9	19	17.61	21.7054	26.36	17.34	15.8276	13.8363	0	4.98896	-9999	1.49268	-9999
9	20	16.822	22.8121	28.23	18.07	18.326	14.2294	0.1	4.97708	-9999	1.54752	-9999
9	21	16.8603	22.3731	26.75	18.24	16.3136	14.5827	0.1	4.97354	-9999	0.802806	-9999
9	22	16.0906	21.8402	26.98	17.09	15.0314	14.6619	0	4.9275	-9999	0.874136	-9999
9	23	5.56488	13.7556	19.71	7.84	4.77435	13.8837	3.4	4.83771	-9999	1.12624	-9999
9	24	13.1686	8.75125	12.17	4.9	3.61577	11.4012	0	4.97542	-9999	0.831901	-9999
9	25	15.7229	11.0221	15.47	7	6.26649	10.5606	0	4.84583	-9999	0.872647	-9999
9	26	16.4136	13.1323	18.99	6.98	8.68748	10.7096	0	4.88208	-9999	1.04383	-9999
9	27	11.66	12.9156	15.24	10.7	5.25086	11.3442	0	4.71875	-9999	0.494284	-9999
9	28	9.09164	14.1548	17.83	9.88	6.31546	11.5577	0.2	4.72646	-9999	0.63004	-9999
9	29	10.1466	11.3579	14.02	7.2	2.76902	11.5869	4	4.77771	-9999	1.24001	-9999
9	30	6.41189	7.93313	10.49	6.33	1.89594	10.3146	0.2	5.03208	-9999	0.462883	-9999
10	1	12.2845	11.3069	14.42	6.37	4.77436	9.94604	0	4.82521	-9999	0.722205	-9999
10	2	2.95162	12.981	14.95	10.39	2.81086	11.1598	0.8	4.75583	-9999	0.398264	-9999
10	3	5.63764	13.004	16.08	8.2	2.64549	11.0225	1.4	4.84354	-9999	0.71708	-9999
10	4	5.7103	11.3681	13.47	7.79	2.98981	11.1444	1.1	4.85708	-9999	0.581728	-9999
10	5	2.254	6.53875	8.46	5.21	1.38158	9.40854	2.7	5.16813	-9999	0.192035	-9999
10	6	8.7941	6.29896	8.52	4.33	2.47437	8.58271	0.2	5.15042	-9999	0.91144	-9999
10	7	5.51578	6.02667	7.85	4.47	1.56878	8.26979	6.8	5.17979	-9999	1.49945	-9999
10	8	5.97922	5.97146	8.93	3.34	0.910613	8.05292	13.3	5.17021	-9999	1.21263	-9999
10	9	7.13243	6.86021	9.09	4.47	1.60535	7.90458	9.1	5.28604	-9999	1.24224	-9999
10	10	2.87527	10.6088	11.75	7.53	2.0293	9.03333	1.3	4.98812	-9999	0.757004	-9999
10	11	6.51127	10.1554	11.92	8.45	3.77685	9.39417	0	5.05792	-9999	0.829237	-9999
10	12	11.2372	7.50542	9.55	5.64	3.0229	8.70583	0	5.28104	-9999	0.834456	-9999
10	13	11.2333	6.46604	9.24	3.95	3.04307	7.68104	0	5.08354	-9999	0.842169	-9999
10	14	7.66017	3.96667	5.86	0.87	2.06417	6.99937	0.4	5.16479	-9999	0.363533	-9999
10	15	4.84205	5.33313	7.34	3.89	2.08103	7.16417	0.2	5.21896	-9999	0.58342	-9999
10	16	7.18547	3.99854	6.4	1.45	2.05104	6.79833	0	5.09729	-9999	0.421576	-9999
10	17	11.9718	2.96688	7.51	-0.85	2.8063	5.92	0.1	5.24208	-9999	0.484627	-9999
10	18	11.8183	3.8875	8.62	-0.93	3.06445	5.68542	0	5.24271	-9999	0.447139	-9999
10	19	9.70139	3.08104	6.35	0.81	2.40774	5.52354	0	5.28604	-9999	0.362208	-9999
10	20	2.75101	2.39667	4.06	0.08	1.62903	5.27979	0	5.13267	-9999	0.143782	-9999
10	21	1.51583	1.34	1.84	0.36	0.508157	5.2975	4.7	4.95271	-9999	0.11053	-9999
10	22	1.48075	0.968333	1.73	-1.29	0.522312	5.23229	2.6	5.08563	-9999	0.265621	-9999
10	23	9.72661	-1.52979	1.26	-3.49	0.525949	4.54896	0	5.44146	-9999	0.493535	-9999
10	24	4.81786	-2.55104	-0.89	-3.95	0.390401	3.92667	0.1	5.51813	-9999	0.232689	-9999
10	25	6.96739	1.0275	3.26	-2.21	1.35587	3.69646	0.4	5.23958	-9999	0.32648	-9999
10	26	1.95055	2.58063	3.23	1.62	0.885152	4.43813	3.1	5.07292	-9999	0.44544	-9999
10	27	2.80946	0.840833	1.96	-0.05	0.815098	4.51083	0	5.305	-9999	0.40208	-9999
10	28	9.25531	2.59354	7.1	-0.88	2.42811	4.1025	0.1	5.48979	-9999	0.430172	-9999
10	29	5.57692	3.26896	6.63	1.82	2.95168	4.25292	0	5.29521	-9999	0.332988	-9999
10	30	3.96599	3.2025	5.32	0.93	1.02043	4.58229	9.1	5.55312	-9999	0.70069	-9999
10	31	6.15384	6.15438	9.6	2.7	3.10023	5.16833	0	6.20417	-9999	0.579129	-9999
11	1	2.02354	8.33458	9.88	6.44	2.829	6.24729	0	6.22479	-9999	0.293243	-9999
11	2	5.86726	7.50792	9.8	5.6	2.98921	6.47583	0	6.19375	-9999	0.364259	-9999
11	3	2.17039	9.19458	11.53	6.74	3.2929	6.86458	1.2	5.87958	-9999	0.738705	-9999
11	4	5.20342	7.995	9.58	6.39	3.02128	7.10313	1.2	5.84667	-9999	0.64168	-9999
11	5	7.98467	6.91167	11	4.38	3.44231	6.56646	0	5.53854	-9999	0.445908	-9999
11	6	6.45721	4.16333	6.6	1.86	1.73598	6.05958	0	5.415	-9999	0.150639	-9999
11	7	1.012	2.53979	3.67	1.06	0.473926	5.5525	0.1	5.31542	-9999	0.0391231	-9999
11	8	7.91213	5.71542	8.09	3.39	2.48534	5.81104	0	5.6575	-9999	0.39957	-9999
11	9	7.73033	5.79958	11.22	0.76	2.27181	5.98729	0	5.40417	-9999	0.263426	-9999
11	10	5.66215	0.745625	2.26	-0.97	0.728561	5.24833	0	5.46708	-9999	0.202211	-9999
11	11	7.46573	2.85146	6.36	0.27	2.41962	4.78979	0	5.56333	-9999	0.380356	-9999
11	12	7.38124	1.43854	3.88	-0.68	2.43927	4.34063	0	5.55417	-9999	0.231017	-9999
11	13	6.49971	0.523125	3.16	-1.16	1.88093	3.85479	0.1	5.62396	-9999	0.0724761	-9999
11	14	6.1954	1.84854	4.45	0.04	1.8653	3.83375	0	5.45292	-9999	0.0787333	-9999
11	15	5.39098	5.18396	8.11	1.94	2.24679	4.56063	0.1	5.44938	-9999	0.151528	-9999
11	16	5.459	4.08667	7.28	1.39	2.02426	4.71292	0.7	5.37354	-9999	0.306143	-9999
11	17	1.45201	3.94938	5.18	2.09	0.910919	4.97417	6.7	5.36458	-9999	0.721277	-9999
11	18	2.16785	5.98688	8.87	3.55	1.49655	5.37021	0.4	5.66042	-9999	0.404522	-9999
11	19	3.27173	9.77396	11.14	8.75	2.33444	6.96438	0	5.42083	-9999	0.269509	-9999
11	20	2.40052	9.94667	12.91	8.66	2.6444	7.67229	0	5.47354	-9999	0.271239	-9999
11	21	5.13059	9.5075	11.88	6.68	3.70089	7.18354	0	5.69875	-9999	0.142619	-9999
11	22	3.92045	11.2169	14.91	8.74	5.21961	7.46729	0	5.51854	-9999	0.321995	-9999
11	23	5.16969	10.1667	15.24	6.22	5.13682	7.53875	0	5.55292	-9999	0.439055	-9999
11	24	4.82578	10.3892	14.54	6.7	5.2878	7.50375	0	5.48042	-9999	0.376908	-9999
11	25	3.57059	9.78063	13.16	6.8	3.59095	7.43438	0	5.50083	-9999	0.0970541	-9999
11	26	4.51879	7.36	9.13	4.8	1.71095	7.31458	3.4	5.65292	-9999	0.197879	-9999
11	27	3.36028	6.49208	8.09	4.68	1.14838	6.97813	0.2	5.66333	-9999	0.407838	-9999
11	28	0.483858	4.79938	6.09	4.25	0.405865	6.76583	4	5.65542	-9999	0.112237	-9999
11	29	0.49725	5.3525	5.77	4.75	0.444203	6.57146	5.5	7.02896	-9999	0.058591	-9999
11	30	5.29087	3.32083	4.62	2.07	1.2138	5.91813	0.1	6.58562	-9999	0.640254	-9999
12	1	5.13074	4.60333	7.41	2.86	1.95076	5.39187	0	6.42708	-9999	0.151333	-9999
12	2	3.87322	5.23187	7.71	3.61	1.74557	5.33042	0.1	6.30125	-9999	0.114296	-9999
12	3	4.04878	5.21604	7.9	2.35	1.50345	5.43833	0.1	6.23021	-9999	0.148123	-9999
12	4	0.842346	2.56167	3.5	1.28	0.5219	5.27771	0	6.01292	-9999	0.066301	-9999
12	5	0.700632	1.07979	1.42	0.69	0.379335	4.81854	0.2	6.06646	-9999	0.0588828	-9999
12	6	3.38143	1.28313	4.51	-1.39	0.647787	4.48562	2.6	6.35958	-9999	0.904973	-9999
12	7	5.09074	-3.17958	-1.67	-6.3	0.339462	3.46312	0.9	6.53833	-9999	0.250151	-9999
12	8	5.24407	-2.35396	0.25	-5.76	0.362091	2.09021	0	6.54875	-9999	0.240152	-9999
12	9	4.99831	1.54333	6.71	-1.03	2.16905	1.70812	0	-9999	-9999	0.069922	-9999
12	10	5.57053	1.84542	3.6	-0.09	3.13503	1.9375	0	-9999	-9999	0.176781	-9999
12	11	4.8148	3.04562	6.28	1.19	3.39859	2.44125	0	-9999	-9999	0.28274	-9999
12	12	0.635994	1.49917	4.83	-0.45	1.04918	3.00167	4.1	6.25312	-9999	0.116546	-9999
12	13	0.864792	5.97917	10.2	-0.03	1.39563	3.73687	11.3	7.02667	-9999	0.980211	-9999
12	14	0.90837	5.08542	8.63	2.54	1.07475	5.37313	10.1	8.30438	-9999	1.79708	-9999
12	15	0.987624	-1.71875	2.03	-2.56	0.463773	3.47104	9.9	8.71042	-9999	1.00534	-9999
12	16	2.33357	-1.50667	-0.83	-2.7	0.453687	2.68833	0	8.415	-9999	0.209341	-9999
12	17	2.1359	0.966042	2.02	-1.74	0.713096	2.43688	1.3	8.40771	-9999	0.144696	-9999
12	18	4.77337	2.56312	5.65	0.51	2.3812	2.56	0	9.73687	-9999	0.323675	-9999
12	19	4.60373	4.53042	8.01	1.65	3.11648	2.85708	0	9.295	-9999	0.151276	-9999
12	20	1.06591	5.20833	6.9	3.69	1.6019	4.13812	0.2	8.86896	-9999	0.117867	-9999
12	21	2.11181	5.37729	8.4	2.34	2.43678	4.67792	2.9	8.29083	-9999	0.936967	-9999
12	22	1.56181	-1.46979	2.33	-4.63	0.801203	3.38188	6.8	8.06146	-9999	0.287382	-9999
12	23	5.68701	-6.12313	-4.78	-8.42	0.521189	2.32875	1.8	7.97958	-9999	0.47826	-9999
12	24	4.92577	-4.27625	-1.18	-7.06	2.1302	1.53458	0.1	8.04813	-9999	0.470406	-9999
12	25	1.09312	1.33167	3.16	-2.46	1.95273	1.38479	0	7.68583	-9999	0.30307	-9999
12	26	1.77748	3.46479	5.07	2.23	1.95625	2.19208	0	10.014	-9999	0.108508	-9999
12	27	1.35668	5.07271	7.35	3.63	3.45422	3.22521	0	10.0577	-9999	0.177299	-9999
12	28	1.83163	4.14854	5.85	2.48	3.15695	3.48583	0	9.14833	-9999	0.179279	-9999
12	29	1.62788	1.61229	5.48	-0.97	2.08859	3.28375	0	8.63729	-9999	0.054592	-9999
12	30	1.45858	-1.05104	-0.19	-1.54	0.974133	2.29479	0	8.74271	-9999	-0.0295367	-9999
12	31	0.8604	-1.80083	-1.32	-2.45	0.360484	2.02854	0	8.67354	-9999	0.0213948	-9999
