Month	n_days	Rg_f	Ta_f	Tmax	Tmin	VPD_f	Ts_f	Precip	SWC	LAI	ET	Litterfall
1	1	1.61107	-3.6276	-1.247	-8.08	0.378165	0.96075	-9999	29.1156	-9999	0.591536	-9999
1	2	1.36297	-3.85277	-1.187	-11.77	0.338411	1.00489	-9999	-9999	-9999	0.686824	-9999
1	3	5.32781	-7.94238	-3.90612	-12.7567	0.413537	1.01364	0	-9999	-9999	0.42311	-9999
1	4	5.53408	-7.05217	-0.667333	-11.0567	0.588564	0.955111	0	-9999	-9999	0.17165	-9999
1	5	5.31988	-1.82267	1.614	-4.87667	0.470587	0.908889	0	28.1681	-9999	0.689017	-9999
1	6	2.75746	-1.2658	0.143667	-3.52067	0.320604	0.95559	1.9	27.8208	-9999	0.0305052	-9999
1	7	0.842117	-0.350896	-0.0423333	-2.54267	0.342295	1.04138	3.4	27.9368	-9999	0.193193	-9999
1	8	0.83006	-1.28759	-0.914	-3.246	0.357025	1.07681	0	28.2097	-9999	0.00369463	-9999
1	9	5.79852	-2.5071	0.642333	-5.794	0.551172	1.08427	0	28.5486	-9999	0.528159	-9999
1	10	6.26452	-3.60676	1.29967	-5.004	0.461931	1.05413	0	28.1389	-9999	0.151229	-9999
1	11	6.38705	-1.41464	2.077	-6.096	1.01021	0.943847	-9999	28.0778	-9999	0.432593	-9999
1	12	2.41549	-0.74159	0.971	-4.73767	0.599674	1.03444	-9999	28.05	-9999	0.40951	-9999
1	13	5.47084	-1.82941	0.0976667	-4.831	0.471784	1.11094	0	28.0542	-9999	0.480979	-9999
1	14	6.40135	-3.23946	-0.235	-5.28333	0.336024	1.09585	0.1	27.7646	-9999	0.409393	-9999
1	15	5.99008	-4.23868	-2.405	-5.366	0.315736	1.0313	0	27.4187	-9999	0.244495	-9999
1	16	5.68395	-4.19653	-1.55833	-5.85433	0.322088	0.922549	0.1	27.3007	-9999	0.0594929	-9999
1	17	3.83675	-2.04723	0.973667	-3.665	0.637422	0.933778	0.1	27.4729	-9999	0.226551	-9999
1	18	5.94114	-1.31368	2.812	-4.50333	1.05677	0.978139	0	27.1153	-9999	0.233061	-9999
1	19	2.15257	1.59113	3.88733	-0.943333	1.08618	1.06437	0.3	27.0799	-9999	0.267026	-9999
1	20	3.45189	3.22022	6.16767	1.55333	1.47204	1.05156	6.2	30.1278	-9999	0.565226	-9999
1	21	1.20057	5.70234	6.83467	3.60933	1.3326	1.15564	1.8	33.3924	-9999	0.555436	-9999
1	22	5.8347	6.31305	9.5	3.44	3.15292	2.30113	0	32.7958	-9999	0.35109	-9999
1	23	4.80948	5.4671	7.71	4.28467	3.04385	2.9727	0	30.8354	-9999	0.246235	-9999
1	24	3.49559	7.2004	9.42333	2.29233	3.26209	3.58792	0.2	29.55	-9999	0.263508	-9999
1	25	4.92433	2.65691	9.06333	0.350667	2.06484	3.43497	1.1	28.8521	-9999	0.677596	-9999
1	26	5.4255	6.54954	8.98667	2.10233	2.89009	3.394	3.3	28.634	-9999	0.725038	-9999
1	27	2.11711	7.57764	9.56667	5.71533	2.76409	4.68376	8.3	29.3646	-9999	1.46456	-9999
1	28	5.6121	9.35622	12.6033	5.36933	3.02057	5.34831	6	29.9771	-9999	1.62269	-9999
1	29	6.04071	9.19722	12.1767	7.47667	5.78289	5.40911	0	29.9146	-9999	0.597693	-9999
1	30	5.74124	9.8326	12.0967	4.54833	4.2476	5.80392	0	28.4299	-9999	0.341265	-9999
1	31	5.11217	9.31821	12.0133	4.556	5.99872	6.00722	0	27.5896	-9999	0.506465	-9999
2	1	4.92269	6.99608	11.58	4.213	3.18032	5.24792	0	27.3875	-9999	0.176287	-9999
2	2	6.54893	11.616	16.0167	8.02667	6.4569	6.00626	0	26.2924	-9999	0.584752	-9999
2	3	7.67955	10.7561	15.05	5.88833	6.90107	6.34188	0	26.0417	-9999	0.564105	-9999
2	4	7.01884	8.37249	10.1333	5.24167	5.50178	5.97078	0.1	25.7389	-9999	0.493211	-9999
2	5	2.96882	9.20258	11.6967	5.666	4.58235	5.80347	0	25.0667	-9999	0.31711	-9999
2	6	2.53083	8.08004	9.67	4.30433	3.1828	6.24394	0.1	24.8708	-9999	0.286726	-9999
2	7	3.61491	4.35768	5.79033	2.56167	1.93363	5.41908	0.4	25.3278	-9999	0.417556	-9999
2	8	2.65702	4.83067	6.94867	2.351	2.0485	4.89081	2	25.2576	-9999	0.5087	-9999
2	9	4.65273	8.40415	10.6533	4.24067	2.76596	5.57454	2.7	24.6299	-9999	1.2161	-9999
2	10	4.6063	4.65917	9.5	3.828	1.54782	5.39576	5.3	26.709	-9999	1.76036	-9999
2	11	3.04886	6.87867	9.45333	4.05833	2.18394	5.22973	3.8	26.6306	-9999	1.7512	-9999
2	12	4.16825	9.18684	10.79	1.645	2.65183	6.30469	5.6	25.8528	-9999	2.07453	-9999
2	13	2.73057	4.3404	6.21833	-2.54533	0.905371	5.7621	8.9	30.7132	-9999	0.853708	-9999
2	14	8.75213	-0.603694	1.44367	-2.69067	0.967601	3.91122	0	30.2764	-9999	0.589911	-9999
2	15	10.651	-0.481056	3.99967	-4.12967	1.84537	2.439	0	29.4812	-9999	0.40996	-9999
2	16	11.0373	2.41758	7.38	-2.18833	3.97898	2.28814	0	28.8799	-9999	0.527736	-9999
2	17	9.5512	3.94764	8.03667	1.295	3.01622	2.92276	0	27.9764	-9999	0.282071	-9999
2	18	4.58972	2.3119	3.80533	-0.797333	2.08984	3.0271	0	27.6229	-9999	0.464445	-9999
2	19	4.35959	1.30163	3.63867	-0.985333	1.57068	2.85556	4.8	27.3139	-9999	0.577407	-9999
2	20	4.41464	2.64924	5.41633	-6.57667	1.25159	2.7218	11.5	30.9972	-9999	1.36683	-9999
2	21	1.87361	-1.4834	2.36733	-6.001	0.795736	2.50671	2.2	31.3069	-9999	0.711764	-9999
2	22	2.23883	-1.85469	2.73033	-6.63267	0.602373	1.3374	7.6	30.309	-9999	0.826737	-9999
2	23	5.33592	1.01758	2.777	-1.69633	1.09653	1.34611	8	32.6319	-9999	1.30337	-9999
2	24	6.7527	-0.617917	4.74733	-1.644	0.805663	1.43216	4.2	32.259	-9999	1.39212	-9999
2	25	1.95828	0.202833	8.17667	-1.64067	0.618305	1.48676	6.4	31.7552	-9999	0.335644	-9999
2	26	4.01139	7.45708	9.87667	3.842	2.57281	2.67305	4	32.8292	-9999	1.80352	-9999
2	27	7.71311	5.36662	8.62333	2.97033	2.92724	3.8418	7.5	31.9833	-9999	1.70415	-9999
2	28	7.68348	3.25512	5.63733	0.721	2.48282	3.19258	0.7	30.6847	-9999	1.02442	-9999
3	1	9.61918	3.79736	6.83167	-1.91133	2.9139	3.07626	0.4	29.7858	-9999	0.578735	-9999
3	2	3.76457	-1.05264	0.898667	-2.24033	0.939827	2.38876	0.1	29.4417	-9999	0.358093	-9999
3	3	3.30349	-0.1675	2.75133	-1.88533	0.665519	1.63672	0.7	-9999	-9999	0.442522	-9999
3	4	3.74056	3.19454	5.84467	0.866	2.02989	2.17324	0	-9999	-9999	0.250926	-9999
3	5	13.2279	5.23149	9.42667	1.08333	3.26763	2.82163	0.1	28.1361	-9999	0.381764	-9999
3	6	10.6518	7.05481	12.5367	2.16733	4.36384	3.481	0.3	27.3903	-9999	0.0808169	-9999
3	7	3.93217	6.1265	8.62667	3.77733	2.65198	4.33726	5.2	27.7208	-9999	0.0867569	-9999
3	8	12.904	4.65515	7.61333	2.25933	3.35744	3.8552	0.1	27.6799	-9999	0.360778	-9999
3	9	7.92518	6.79718	9.93667	3.87333	4.21938	3.89935	0.1	26.9618	-9999	0.756545	-9999
3	10	11.4588	4.92016	9.76333	1.71433	4.10235	4.11751	0	26.709	-9999	0.98461	-9999
3	11	15.0995	9.59313	14.3	4.66767	7.33762	4.31345	0	25.6861	-9999	1.28111	-9999
3	12	8.62375	11.5576	15.6467	5.21433	8.14503	5.47652	0	24.6333	-9999	1.18194	-9999
3	13	9.54476	10.041	14.5467	-0.908667	5.55752	5.87965	0	24.2264	-9999	0.912067	-9999
3	14	1.56988	-0.00497916	4.827	-1.17367	0.44557	4.45636	3.9	24.784	-9999	0.0684666	-9999
3	15	1.8017	-0.201333	2.37	-1.248	0.474858	2.92524	1.7	25.3285	-9999	-0.0891227	-9999
3	16	3.55419	2.54577	6.33733	0.796333	0.769309	3.18414	0	26.034	-9999	0.592359	-9999
3	17	16.1354	6.72671	13.28	2.193	3.02668	3.93306	0.1	25.7583	-9999	1.64363	-9999
3	18	15.6621	10.8455	16.58	6.16433	5.86744	5.25766	0	25.1299	-9999	1.51885	-9999
3	19	8.2935	8.12508	11.01	5.47567	3.42091	5.94782	5.9	25.575	-9999	1.77802	-9999
3	20	5.15877	6.41998	9.85333	4.511	1.96254	5.49043	1.3	26.3229	-9999	1.08213	-9999
3	21	5.7192	6.16678	8.88333	-0.0983333	1.49397	5.44297	3.4	26.3924	-9999	1.05235	-9999
3	22	5.9209	2.19917	7.28	-0.374333	1.53346	4.74017	3.4	26.4056	-9999	1.07492	-9999
3	23	4.8756	-0.278194	0.879667	-1.94633	0.551539	3.19736	6.2	26.8787	-9999	0.512549	-9999
3	24	3.30387	-1.03326	-0.435333	-1.93333	0.588086	2.41343	3.3	-9999	-9999	0.516045	-9999
3	25	3.2187	-1.79364	-1.117	-2.48433	0.545832	2.00752	0.6	-9999	-9999	0.611842	-9999
3	26	3.24888	-1.46552	0.0296667	-2.26567	0.408349	1.72381	0	28.4458	-9999	0.598997	-9999
3	27	8.30867	-0.346944	3.17233	-1.80233	0.695515	1.61894	0	27.9882	-9999	0.440423	-9999
3	28	18.79	2.64914	9.02667	-1.99167	2.50696	1.62937	0.1	27.6819	-9999	0.516189	-9999
3	29	18.272	7.8589	13.11	1.88333	6.35645	2.79725	0	26.9958	-9999	1.25351	-9999
3	30	19.4744	12.1431	16.5567	6.82167	9.62991	4.30537	0	26.0271	-9999	1.47649	-9999
3	31	12.5979	9.88456	12.5233	6.24633	5.63965	5.10524	0	25.4826	-9999	0.754196	-9999
4	1	18.3613	11.4086	14.6867	7.79333	7.61935	5.57283	0	24.6826	-9999	1.7024	-9999
4	2	18.7927	10.803	15.1433	3.45567	6.67309	5.92138	0	23.9	-9999	2.02561	-9999
4	3	19.9355	8.59919	13.32	2.98367	5.91146	5.87979	0	23.25	-9999	1.28173	-9999
4	4	21.3441	5.0304	11.1367	-1.097	5.03546	4.87653	0	22.8681	-9999	1.49882	-9999
4	5	14.5721	2.1571	4.389	-0.485333	3.35685	3.97128	0	22.5215	-9999	0.738444	-9999
4	6	11.5467	-1.38217	1.19433	-4.66267	0.96771	2.82018	0	22.3292	-9999	0.264518	-9999
4	7	21.4445	1.25194	5.46133	-2.60233	2.33905	2.67864	0	22.1785	-9999	0.760382	-9999
4	8	19.5463	3.31135	7.81	-1.65767	4.10239	2.75456	0.1	21.7528	-9999	0.738873	-9999
4	9	16.2112	4.36544	7.62667	0.700667	4.33537	3.19704	0	21.5479	-9999	0.889247	-9999
4	10	14.3427	3.46342	7.09667	-2.12733	3.05987	3.27838	0	21.1958	-9999	0.165905	-9999
4	11	4.358	5.03507	7.15667	2.74333	2.31645	3.89553	0	20.3535	-9999	0.325433	-9999
4	12	5.87327	8.05985	10.68	5.48867	2.84325	4.70908	0	19.7931	-9999	0.676416	-9999
4	13	4.01641	7.71565	9.73	3.366	1.58561	5.43431	1	19.5525	-9999	0.412292	-9999
4	14	2.36589	5.40272	7.33667	3.50467	0.521703	5.50222	13.6	-9999	-9999	0.232422	-9999
4	15	2.62123	3.81076	6.31933	2.92233	0.687463	4.69979	15.3	-9999	-9999	0.362949	-9999
4	16	13.5858	6.23267	9.19	3.44967	2.6552	4.90249	0	30.3451	-9999	1.54872	-9999
4	17	10.314	6.7504	10.33	3.99333	3.19116	4.96603	0.1	28.5278	-9999	0.840485	-9999
4	18	10.9564	8.038	11.2	3.03867	3.43414	5.31476	0.6	27.1681	-9999	0.748301	-9999
4	19	12.7086	9.52132	12.9667	7.41667	3.65044	6.22427	2.2	26.0611	-9999	1.66219	-9999
4	20	10.1643	7.24566	9.05	5.01467	1.85531	6.27948	0.4	26.0021	-9999	1.00545	-9999
4	21	15.9672	8.28806	10.54	5.95033	2.60596	6.52813	0	25.2729	-9999	0.953984	-9999
4	22	8.63237	9.99576	12.5	7.74667	3.67338	6.88469	0	24.6165	-9999	0.856659	-9999
4	23	13.4721	11.5118	15.4933	8.27	4.63923	7.34149	0	23.8986	-9999	1.40755	-9999
4	24	10.8049	9.2566	10.9967	7.37667	2.36687	7.66229	0	23.0561	-9999	0.839866	-9999
4	25	7.49493	10.6105	13.16	6.73067	2.64014	7.82215	0	22.5729	-9999	0.828467	-9999
4	26	15.4604	12.4401	17.18	3.14567	4.71598	8.48156	4.1	21.9285	-9999	1.71044	-9999
4	27	16.2595	6.42045	9.41	2.77167	2.88704	7.52411	0.5	22.7924	-9999	1.49466	-9999
4	28	13.6301	8.37274	12.42	2.92733	4.49856	6.70802	0.1	22.0674	-9999	1.21763	-9999
4	29	12.3338	9.77487	13.7933	6.25	4.88121	7.21863	0.5	21.5938	-9999	1.31654	-9999
4	30	15.8318	9.97783	14.1567	5.886	5.72799	7.17378	0	20.8576	-9999	1.64017	-9999
5	1	18.8987	15.1103	19.2567	10.35	8.48133	8.49951	0.4	19.8125	-9999	2.11653	-9999
5	2	21.9875	12.6527	17.4367	8.68333	3.40767	9.31417	0.7	19.1187	-9999	1.3762	-9999
5	3	6.96985	11.8358	13.8967	9.84333	1.72731	9.48493	0	18.5083	-9999	0.738765	-9999
5	4	4.28353	10.566	11.47	8.64	0.963022	9.31097	1.9	18.3993	-9999	0.587979	-9999
5	5	5.7701	8.99014	10.2	7.91	1.34344	8.79431	2.8	18.6375	-9999	0.953061	-9999
5	6	8.20019	9.73618	13.0767	7.52667	1.22205	8.58097	10.6	20.7278	-9999	1.23102	-9999
5	7	14.263	11.1099	16.3533	7.53333	2.11077	9.00951	0	21.6868	-9999	0.991382	-9999
5	8	23.5195	16.4474	21.4567	9.85667	8.62641	10.3069	0	21.5896	-9999	2.56002	-9999
5	9	25.6554	18.4027	22.77	14.0967	11.5015	11.2698	0	20.7865	-9999	2.39608	-9999
5	10	21.1128	16.8431	21.29	13.2533	7.85169	11.5555	0	20.0521	-9999	2.10372	-9999
5	11	13.2832	15.5118	18.0467	12.6467	4.36499	11.5522	0.3	19.3076	-9999	1.68917	-9999
5	12	10.7635	13.5412	15.6967	12.0867	2.50551	11.3481	4.2	18.8813	-9999	1.59043	-9999
5	13	10.9308	14.0665	17.6767	11.2433	2.92886	11.236	0	18.6472	-9999	1.09488	-9999
5	14	22.2023	15.6163	19.45	11.37	7.35513	11.3935	0.1	18.191	-9999	2.23576	-9999
5	15	18.8839	12.8177	17.2233	9.46333	5.80204	10.7177	0	17.4035	-9999	1.52958	-9999
5	16	26.6163	17.5662	23.2333	11.2867	9.96351	11.3527	0	16.9589	-9999	1.26799	-9999
5	17	25.6969	18.1733	22.9333	12.0633	9.3664	12.3723	0	-9999	-9999	1.92817	-9999
5	18	27.6243	15.409	20.76	9.25	8.70498	11.8596	0	-9999	-9999	1.7769	-9999
5	19	3.69157	11.6263	15.51	9.78667	2.80807	11.1649	3.4	-9999	-9999	0.252841	-9999
5	20	18.5076	13.6362	16.6533	10.0333	5.05792	10.7956	0.1	-9999	-9999	0.722763	-9999
5	21	27.0666	16.4651	20.9867	10.9233	8.0857	11.4555	0	-9999	-9999	1.48693	-9999
5	22	27.4664	17.9817	22.5367	12.3867	8.0859	12.3365	0	14.1792	-9999	1.56966	-9999
5	23	15.8506	17.7057	22.89	12.5767	5.78587	13.0241	6.3	13.7424	-9999	1.43276	-9999
5	24	9.55671	12.4529	15.1633	9.91	1.94765	12.1035	0.7	13.6292	-9999	0.489069	-9999
5	25	9.7834	13.8619	17.1933	10.0033	4.4727	11.6913	2.4	13.5278	-9999	1.01159	-9999
5	26	3.36405	9.80611	11.9133	8.31667	0.868461	10.7891	6	14.4444	-9999	0.541359	-9999
5	27	16.3588	13.3656	17.0033	9.67	4.93471	10.7272	0.8	14.5628	-9999	1.66714	-9999
5	28	4.58279	11.5856	12.1867	10.9833	0.780106	10.9965	5.3	-9999	-9999	0.540097	-9999
5	29	24.2047	13.6085	17.6633	10.4133	4.87214	11.1505	0.2	-9999	-9999	1.90063	-9999
5	30	25.1147	13.4719	16.79	9.74	6.57767	11.062	0	15.0132	-9999	1.81513	-9999
5	31	20.9669	14.6303	18.77	10.6367	7.54634	11.3572	0.3	14.5264	-9999	2.22388	-9999
6	1	22.3548	11.3502	14.8667	8.46333	5.32966	10.735	0	14.3042	-9999	1.1001	-9999
6	2	26.7901	13.7251	17.7067	9.25333	7.46328	10.5575	0	13.9472	-9999	1.42663	-9999
6	3	28.7463	16.4951	20.3567	11.49	8.86686	11.23	0	13.4618	-9999	1.68382	-9999
6	4	26.2919	19.5957	23.9067	13.9567	12.5849	12.2565	0	12.9743	-9999	2.59395	-9999
6	5	21.3565	19.7007	22.8533	14.2033	11.5763	12.9149	0	12.4542	-9999	1.73045	-9999
6	6	3.81678	15.3212	17.9	13.1167	2.76968	12.8801	0.9	12.0819	-9999	0.371949	-9999
6	7	4.8169	13.8359	15.1067	11.6333	1.13011	12.4204	9.7	12.6354	-9999	0.524997	-9999
6	8	3.63406	12.3817	13.8533	11.4967	0.688606	12.0551	23.8	16.3444	-9999	0.632259	-9999
6	9	9.08357	13.465	15.5367	11.5933	1.83545	11.9124	1.3	17.3042	-9999	1.7915	-9999
6	10	9.36657	13.6277	16.0767	11.2567	2.32524	12.1526	2	16.9931	-9999	1.40798	-9999
6	11	22.0558	13.3658	16.56	9.68	5.30677	11.6927	0	16.9118	-9999	1.49981	-9999
6	12	17.3849	16.0695	20.2467	11.08	7.0117	11.9781	0	16.4563	-9999	1.37337	-9999
6	13	11.6179	16.0498	19.78	12.3867	5.45397	12.7201	1.7	15.8361	-9999	1.10135	-9999
6	14	12.4944	14.83	17.8333	12.55	2.62566	12.5956	2	15.634	-9999	1.45246	-9999
6	15	12.8755	18.6442	24.86	13.9033	5.65221	13.4335	5.9	15.5556	-9999	1.30019	-9999
6	16	17.6224	16.6765	20.63	13.9633	5.44492	13.8042	0	16.1708	-9999	1.58332	-9999
6	17	27.7118	20.9592	26.26	13.8567	10.5333	14.2369	0	15.6507	-9999	2.08144	-9999
6	18	29.7338	24.9439	29.9267	18.5667	14.9628	15.9019	0	14.9305	-9999	1.88619	-9999
6	19	27.0703	23.75	29.549	18.205	11.2135	16.1335	0	-9999	-9999	1.30824	-9999
6	20	25.8047	22.3294	30.2533	16.4967	8.09293	16.1838	17.8	-9999	-9999	2.01556	-9999
6	21	17.398	18.3271	21.4633	15.5467	4.20046	15.5115	0.4	16.3514	-9999	0.934244	-9999
6	22	23.258	20.4763	27.0633	14.46	8.00993	15.4999	0.1	15.8405	-9999	1.62873	-9999
6	23	19.162	18.4913	21.87	13.62	6.08916	15.5633	0	15.0524	-9999	1.27609	-9999
6	24	17.1975	15.901	17.6733	13.94	5.86073	14.5476	0	14.4199	-9999	0.881372	-9999
6	25	23.1705	15.6042	18.7567	12.1567	7.84709	13.6722	0	-9999	-9999	1.22535	-9999
6	26	26.17	17.8598	21.8367	11.4	9.829	13.6235	0	-9999	-9999	1.1389	-9999
6	27	21.0339	17.7023	22.8067	11.18	8.70586	14.067	2	-9999	-9999	1.02936	-9999
6	28	18.6234	12.7878	16.07	9.96667	5.29463	12.9772	0	11.7701	-9999	1.05063	-9999
6	29	18.6435	11.6236	14.7033	9.4	4.78144	12.0897	0.2	11.2778	-9999	1.05664	-9999
6	30	18.7054	14.7703	19.6467	8.55	8.07897	12.0051	0	11.0389	-9999	1.10186	-9999
7	1	17.0036	17.0469	20.3633	11.3967	9.25578	12.8081	0.1	10.65	-9999	0.813001	-9999
7	2	6.86712	14.6754	17.98	11.61	3.77555	12.9981	5.3	10.3283	-9999	0.334664	-9999
7	3	25.1454	17.3895	24.23	10.7233	7.68881	13.1177	2.5	10.2118	-9999	1.07814	-9999
7	4	12.1538	14.2472	15.6067	12.7033	4.65078	13.1735	0.4	10.0215	-9999	0.428873	-9999
7	5	22.01	16.4592	20.8433	10.8567	8.26481	12.8975	0.1	9.83958	-9999	1.13446	-9999
7	6	20.61	18.2063	23.0533	13.99	8.90731	13.5619	5.5	9.54028	-9999	1.5022	-9999
7	7	20.1458	16.7634	21.1667	12.7733	5.51955	13.8206	0.1	9.37778	-9999	1.51788	-9999
7	8	26.5896	20.8945	25.9167	14.2267	11.763	14.363	0	9.17431	-9999	1.47005	-9999
7	9	29.3813	24.7488	29.2367	13.2867	17.6841	15.7078	0	8.9625	-9999	1.68148	-9999
7	10	24.7193	21.9355	29.18	13.52	11.6526	16.3588	10.1	8.6697	-9999	1.36285	-9999
7	11	15.4328	15.1263	20.3	12.19	5.26419	14.471	0.6	8.54167	-9999	0.687775	-9999
7	12	25.4112	19.1247	23.71	13.3	11.0846	14.3506	0.4	8.64167	-9999	1.50133	-9999
7	13	18.5932	19.545	24.6333	15.2367	8.45975	14.6932	1.1	8.61806	-9999	1.18731	-9999
7	14	13.1141	18.3003	21.32	15.6433	3.55852	15.3282	2.3	8.63264	-9999	0.812687	-9999
7	15	4.4669	16.5624	18.5933	14.7567	2.12125	14.9826	0	8.57569	-9999	0.203629	-9999
7	16	8.81121	18.0285	24.08	15.56	2.58929	15.3314	22.6	8.84097	-9999	0.737192	-9999
7	17	5.64238	16.6563	18.07	11.81	0.93447	15.3832	7.4	10.2535	-9999	0.290926	-9999
7	18	6.84349	14.2865	16.3067	11.8633	2.00266	14.5893	0	10.6965	-9999	0.289415	-9999
7	19	14.712	13.3647	17.6067	10.8867	2.56874	13.6359	0.3	10.5833	-9999	0.911292	-9999
7	20	14.848	15.7367	20.0667	12.54	4.2431	13.9053	0.1	10.5576	-9999	1.18153	-9999
7	21	22.1561	18.8411	24.7933	13.41	8.48337	14.643	1.1	10.2986	-9999	2.50821	-9999
7	22	14.6244	14.2276	16.4333	12.2767	5.59618	13.8108	0	9.83958	-9999	2.05887	-9999
7	23	11.6735	15.3283	18.33	10.8733	6.59515	13.3685	0	9.57847	-9999	1.4957	-9999
7	24	10.7389	15.0991	18.7033	12.37	3.46243	13.7215	7	9.39514	-9999	1.21717	-9999
7	25	14.093	13.2212	15.3933	11.0633	4.16117	13.0472	0.3	9.27917	-9999	1.92897	-9999
7	26	6.36239	13.6956	15.99	11.6567	3.08543	12.7819	0.2	9.22778	-9999	0.665355	-9999
7	27	9.50504	16.8372	20.6933	13.89	3.71834	13.7498	0.8	9.41736	-9999	1.5283	-9999
7	28	27.52	21.6217	26.8633	15.61	12.4764	14.8312	0.1	9.22708	-9999	3.54857	-9999
7	29	25.7544	25.0223	29.8533	19.9267	16.6678	16.2581	0	8.95556	-9999	2.9847	-9999
7	30	25.7741	24.8231	28.7833	21.1233	16.9157	16.8857	0	8.61667	-9999	2.98597	-9999
7	31	22.2968	23.8075	27.9333	17.54	12.4718	17.1468	0.1	8.35903	-9999	2.60521	-9999
8	1	8.82567	20.3132	25.8767	17.52	5.45521	16.8468	9.5	8.34028	-9999	1.35757	-9999
8	2	17.7001	18.4687	21.3867	15.5467	5.30449	16.2318	6.1	8.575	-9999	2.97768	-9999
8	3	24.1796	20.278	24.71	15.27	10.5415	15.8094	0	8.48611	-9999	2.6816	-9999
8	4	12.0418	18.0294	22.13	14.2633	6.17522	15.6286	1.5	8.36667	-9999	1.92907	-9999
8	5	11.296	16.3797	20.0067	14.33	3.14658	15.2276	1.1	8.28125	-9999	2.45345	-9999
8	6	13.7167	17.6244	21.0167	13.6633	7.30004	14.7119	0.5	8.30625	-9999	1.76089	-9999
8	7	13.4145	17.551	20.4933	14.8533	4.36658	15.1245	0.9	8.35603	-9999	1.62772	-9999
8	8	13.931	17.01	21.16	14.8167	3.488	15.2296	20.6	-9999	-9999	1.96034	-9999
8	9	13.4476	17.6808	21.99	14.0567	5.00068	15.0153	0.4	-9999	-9999	2.15083	-9999
8	10	18.1468	20.0906	23.9733	16.09	8.22814	15.4317	0.1	-9999	-9999	2.37223	-9999
8	11	15.4823	19.2561	22.7467	15.59	6.09608	15.6908	6.3	-9999	-9999	2.34911	-9999
8	12	0.950308	15.7368	17.6346	14.25	0.708403	15.3605	199.4	-9999	-9999	0.30686	-9999
8	13	2.12743	16.013	17.096	14.8038	1.11409	15.1299	51.8809	-9999	-9999	2.33197	-9999
8	14	7.15781	16.2768	18.692	14.57	2.18275	14.4924	-9999	-9999	-9999	1.30767	-9999
8	15	18.222	18.4567	22.5967	15.4033	5.17059	15.213	-9999	-9999	-9999	2.26241	-9999
8	16	21.483	19.4367	22.6867	16.1833	6.41588	15.8814	-9999	12.7583	-9999	2.66738	-9999
8	17	17.7662	20.379	24.9933	16.9733	7.48922	16.1762	-9999	12.5139	-9999	2.31154	-9999
8	18	20.4761	21.9053	25.7267	18.6067	9.79032	16.5051	0.1	12.1826	-9999	2.87008	-9999
8	19	21.2678	22.6315	26.91	18.3367	12.0257	16.8534	0	11.7722	-9999	3.31346	-9999
8	20	21.5188	22.2726	26.11	14.8933	12.5094	16.841	0	11.3604	-9999	3.12483	-9999
8	21	19.7403	19.8414	23.7133	15.2767	9.01114	16.3569	0	10.875	-9999	2.43806	-9999
8	22	18.3133	17.9279	21.91	13.9533	5.84602	15.7792	1.5	10.5113	-9999	2.0103	-9999
8	23	21.0043	20.5087	24.61	16.8167	10.0278	15.8185	0.1	10.2833	-9999	3.01403	-9999
8	24	18.2161	21.5433	24.7767	17.67	11.2177	16.1319	0	10.0007	-9999	2.8022	-9999
8	25	14.6286	21.0826	23.91	17.6067	8.30891	16.534	0.2	9.77014	-9999	1.53016	-9999
8	26	19.969	21.7016	26.2733	17.3033	10.9195	16.5408	0	9.53819	-9999	2.71295	-9999
8	27	18.3312	21.4827	25.8	17.55	10.6789	16.5294	0	9.21736	-9999	2.65624	-9999
8	28	19.4903	20.0185	23.3633	16.5233	6.57497	16.5974	0	9.0125	-9999	2.02786	-9999
8	29	14.2458	19.6354	23.0233	16.3233	5.26805	16.3711	0	8.90764	-9999	1.3321	-9999
8	30	13.3106	20.1303	23.1567	16.15	6.05132	16.5069	0.1	8.95347	-9999	1.30464	-9999
8	31	12.2092	20.3166	25.0167	13.4567	6.79775	16.6624	43.6	9.62222	-9999	1.80498	-9999
9	1	12.0388	14.5732	16.5833	12.8767	4.60593	15.3963	3.5	11.9681	-9999	1.41275	-9999
9	2	20.0504	14.7657	17.9533	11.6433	6.86454	13.9288	0	11.6146	-9999	1.56911	-9999
9	3	16.9817	16.2838	21.3033	11.0467	6.948	13.9144	0	11.2604	-9999	1.32447	-9999
9	4	19.2551	19.4659	24.2433	13.8533	9.53384	14.9072	0.2	10.8979	-9999	2.55996	-9999
9	5	5.01457	16.0794	19.3133	13.53	4.61014	14.7599	3.1	10.6097	-9999	1.09342	-9999
9	6	13.182	15.7581	19.0267	12.82	4.47911	14.2553	0	10.9535	-9999	1.66191	-9999
9	7	15.0484	17.7253	21.1633	14.4133	7.42859	14.4815	0.1	10.7542	-9999	2.20773	-9999
9	8	17.9126	19.3254	23.3933	15.4033	9.66224	14.7779	0	10.4181	-9999	2.06933	-9999
9	9	18.0524	19.6165	24.7567	12.5033	8.92518	15.0854	0	10.0535	-9999	2.05422	-9999
9	10	15.042	17.6802	23.4333	12.4933	6.18801	15.2304	5.3	9.68889	-9999	2.04497	-9999
9	11	8.3563	14.4369	17.6933	11.2333	3.00161	14.3576	0	9.51458	-9999	1.48356	-9999
9	12	19.5543	13.0331	16.7633	8.74333	6.49274	13.1126	0.1	9.26389	-9999	1.60305	-9999
9	13	18.483	13.6386	16.8733	10.35	7.73433	12.1723	0	9.43125	-9999	1.71646	-9999
9	14	12.1108	13.2045	17.2067	9.09667	2.98093	12.6623	7.3	9.20556	-9999	0.898785	-9999
9	15	7.59624	10.0748	13.41	7.84667	2.26135	12.0825	4.5	9.51875	-9999	1.81734	-9999
9	16	11.5945	9.80243	12.25	7.07333	2.89517	11.2769	0.4	10.1854	-9999	1.07999	-9999
9	17	6.68151	11.4204	13.2233	9.26	1.71555	11.6079	2.3	10.5403	-9999	1.04673	-9999
9	18	6.95572	12.2212	13.96	10.89	3.07558	12.0421	0.4	10.759	-9999	0.964723	-9999
9	19	12.1505	12.7905	15.2267	10.51	4.40038	11.8881	0	10.5465	-9999	1.31083	-9999
9	20	6.75549	12.4669	14.1067	10.0467	3.71442	12.0305	0	10.2403	-9999	0.924689	-9999
9	21	8.08307	11.2099	13.55	8.89333	2.9096	11.7985	0	9.95486	-9999	0.963863	-9999
9	22	6.6432	9.67083	12.9267	4.95967	1.70774	11.2464	4.9	9.81319	-9999	1.15085	-9999
9	23	1.99451	7.55322	9.40333	5.34667	0.586664	10.6549	2.9	10.0965	-9999	0.469018	-9999
9	24	14.5428	5.37097	8.56667	0.973333	2.58942	8.88097	0	11.8785	-9999	1.2406	-9999
9	25	4.70833	6.08326	7.92	4.193	2.20257	8.78667	0	11.7792	-9999	0.72503	-9999
9	26	2.49836	7.99565	9.56	6.131	0.887722	9.1709	7.1	12.3785	-9999	0.377636	-9999
9	27	6.94159	7.34727	8.3	6.55967	1.49172	9.32826	10.8	13.6639	-9999	1.56409	-9999
9	28	12.2922	7.54556	10.7567	4.98333	2.71076	8.92806	0.3	13.291	-9999	1.06214	-9999
9	29	7.22699	9.71236	12.06	7.04667	2.61098	9.34701	0	12.8313	-9999	0.50782	-9999
9	30	10.5405	11.1362	14.4167	8.43	3.61496	9.66757	0.1	12.5854	-9999	1.07464	-9999
10	1	12.5304	11.6606	15.1733	8.87	4.73777	9.9366	0	12.3076	-9999	1.19132	-9999
10	2	10.5204	12.4726	16.7133	9.85667	4.6114	10.3605	0	11.9043	-9999	0.922134	-9999
10	3	7.87837	12.7753	15.9567	9.43667	3.38587	10.8576	0.1	-9999	-9999	0.560761	-9999
10	4	8.07347	11.1847	13.1433	8.76333	2.28079	11.1824	3.2	-9999	-9999	0.749204	-9999
10	5	7.64491	9.22908	11.6067	3.269	2.16698	10.2475	5.2	-9999	-9999	0.856939	-9999
10	6	4.47492	8.00915	10.6833	2.16967	0.759347	9.96507	16.8	-9999	-9999	0.562071	-9999
10	7	5.204	3.54881	5.521	2.59967	0.832211	8.09333	7	-9999	-9999	0.45201	-9999
10	8	4.79	2.89756	4.73967	-0.0683333	0.68301	6.90797	3	-9999	-9999	0.368282	-9999
10	9	3.93272	5.52987	7.42	1.907	0.986078	7.4238	0.4	-9999	-9999	0.561927	-9999
10	10	5.02144	3.92408	6.98933	1.18367	1.32847	6.9684	0	-9999	-9999	0.419761	-9999
10	11	7.77863	2.36039	5.328	-0.776	2.0545	5.9558	0	-9999	-9999	0.620952	-9999
10	12	2.48538	0.584556	1.83633	-1.622	1.20554	5.16547	0	-9999	-9999	0.240742	-9999
10	13	1.87186	0.218132	9.87333	-0.671	0.540507	4.91986	0.4	-9999	-9999	0.173323	-9999
10	14	7.53159	6.84004	11.8833	0.00533333	2.15444	5.88485	0.1	-9999	-9999	0.494021	-9999
10	15	5.87693	10.6255	13.23	9.17	3.68584	7.85944	2.4	-9999	-9999	0.861041	-9999
10	16	2.88862	12.5569	14.2833	6.59367	2.4891	9.28785	4.9	-9999	-9999	0.981522	-9999
10	17	3.52494	11.3749	13.3767	4.68133	3.3046	9.85861	2	-9999	-9999	1.16875	-9999
10	18	5.31868	5.94767	8.22667	3.16567	2.23965	8.15103	0.1	-9999	-9999	0.815249	-9999
10	19	5.63517	4.24029	5.86933	2.21733	1.5912	6.9029	6.4	-9999	-9999	1.17331	-9999
10	20	7.67355	4.02897	10.8267	1.454	2.16723	6.21301	0.7	-9999	-9999	0.719707	-9999
10	21	2.73613	7.02447	11.1767	2.91033	2.53156	6.31474	5.5	-9999	-9999	0.732306	-9999
10	22	3.26464	11.0883	12.5067	6.51367	1.83443	8.34306	6.5	-9999	-9999	0.837795	-9999
10	23	6.7149	11.3965	14.6233	3.643	4.09774	9.1139	0.3	16.7	-9999	1.15124	-9999
10	24	7.31777	5.33465	11.65	3.082	2.52872	7.54563	4	17.509	-9999	1.1069	-9999
10	25	7.87755	7.41771	11.2767	2.99067	2.40825	6.90666	4.6	17.3625	-9999	0.911714	-9999
10	26	5.09051	9.49757	11.9367	7.70667	4.25358	7.94278	1.9	17.5844	-9999	1.75741	-9999
10	27	1.58668	8.98716	13.24	3.82367	3.07234	7.83605	7.9	17.6222	-9999	1.74109	-9999
10	28	8.15449	5.84468	8.61667	3.14933	2.4907	7.32646	7.3	-9999	-9999	1.06461	-9999
10	29	5.43467	5.67977	7.59667	3.71833	2.38396	6.63576	0	-9999	-9999	0.882093	-9999
10	30	1.99113	6.04628	8.27667	5.19233	2.08671	6.80353	0.8	19.0844	-9999	0.422541	-9999
10	31	7.33703	6.25748	9.16667	4.132	2.3808	6.73202	1.5	18.4674	-9999	0.557463	-9999
11	1	5.52246	6.69618	9.95333	1.283	1.98422	6.80407	0.4	18.0139	-9999	0.437358	-9999
11	2	1.17094	6.37376	9.61	1.83333	0.871666	7.48902	7.1	19.5861	-9999	0.497913	-9999
11	3	4.0659	1.40837	3.83133	-1.58333	1.11945	5.47416	9.6	20.7	-9999	0.569607	-9999
11	4	0.973441	0.362764	3.87467	-2.74233	0.397335	4.83878	0.9	21.2569	-9999	0.219558	-9999
11	5	4.17016	-1.70568	-0.164	-2.86567	0.592346	3.56588	0	21.6021	-9999	0.78256	-9999
11	6	8.20741	-1.97846	1.03333	-3.97333	0.443097	2.80144	0	20.7809	-9999	0.286714	-9999
11	7	7.3139	-1.91447	2.74433	-5.36267	0.365457	2.22094	0.1	-9999	-9999	0.162659	-9999
11	8	2.63503	2.27215	4.09767	0.323	1.00648	2.83081	2.2	-9999	-9999	0.488406	-9999
11	9	4.49178	2.57165	5.74233	0.664333	1.10854	3.51723	17.6	-9999	-9999	1.29447	-9999
11	10	3.28188	1.62718	5.429	0.13	1.06013	3.60255	0.1	-9999	-9999	0.521146	-9999
11	11	1.76471	4.13775	6.69433	1.39633	1.12412	3.85724	7.4	-9999	-9999	0.720777	-9999
11	12	6.33718	7.08734	9.8	5.57467	2.11407	5.26322	0	22.9826	-9999	0.512672	-9999
11	13	4.41158	8.0219	10.65	6.58267	3.8287	5.69867	0	22.3743	-9999	0.526889	-9999
11	14	5.34645	6.95477	12.04	3.84167	2.98798	5.70803	0	21.7229	-9999	0.234897	-9999
11	15	3.31991	9.23418	13.3767	5.48967	3.28995	6.35772	0.2	21.0965	-9999	0.317205	-9999
11	16	3.15345	11.6418	15.2267	5.85867	4.34214	7.28942	0	20.3493	-9999	0.345715	-9999
11	17	2.92818	9.26257	13.1033	5.97933	3.81315	7.76937	0.3	20.1125	-9999	0.524878	-9999
11	18	3.6106	7.11615	10.8367	0.641333	2.61763	6.66628	1.2	20.7042	-9999	0.257876	-9999
11	19	0.20787	4.19362	6.123	0.878667	0.446403	6.26272	34.8	24.7507	-9999	0.651755	-9999
11	20	4.67265	0.920069	3.963	-0.744333	0.813866	4.75774	0	24.7083	-9999	0.650479	-9999
11	21	6.14994	4.54317	9.76	2.33033	1.85044	4.61574	0.9	23.8804	-9999	0.277232	-9999
11	22	2.11771	4.17198	5.77733	2.926	1.07088	4.7487	3.6	-9999	-9999	0.137184	-9999
11	23	1.62591	5.0193	5.946	3.62633	0.917769	5.19124	13.4	-9999	-9999	0.208894	-9999
11	24	4.70336	5.87084	8.65	4.15233	2.42979	5.07572	0.1	-9999	-9999	0.391369	-9999
11	25	2.63438	7.55105	10.1733	5.06367	2.43814	5.55423	0	-9999	-9999	0.227738	-9999
11	26	1.53998	7.9337	8.98	5.08167	2.3286	6.25437	0.1	24.2542	-9999	0.282143	-9999
11	27	1.00836	5.5193	8.3	4.90033	0.884366	6.24475	0.3	24.1625	-9999	0.0758293	-9999
11	28	2.09441	7.03315	8.96	5.14933	1.75089	6.28867	0	23.8514	-9999	0.263896	-9999
11	29	3.69457	6.5688	8.45	2.36067	1.88754	6.39191	0.3	23.9125	-9999	0.195518	-9999
11	30	0.493922	3.62053	5.399	1.97167	0.607696	5.76563	31.7	27.4063	-9999	0.0950242	-9999
12	1	2.66384	4.30293	5.94067	2.572	1.11126	5.1825	0.5	27.8121	-9999	0.446041	-9999
12	2	1.48406	3.11772	4.22433	1.75733	1.41182	4.6305	0.1	-9999	-9999	0.196807	-9999
12	3	1.40304	2.80971	4.55767	1.24867	0.855969	4.56531	0	-9999	-9999	0.0893043	-9999
12	4	0.801362	1.3179	1.751	-2.14333	0.402559	4.2983	0.1	-9999	-9999	0.090498	-9999
12	5	0.571559	-0.0998403	1.25967	-3.65667	0.377053	3.78825	0	-9999	-9999	0.102233	-9999
12	6	0.231003	-2.97646	-2.33833	-8.92667	0.355257	2.55644	0	25.6972	-9999	0.0768224	-9999
12	7	0.478918	-6.40878	-3.793	-10.84	0.323484	1.55767	0	24.6347	-9999	0.0206184	-9999
12	8	3.96235	-9.29732	-6.513	-11.2133	0.278177	0.4605	0.1	24.3931	-9999	0.121367	-9999
12	9	5.08762	-10.4725	-8.61667	-11.93	0.328343	-0.244951	0	23.2854	-9999	0.18423	-9999
12	10	6.29223	-8.18943	-5.377	-10.7333	0.355491	-0.767375	0	19.5368	-9999	0.113508	-9999
12	11	5.97404	-7.75504	-3.83	-11.1967	0.295619	-1.08362	0	16.7056	-9999	0.119163	-9999
12	12	4.51142	-7.40101	-5.19433	-8.97333	0.298582	-1.25738	0	14.5771	-9999	0.0669137	-9999
12	13	4.32036	-6.40669	-3.93133	-8.06	0.304981	-1.40591	0	11.9785	-9999	0.0184656	-9999
12	14	0.686515	-5.44813	-2.81033	-6.95333	0.325396	-1.26553	0	11.0896	-9999	0.0495499	-9999
12	15	0.921937	-4.2978	2.64	-6.90533	0.358401	-1.22422	0	10.9764	-9999	0.0520322	-9999
12	16	0.53195	0.390389	2.571	-2.668	0.946233	-0.791174	0.6	12.5694	-9999	0.0692119	-9999
12	17	0.563103	0.408778	2.66633	-2.443	0.54042	-0.531687	4	15.5944	-9999	0.139739	-9999
12	18	1.74038	-2.58663	-1.861	-3.71667	0.406603	-0.461694	0.6	17.8042	-9999	0.159775	-9999
12	19	1.47249	-2.08828	-0.022	-4.23367	0.515996	-0.444951	0.7	19.2944	-9999	0.21292	-9999
12	20	4.60319	-2.41534	-0.0236667	-5.579	0.535438	-0.503104	0	18.9528	-9999	0.3139	-9999
12	21	0.611715	-0.292424	0.565333	-1.68433	0.353293	-0.429403	0.5	19.8514	-9999	0.133375	-9999
12	22	1.57152	-1.00591	0.313333	-4.28067	0.626461	-0.4045	13.7	21.4799	-9999	0.253144	-9999
12	23	0.53686	-2.4726	0.16	-4.365	0.345697	-0.383125	5.2	27.9917	-9999	0.231752	-9999
12	24	1.51854	-3.51996	-0.193667	-5.30233	0.641871	-0.338306	0.3	25.9333	-9999	0.494393	-9999
12	25	3.4311	-0.974667	2.09	-2.81567	0.749773	-0.297375	0.3	25.1493	-9999	0.380121	-9999
12	26	4.04855	-0.408236	3.87833	-2.323	0.810445	-0.286014	1.1	24.7716	-9999	0.155135	-9999
12	27	1.23227	3.8395	6.46433	0.803667	1.81965	-0.25934	0.2	-9999	-9999	0.178638	-9999
12	28	2.01328	3.23763	5.33	-0.839667	2.13681	-0.231681	0.1	-9999	-9999	0.0183063	-9999
12	29	2.17892	4.34419	5.21733	-1.58167	1.51751	-0.159597	0.5	-9999	-9999	0.285522	-9999
12	30	0.603967	1.28254	4.36067	-9.2	0.463569	-0.0291528	34	-9999	-9999	0.17103	-9999
12	31	0.899459	-5.74531	2.602	-9.04	0.362237	0.131736	7.5	29.4014	-9999	0.0643933	-9999
