Month	n_days	Rg_f	Ta_f	Tmax	Tmin	VPD_f	Ts_f	Precip	SWC	LAI	ET	LITTERFALL
1	1	1.188562	1.802820	3.646910	0.460594	0.112821	-9999	9.844380	-9999	-9999	-9999	-9999
1	2	1.883477	0.254817	3.352390	-2.301830	0.631263	-9999	0.360294	-9999	-9999	-9999	-9999
1	3	3.377618	1.963190	5.154170	-1.491890	0.896359	-9999	0.002312	-9999	-9999	-9999	-9999
1	4	2.785674	2.205440	4.906890	-0.852760	0.567125	-9999	1.257680	-9999	-9999	-9999	-9999
1	5	2.713219	6.125390	8.868960	0.857476	1.095476	-9999	0.018198	-9999	-9999	-9999	-9999
1	6	3.194709	7.201810	9.748410	5.406820	1.099772	-9999	0.130982	-9999	-9999	-9999	-9999
1	7	1.052387	7.270870	9.501430	4.518820	0.889623	-9999	0.195256	-9999	-9999	-9999	-9999
1	8	2.530336	7.085750	10.144100	4.268700	1.172846	-9999	0.749496	-9999	-9999	-9999	-9999
1	9	2.346460	4.737910	7.698210	1.712390	0.937997	-9999	5.211960	-9999	-9999	-9999	-9999
1	10	1.610772	0.407954	3.652070	-2.291150	0.475630	-9999	8.215400	-9999	-9999	-9999	-9999
1	11	2.991799	-1.512120	1.634580	-3.966290	0.542724	-9999	1.291180	-9999	-9999	-9999	-9999
1	12	3.838847	-2.401400	3.144780	-6.111270	0.802270	-9999	0.040772	-9999	-9999	-9999	-9999
1	13	3.020717	0.017634	3.747100	-4.699650	1.016766	-9999	0.077914	-9999	-9999	-9999	-9999
1	14	1.991174	-1.151370	2.842530	-5.067150	0.323390	-9999	7.256930	-9999	-9999	-9999	-9999
1	15	3.242160	-4.357980	-1.112030	-6.114510	0.417222	-9999	1.464820	-9999	-9999	-9999	-9999
1	16	3.800097	-5.484960	-0.175354	-8.474830	0.730475	-9999	0.184926	-9999	-9999	-9999	-9999
1	17	3.447490	-0.426732	4.399440	-8.662210	1.213830	-9999	2.374180	-9999	-9999	-9999	-9999
1	18	2.689908	1.670560	3.640870	-0.241554	0.336659	-9999	13.779000	-9999	-9999	-9999	-9999
1	19	2.009094	-1.252780	2.860260	-3.428930	0.350596	-9999	4.105230	-9999	-9999	-9999	-9999
1	20	2.160346	2.225430	4.746670	-3.066660	0.183738	-9999	12.952700	-9999	-9999	-9999	-9999
1	21	1.945901	2.291010	4.336700	0.383324	0.127565	-9999	15.207300	-9999	-9999	-9999	-9999
1	22	2.335461	0.138301	3.196690	-2.610970	0.492924	-9999	3.386040	-9999	-9999	-9999	-9999
1	23	3.156365	1.755060	4.450900	-0.899513	0.526942	-9999	7.236650	-9999	-9999	-9999	-9999
1	24	1.929442	-0.991124	2.028410	-3.640140	0.354594	-9999	4.385420	-9999	-9999	-9999	-9999
1	25	3.079210	-3.081360	-0.530304	-5.719370	0.406754	-9999	6.288380	-9999	-9999	-9999	-9999
1	26	4.632155	-4.893620	-1.387450	-7.792910	0.468248	-9999	0.883030	-9999	-9999	-9999	-9999
1	27	2.107693	-0.880132	1.833650	-5.022560	0.450573	-9999	12.555700	-9999	-9999	-9999	-9999
1	28	1.349058	-4.223480	-0.065216	-6.554910	0.550785	-9999	2.570600	-9999	-9999	-9999	-9999
1	29	2.250590	-6.703010	-4.627960	-8.181650	0.547261	-9999	1.558450	-9999	-9999	-9999	-9999
1	30	2.137778	-5.808840	-3.624760	-7.598670	0.443790	-9999	3.772340	-9999	-9999	-9999	-9999
1	31	3.880181	-4.080630	-0.364624	-8.565560	0.412100	-9999	1.894150	-9999	-9999	-9999	-9999
2	1	3.961207	-4.844340	-0.808997	-8.253630	0.500055	-9999	0.227661	-9999	-9999	-9999	-9999
2	2	5.233784	-3.484870	1.087340	-7.787840	1.246368	-9999	0.000000	-9999	-9999	-9999	-9999
2	3	5.672385	-0.993416	3.235650	-5.710450	1.243561	-9999	0.000000	-9999	-9999	-9999	-9999
2	4	5.733081	-1.037540	2.792720	-3.848570	0.657776	-9999	0.311547	-9999	-9999	-9999	-9999
2	5	2.147610	-2.776100	0.837335	-5.075680	0.466226	-9999	7.862700	-9999	-9999	-9999	-9999
2	6	1.592637	-3.285010	-1.305520	-5.146180	0.497480	-9999	10.059200	-9999	-9999	-9999	-9999
2	7	1.298385	-5.274600	-2.247140	-6.815430	0.417311	-9999	5.888580	-9999	-9999	-9999	-9999
2	8	2.522223	-7.142340	-4.270730	-9.995020	0.395611	-9999	5.072480	-9999	-9999	-9999	-9999
2	9	3.862486	-10.279200	-5.585030	-14.845200	0.399325	-9999	3.618650	-9999	-9999	-9999	-9999
2	10	4.952284	-5.905650	0.013879	-15.201400	0.368754	-9999	13.247000	-9999	-9999	-9999	-9999
2	11	2.015410	-0.483864	1.925380	-2.502530	0.239042	-9999	15.354400	-9999	-9999	-9999	-9999
2	12	5.400371	0.880303	3.401090	-1.572780	0.397476	-9999	1.798600	-9999	-9999	-9999	-9999
2	13	1.776721	0.778740	2.709040	-0.835326	0.453430	-9999	15.112800	-9999	-9999	-9999	-9999
2	14	3.224448	1.085320	3.067320	-1.693480	0.184730	-9999	5.192210	-9999	-9999	-9999	-9999
2	15	6.865767	3.148830	5.895680	-0.644133	1.180706	-9999	0.018440	-9999	-9999	-9999	-9999
2	16	2.648039	0.892967	5.880790	-2.551050	0.226669	-9999	0.837921	-9999	-9999	-9999	-9999
2	17	5.596629	-0.541084	2.831320	-4.433470	0.355628	-9999	0.751607	-9999	-9999	-9999	-9999
2	18	3.629621	-0.234901	2.691280	-3.481290	0.574101	-9999	1.501820	-9999	-9999	-9999	-9999
2	19	7.766531	2.521660	7.259150	-3.474150	2.895614	-9999	0.000000	-9999	-9999	-9999	-9999
2	20	7.419556	2.115290	4.497160	0.155000	0.722424	-9999	1.056630	-9999	-9999	-9999	-9999
2	21	2.825133	-0.204780	3.115170	-2.610500	0.438309	-9999	3.041280	-9999	-9999	-9999	-9999
2	22	5.206818	-0.614387	2.373710	-3.338010	0.509586	-9999	2.854250	-9999	-9999	-9999	-9999
2	23	2.747468	-2.514960	0.285242	-4.941370	0.321371	-9999	7.169020	-9999	-9999	-9999	-9999
2	24	5.539649	-4.481700	-1.033880	-7.891940	0.496613	-9999	1.297580	-9999	-9999	-9999	-9999
2	25	5.981601	-2.750040	0.705377	-7.892120	0.387412	-9999	2.269770	-9999	-9999	-9999	-9999
2	26	4.804333	-4.490550	-0.474463	-9.129210	0.465258	-9999	1.335460	-9999	-9999	-9999	-9999
2	27	9.252317	-6.578190	-1.015170	-12.389300	0.461309	-9999	0.338579	-9999	-9999	-9999	-9999
2	28	6.859089	-0.544807	2.508540	-7.027950	0.339254	-9999	5.442190	-9999	-9999	-9999	-9999
3	1	9.045044	4.176610	6.457050	1.817970	0.796368	-9999	5.043860	-9999	-9999	-9999	-9999
3	2	2.460404	-1.188380	5.303430	-2.841820	0.576786	-9999	13.152700	-9999	-9999	-9999	-9999
3	3	4.312898	0.081852	2.548000	-2.831140	0.500705	-9999	7.492910	-9999	-9999	-9999	-9999
3	4	9.204365	3.415500	5.791590	-0.735800	0.697478	-9999	4.911670	-9999	-9999	-9999	-9999
3	5	0.853077	5.068030	6.458950	3.228920	0.256501	-9999	15.528900	-9999	-9999	-9999	-9999
3	6	7.002582	4.427340	6.773640	1.128640	1.311471	-9999	5.101970	-9999	-9999	-9999	-9999
3	7	6.442209	3.168640	5.262050	0.340738	0.465539	-9999	12.775500	-9999	-9999	-9999	-9999
3	8	3.416601	-0.410366	4.564990	-1.980030	0.624389	-9999	8.594090	-9999	-9999	-9999	-9999
3	9	4.854643	0.802524	3.288840	-2.096760	0.432401	-9999	9.603140	-9999	-9999	-9999	-9999
3	10	6.892491	3.301060	6.367760	-1.310380	0.621825	-9999	19.393600	-9999	-9999	-9999	-9999
3	11	4.527420	-2.469850	6.183950	-7.601060	0.765828	-9999	10.652200	-9999	-9999	-9999	-9999
3	12	6.377581	-5.759670	-3.431250	-8.038350	0.599785	-9999	3.338530	-9999	-9999	-9999	-9999
3	13	6.864808	-1.023620	2.070610	-6.836940	0.511205	-9999	15.420200	-9999	-9999	-9999	-9999
3	14	6.325154	-2.302210	1.474110	-3.959490	0.509934	-9999	15.034900	-9999	-9999	-9999	-9999
3	15	4.131769	-1.123500	1.441180	-3.960740	0.466119	-9999	12.984200	-9999	-9999	-9999	-9999
3	16	12.293252	0.989200	6.682700	-5.016130	0.979038	-9999	0.000000	-9999	-9999	-9999	-9999
3	17	12.536554	2.908240	6.142080	-0.297659	1.131944	-9999	0.000000	-9999	-9999	-9999	-9999
3	18	12.251002	4.006500	6.116110	0.651896	0.494388	-9999	0.000005	-9999	-9999	-9999	-9999
3	19	12.024461	5.249090	7.029530	2.903020	0.899659	-9999	0.000001	-9999	-9999	-9999	-9999
3	20	12.273551	5.242370	6.910760	3.463820	1.009088	-9999	0.016916	-9999	-9999	-9999	-9999
3	21	9.555149	5.096470	6.570270	3.778390	0.642727	-9999	0.343286	-9999	-9999	-9999	-9999
3	22	10.357632	4.871310	6.648860	3.360240	0.558838	-9999	0.053634	-9999	-9999	-9999	-9999
3	23	13.450148	4.196020	7.407650	1.388010	0.792121	-9999	0.609654	-9999	-9999	-9999	-9999
3	24	7.569789	4.373080	8.272910	2.082010	0.829478	-9999	13.449900	-9999	-9999	-9999	-9999
3	25	8.266078	6.121950	11.348000	1.712020	1.004985	-9999	2.601330	-9999	-9999	-9999	-9999
3	26	6.562028	4.778600	8.447230	2.497840	0.761832	-9999	4.323900	-9999	-9999	-9999	-9999
3	27	9.539078	5.196410	9.495020	2.652930	0.949888	-9999	1.358490	-9999	-9999	-9999	-9999
3	28	7.718674	5.242040	9.532130	2.547340	0.769286	-9999	3.583710	-9999	-9999	-9999	-9999
3	29	6.602481	3.134740	6.305810	0.436747	0.670783	-9999	16.822400	-9999	-9999	-9999	-9999
3	30	7.001000	-0.155483	2.733390	-2.237330	0.416674	-9999	9.796090	-9999	-9999	-9999	-9999
3	31	5.570156	-1.455870	1.333490	-3.658560	0.397576	-9999	6.247210	-9999	-9999	-9999	-9999
4	1	7.941983	-1.580130	1.911470	-5.259010	0.375994	-9999	8.245060	-9999	-9999	-9999	-9999
4	2	7.629872	-0.512228	2.741430	-4.330730	0.340028	-9999	5.056120	-9999	-9999	-9999	-9999
4	3	9.679565	0.847086	3.188170	-3.005170	0.245688	-9999	0.391047	-9999	-9999	-9999	-9999
4	4	10.265356	1.456950	3.448210	-0.857798	0.453701	-9999	0.145420	-9999	-9999	-9999	-9999
4	5	16.705613	2.462290	8.432860	-2.327980	1.773212	-9999	0.002787	-9999	-9999	-9999	-9999
4	6	16.865367	3.053780	9.553560	-1.599100	2.575063	-9999	0.000000	-9999	-9999	-9999	-9999
4	7	17.130614	0.550913	5.748110	-3.884350	1.462361	-9999	0.000106	-9999	-9999	-9999	-9999
4	8	11.084515	-0.702932	4.009100	-4.684210	1.256431	-9999	0.298186	-9999	-9999	-9999	-9999
4	9	17.788118	1.211470	7.775270	-5.406530	1.926107	-9999	0.000000	-9999	-9999	-9999	-9999
4	10	16.728682	5.185310	11.916500	-2.435920	2.719084	-9999	0.000000	-9999	-9999	-9999	-9999
4	11	18.121795	8.415290	17.084700	2.514390	5.103306	-9999	0.000000	-9999	-9999	-9999	-9999
4	12	18.397756	9.964370	19.404300	3.989950	5.360108	-9999	0.000000	-9999	-9999	-9999	-9999
4	13	16.896384	9.268930	15.947600	5.157460	4.321231	-9999	0.402155	-9999	-9999	-9999	-9999
4	14	13.855277	7.228340	12.679300	3.490470	1.946496	-9999	0.874361	-9999	-9999	-9999	-9999
4	15	9.096451	1.872600	6.340910	-0.610819	0.880180	-9999	10.669000	-9999	-9999	-9999	-9999
4	16	11.794032	3.521310	7.591250	-1.108070	1.151801	-9999	2.804250	-9999	-9999	-9999	-9999
4	17	8.139761	1.723400	5.081730	-2.393350	0.986538	-9999	6.343760	-9999	-9999	-9999	-9999
4	18	11.847600	-0.994070	2.714110	-4.499950	1.016724	-9999	1.458030	-9999	-9999	-9999	-9999
4	19	12.246682	-0.011587	2.665500	-3.976330	1.079841	-9999	0.948995	-9999	-9999	-9999	-9999
4	20	12.653107	2.126750	6.214630	-1.618230	1.043081	-9999	1.157710	-9999	-9999	-9999	-9999
4	21	10.737274	4.869880	9.247800	0.753134	1.554327	-9999	1.369810	-9999	-9999	-9999	-9999
4	22	13.707187	5.360090	9.826050	1.565270	1.765347	-9999	2.025320	-9999	-9999	-9999	-9999
4	23	9.995011	3.840190	7.400640	0.203970	1.161601	-9999	1.489850	-9999	-9999	-9999	-9999
4	24	10.944374	5.962530	10.884800	1.853170	1.629238	-9999	0.084845	-9999	-9999	-9999	-9999
4	25	8.626901	5.426030	8.236090	1.932670	1.463899	-9999	3.784260	-9999	-9999	-9999	-9999
4	26	18.729274	7.343730	12.020200	0.764272	1.791336	-9999	11.807300	-9999	-9999	-9999	-9999
4	27	9.164016	3.006780	6.621890	0.456869	0.696054	-9999	10.829300	-9999	-9999	-9999	-9999
4	28	14.729213	3.992810	8.171750	0.886587	1.282628	-9999	1.816030	-9999	-9999	-9999	-9999
4	29	2.915551	3.476080	5.471010	1.092950	0.281745	-9999	14.962000	-9999	-9999	-9999	-9999
4	30	1.113178	7.281750	10.749300	1.989520	0.213209	-9999	20.874400	-9999	-9999	-9999	-9999
5	1	10.667117	9.476740	13.571800	5.145700	1.629435	-9999	2.098640	-9999	-9999	-9999	-9999
5	2	13.787280	9.442990	14.423400	5.138500	1.909551	-9999	0.689705	-9999	-9999	-9999	-9999
5	3	20.995373	11.041900	16.327600	4.841530	2.508261	-9999	0.000000	-9999	-9999	-9999	-9999
5	4	16.447795	11.891100	16.440600	7.987740	2.312178	-9999	0.169916	-9999	-9999	-9999	-9999
5	5	20.189693	12.159700	19.269500	6.465670	2.896145	-9999	0.007761	-9999	-9999	-9999	-9999
5	6	16.860010	12.175600	19.878400	5.674900	2.529785	-9999	0.754066	-9999	-9999	-9999	-9999
5	7	9.394359	10.754100	16.555400	5.516610	1.603138	-9999	13.248700	-9999	-9999	-9999	-9999
5	8	16.959283	7.523650	12.243800	3.882090	2.711527	-9999	0.288965	-9999	-9999	-9999	-9999
5	9	19.121702	11.657000	17.748100	3.741040	3.504416	-9999	2.558870	-9999	-9999	-9999	-9999
5	10	6.958345	9.775050	14.303500	6.262490	1.154176	-9999	5.644370	-9999	-9999	-9999	-9999
5	11	17.371844	13.087200	18.859700	5.421700	2.695843	-9999	0.651189	-9999	-9999	-9999	-9999
5	12	3.734268	9.866690	12.591300	6.727270	0.991975	-9999	4.390240	-9999	-9999	-9999	-9999
5	13	13.644893	11.796200	16.320200	5.674540	2.242943	-9999	0.288709	-9999	-9999	-9999	-9999
5	14	14.482540	13.753900	19.145200	8.778510	2.446837	-9999	0.862288	-9999	-9999	-9999	-9999
5	15	19.782835	14.359200	20.237200	9.403510	2.934781	-9999	0.000012	-9999	-9999	-9999	-9999
5	16	5.431355	9.250850	11.874800	6.829470	1.393659	-9999	8.555030	-9999	-9999	-9999	-9999
5	17	10.032163	9.301840	13.036800	6.689490	1.775992	-9999	0.199707	-9999	-9999	-9999	-9999
5	18	8.208968	10.375600	13.505600	6.615240	1.559243	-9999	5.828010	-9999	-9999	-9999	-9999
5	19	3.628895	10.395400	13.544200	7.712650	1.041766	-9999	4.103190	-9999	-9999	-9999	-9999
5	20	15.143587	11.711400	16.448000	7.531710	2.175265	-9999	0.007170	-9999	-9999	-9999	-9999
5	21	17.960055	13.990700	19.308300	7.335610	2.540084	-9999	0.621702	-9999	-9999	-9999	-9999
5	22	16.471383	14.711000	20.343900	10.045700	3.071329	-9999	0.169094	-9999	-9999	-9999	-9999
5	23	2.309895	10.806800	12.844800	8.958290	0.606646	-9999	13.879200	-9999	-9999	-9999	-9999
5	24	2.728227	11.558300	14.336500	8.958440	0.401064	-9999	9.357280	-9999	-9999	-9999	-9999
5	25	11.615444	13.625200	19.427000	9.853220	1.725943	-9999	3.056980	-9999	-9999	-9999	-9999
5	26	16.479331	13.980000	19.271400	8.754950	2.649011	-9999	1.647550	-9999	-9999	-9999	-9999
5	27	11.492323	10.360700	14.744800	6.838750	2.148693	-9999	2.859120	-9999	-9999	-9999	-9999
5	28	16.050701	11.672300	15.485700	7.502690	2.449480	-9999	3.600310	-9999	-9999	-9999	-9999
5	29	8.945337	11.008200	14.045300	6.580210	2.017496	-9999	9.352560	-9999	-9999	-9999	-9999
5	30	8.651837	10.048600	12.412200	7.493510	1.588256	-9999	7.878320	-9999	-9999	-9999	-9999
5	31	17.920655	12.220800	16.552500	7.942880	3.604367	-9999	0.341217	-9999	-9999	-9999	-9999
6	1	20.264948	14.416100	20.210500	6.762270	3.229816	-9999	0.475194	-9999	-9999	-9999	-9999
6	2	20.852899	16.554800	22.208600	10.210300	3.798084	-9999	0.011607	-9999	-9999	-9999	-9999
6	3	20.614090	18.374700	25.382600	12.312000	4.515415	-9999	0.819159	-9999	-9999	-9999	-9999
6	4	3.908520	14.139400	17.236900	12.183000	0.798302	-9999	0.007515	-9999	-9999	-9999	-9999
6	5	10.240819	13.603800	17.360000	8.901370	2.570286	-9999	0.389327	-9999	-9999	-9999	-9999
6	6	3.579422	9.264320	14.346700	5.286530	1.022608	-9999	19.540600	-9999	-9999	-9999	-9999
6	7	9.772013	5.409770	8.643240	1.687470	1.727294	-9999	1.531220	-9999	-9999	-9999	-9999
6	8	23.976865	8.864810	14.486900	0.750063	2.639710	-9999	0.002585	-9999	-9999	-9999	-9999
6	9	22.709721	10.623800	16.295800	4.644810	3.106500	-9999	0.417986	-9999	-9999	-9999	-9999
6	10	22.904641	10.617200	16.540900	5.618040	2.622694	-9999	0.242517	-9999	-9999	-9999	-9999
6	11	22.968230	13.139700	18.671700	6.155730	2.725390	-9999	0.000000	-9999	-9999	-9999	-9999
6	12	22.082112	17.093400	24.000100	8.872990	3.905365	-9999	0.000000	-9999	-9999	-9999	-9999
6	13	14.145754	17.787400	24.174200	12.512000	2.954771	-9999	1.646300	-9999	-9999	-9999	-9999
6	14	16.962480	13.636800	21.635800	7.433170	3.890656	-9999	4.376900	-9999	-9999	-9999	-9999
6	15	9.152870	9.663550	13.189000	7.447760	1.411615	-9999	7.792320	-9999	-9999	-9999	-9999
6	16	11.573194	11.915700	16.032200	7.723790	1.762266	-9999	1.068730	-9999	-9999	-9999	-9999
6	17	11.812090	12.985200	16.746800	9.251560	1.645521	-9999	4.564900	-9999	-9999	-9999	-9999
6	18	11.370844	14.509400	19.270600	10.657400	1.886969	-9999	1.877130	-9999	-9999	-9999	-9999
6	19	8.308414	14.145500	17.411100	11.289800	2.171843	-9999	13.966700	-9999	-9999	-9999	-9999
6	20	3.647393	11.146400	13.076000	9.061130	1.424418	-9999	17.785400	-9999	-9999	-9999	-9999
6	21	10.705392	10.653700	14.388500	8.514250	1.697936	-9999	0.854247	-9999	-9999	-9999	-9999
6	22	14.900976	8.619150	11.857000	6.013950	2.188405	-9999	6.663750	-9999	-9999	-9999	-9999
6	23	13.934679	9.606910	14.078100	5.749760	1.546982	-9999	15.821900	-9999	-9999	-9999	-9999
6	24	6.247990	8.149820	10.629100	5.673490	0.989390	-9999	23.971500	-9999	-9999	-9999	-9999
6	25	7.842615	10.086500	13.219700	7.330630	1.221728	-9999	19.659700	-9999	-9999	-9999	-9999
6	26	4.786180	9.077370	10.801300	7.652190	0.820486	-9999	17.585300	-9999	-9999	-9999	-9999
6	27	5.769083	10.563700	14.017000	7.646980	0.833893	-9999	14.345700	-9999	-9999	-9999	-9999
6	28	16.809898	11.110500	14.983300	8.224220	2.379387	-9999	1.324810	-9999	-9999	-9999	-9999
6	29	15.465600	13.501700	18.252600	7.919310	2.556889	-9999	11.296100	-9999	-9999	-9999	-9999
6	30	3.824366	10.769700	12.919600	8.659340	1.121807	-9999	7.788150	-9999	-9999	-9999	-9999
7	1	13.181702	15.328900	18.936400	9.177120	2.217790	-9999	7.884470	-9999	-9999	-9999	-9999
7	2	16.017091	18.258300	23.843800	12.023200	3.896582	-9999	0.018792	-9999	-9999	-9999	-9999
7	3	19.076342	19.284900	26.440400	13.877900	3.631532	-9999	12.050400	-9999	-9999	-9999	-9999
7	4	10.790496	14.402300	17.666200	10.363800	2.196707	-9999	0.000000	-9999	-9999	-9999	-9999
7	5	15.928272	14.879700	19.310000	10.750600	3.064281	-9999	0.969543	-9999	-9999	-9999	-9999
7	6	5.959207	13.762400	17.304800	11.663800	0.945698	-9999	0.000263	-9999	-9999	-9999	-9999
7	7	23.911719	21.409500	29.092000	11.932600	8.408597	-9999	0.000000	-9999	-9999	-9999	-9999
7	8	19.623687	19.509100	29.896300	12.490000	5.427534	-9999	9.626770	-9999	-9999	-9999	-9999
7	9	18.906049	19.134000	25.394200	12.123100	4.580765	-9999	0.000000	-9999	-9999	-9999	-9999
7	10	14.799975	19.560300	25.221900	15.397100	3.397425	-9999	5.593510	-9999	-9999	-9999	-9999
7	11	19.356970	18.406600	25.549500	13.582900	5.419757	-9999	4.404910	-9999	-9999	-9999	-9999
7	12	18.461348	13.804400	20.723200	9.226930	3.342246	-9999	7.965410	-9999	-9999	-9999	-9999
7	13	13.967855	11.768800	15.487400	8.717770	3.128623	-9999	0.182183	-9999	-9999	-9999	-9999
7	14	19.400515	13.193300	17.955200	8.510350	3.302520	-9999	2.783840	-9999	-9999	-9999	-9999
7	15	18.129658	13.263100	17.896200	8.921390	3.528115	-9999	3.347180	-9999	-9999	-9999	-9999
7	16	12.648787	15.081600	20.720300	9.852750	2.864623	-9999	4.491890	-9999	-9999	-9999	-9999
7	17	21.173271	18.275700	25.126000	11.515700	4.465987	-9999	0.084819	-9999	-9999	-9999	-9999
7	18	21.052052	21.120100	28.619100	13.827600	6.098777	-9999	0.000000	-9999	-9999	-9999	-9999
7	19	19.930925	22.336800	29.580900	16.743300	7.468077	-9999	0.211825	-9999	-9999	-9999	-9999
7	20	3.279580	13.167100	20.043900	9.748230	2.549950	-9999	0.799621	-9999	-9999	-9999	-9999
7	21	6.875660	11.053100	13.872100	8.865630	1.963367	-9999	1.889850	-9999	-9999	-9999	-9999
7	22	3.430287	10.229500	12.251900	8.617220	1.116036	-9999	18.167500	-9999	-9999	-9999	-9999
7	23	8.201615	11.309300	15.953400	8.314450	1.079168	-9999	4.381900	-9999	-9999	-9999	-9999
7	24	22.601376	17.705600	23.787000	8.515960	5.621077	-9999	0.000000	-9999	-9999	-9999	-9999
7	25	21.976617	20.373800	27.126900	13.981000	7.024961	-9999	0.105337	-9999	-9999	-9999	-9999
7	26	10.989389	17.805900	25.364100	12.840000	2.834591	-9999	11.961900	-9999	-9999	-9999	-9999
7	27	9.729072	13.923600	18.023100	10.934800	1.816117	-9999	3.083390	-9999	-9999	-9999	-9999
7	28	17.128627	16.823000	21.166800	11.163800	4.090164	-9999	0.049504	-9999	-9999	-9999	-9999
7	29	18.839951	20.735600	27.537600	13.261700	5.087073	-9999	1.781110	-9999	-9999	-9999	-9999
7	30	9.044525	16.161200	19.210300	12.831600	2.542410	-9999	15.236200	-9999	-9999	-9999	-9999
7	31	5.259635	14.247000	16.702500	11.802200	1.995100	-9999	0.000000	-9999	-9999	-9999	-9999
8	1	16.680471	15.722500	21.158000	11.856800	2.949388	-9999	0.000000	-9999	-9999	-9999	-9999
8	2	21.437913	19.910700	27.799900	11.873100	5.857881	-9999	0.000000	-9999	-9999	-9999	-9999
8	3	14.538356	20.051900	26.443500	15.431300	3.787837	-9999	3.616200	-9999	-9999	-9999	-9999
8	4	16.809811	17.917800	27.169500	11.437300	4.364554	-9999	4.319020	-9999	-9999	-9999	-9999
8	5	13.483066	14.192500	18.675700	11.466200	3.297409	-9999	0.079870	-9999	-9999	-9999	-9999
8	6	20.889706	18.566400	24.857200	10.983400	4.542401	-9999	0.000000	-9999	-9999	-9999	-9999
8	7	19.053014	21.107300	28.054100	15.150600	5.538280	-9999	0.000000	-9999	-9999	-9999	-9999
8	8	19.901203	23.217300	30.935500	16.063800	8.942926	-9999	0.000000	-9999	-9999	-9999	-9999
8	9	20.467469	27.236300	35.759100	19.686800	18.580262	-9999	0.000000	-9999	-9999	-9999	-9999
8	10	20.255011	28.991900	37.614500	23.074800	24.337196	-9999	0.000000	-9999	-9999	-9999	-9999
8	11	20.348410	27.355100	35.891100	19.611400	17.223506	-9999	0.000000	-9999	-9999	-9999	-9999
8	12	11.785737	18.912700	23.007500	15.060100	5.725660	-9999	0.000000	-9999	-9999	-9999	-9999
8	13	17.957548	20.832600	27.206300	13.631900	7.291785	-9999	0.000000	-9999	-9999	-9999	-9999
8	14	10.981613	19.371400	24.661400	14.808200	4.053704	-9999	1.774040	-9999	-9999	-9999	-9999
8	15	19.788106	20.117500	26.865700	14.162000	6.850050	-9999	0.000000	-9999	-9999	-9999	-9999
8	16	19.745683	22.090200	30.387000	15.238500	12.073044	-9999	0.000000	-9999	-9999	-9999	-9999
8	17	16.549661	22.699000	30.172300	17.709600	10.139852	-9999	0.055293	-9999	-9999	-9999	-9999
8	18	18.079200	17.747900	24.414800	12.170000	7.550264	-9999	0.000000	-9999	-9999	-9999	-9999
8	19	18.481997	18.489000	25.733000	11.415300	8.576463	-9999	0.000000	-9999	-9999	-9999	-9999
8	20	9.865066	16.345600	22.997400	13.361300	4.296836	-9999	4.854140	-9999	-9999	-9999	-9999
8	21	7.007861	15.418700	19.034700	12.506200	3.280439	-9999	1.338030	-9999	-9999	-9999	-9999
8	22	18.667498	16.472100	23.152400	10.358300	5.106615	-9999	0.000000	-9999	-9999	-9999	-9999
8	23	18.630951	18.829700	27.540100	11.698700	7.833437	-9999	0.000000	-9999	-9999	-9999	-9999
8	24	15.539041	15.789400	27.670200	8.318680	5.705839	-9999	23.120900	-9999	-9999	-9999	-9999
8	25	12.462768	10.316900	13.876600	7.616170	2.471139	-9999	5.858770	-9999	-9999	-9999	-9999
8	26	16.992806	13.783600	20.218300	7.151570	3.685435	-9999	0.000704	-9999	-9999	-9999	-9999
8	27	13.633315	14.629700	20.120700	8.694350	2.973275	-9999	0.427523	-9999	-9999	-9999	-9999
8	28	7.774540	14.905300	19.555700	11.335300	2.466782	-9999	15.108400	-9999	-9999	-9999	-9999
8	29	2.782071	11.578700	14.939900	9.094500	1.057433	-9999	5.671200	-9999	-9999	-9999	-9999
8	30	16.848173	11.854100	18.225100	5.213300	2.741258	-9999	3.465200	-9999	-9999	-9999	-9999
8	31	14.100652	9.996990	15.921700	5.828320	1.965167	-9999	2.680010	-9999	-9999	-9999	-9999
9	1	5.716526	7.426770	9.752110	4.113780	1.202905	-9999	23.245200	-9999	-9999	-9999	-9999
9	2	11.524291	7.586020	10.907700	4.811780	1.550885	-9999	2.010290	-9999	-9999	-9999	-9999
9	3	7.706189	8.333450	10.891900	4.981700	1.407191	-9999	0.498897	-9999	-9999	-9999	-9999
9	4	3.232570	9.652360	12.191800	6.700660	0.926055	-9999	1.534560	-9999	-9999	-9999	-9999
9	5	11.804918	14.001900	18.408800	9.055150	1.496105	-9999	0.230992	-9999	-9999	-9999	-9999
9	6	8.364972	14.193200	18.848800	10.442900	2.388639	-9999	3.075690	-9999	-9999	-9999	-9999
9	7	7.599977	12.838200	16.125600	10.166000	1.734113	-9999	5.520520	-9999	-9999	-9999	-9999
9	8	9.097229	13.261600	17.288500	10.113100	1.953078	-9999	5.342790	-9999	-9999	-9999	-9999
9	9	7.991516	14.516900	17.804100	9.633770	2.000028	-9999	3.540820	-9999	-9999	-9999	-9999
9	10	2.404287	13.789700	15.955000	11.420700	1.053034	-9999	23.049600	-9999	-9999	-9999	-9999
9	11	7.660708	12.906400	15.992800	9.901590	1.768711	-9999	2.216600	-9999	-9999	-9999	-9999
9	12	8.292482	12.396700	16.723800	8.665480	2.084930	-9999	0.002723	-9999	-9999	-9999	-9999
9	13	2.519208	8.043960	12.302200	4.061080	0.975338	-9999	7.500570	-9999	-9999	-9999	-9999
9	14	15.038871	8.449420	12.932200	3.076610	2.549513	-9999	0.271831	-9999	-9999	-9999	-9999
9	15	15.112137	12.304100	19.128600	7.073310	4.414006	-9999	0.000000	-9999	-9999	-9999	-9999
9	16	13.514515	16.616700	22.275900	9.730510	6.177833	-9999	0.000000	-9999	-9999	-9999	-9999
9	17	14.425345	17.508900	25.761500	12.367500	6.767929	-9999	0.000000	-9999	-9999	-9999	-9999
9	18	8.383409	16.143700	21.503300	11.133500	2.043992	-9999	0.029317	-9999	-9999	-9999	-9999
9	19	12.558931	16.393100	22.364600	12.276700	2.901466	-9999	0.000000	-9999	-9999	-9999	-9999
9	20	12.489551	15.723800	21.977500	11.066100	2.860304	-9999	0.000000	-9999	-9999	-9999	-9999
9	21	7.525613	14.589000	19.763900	10.957600	1.823237	-9999	0.001470	-9999	-9999	-9999	-9999
9	22	11.883283	15.789500	21.774200	11.105100	2.906652	-9999	0.000000	-9999	-9999	-9999	-9999
9	23	12.588739	16.696400	22.392400	11.942800	3.034299	-9999	0.000000	-9999	-9999	-9999	-9999
9	24	12.819340	17.203500	24.408800	12.906100	4.654696	-9999	0.000000	-9999	-9999	-9999	-9999
9	25	12.616387	18.498500	25.554500	13.027800	4.670094	-9999	0.000000	-9999	-9999	-9999	-9999
9	26	8.373810	17.662600	22.355000	14.549800	2.313304	-9999	2.873830	-9999	-9999	-9999	-9999
9	27	9.610445	17.413300	22.492000	13.384900	2.470469	-9999	3.226100	-9999	-9999	-9999	-9999
9	28	11.770272	17.850400	23.293100	13.436700	2.976102	-9999	0.278415	-9999	-9999	-9999	-9999
9	29	5.401123	15.497100	18.969700	12.483300	1.027623	-9999	3.593230	-9999	-9999	-9999	-9999
9	30	8.650714	13.933900	19.772000	9.558330	2.220588	-9999	0.000000	-9999	-9999	-9999	-9999
10	1	11.754115	16.048400	23.816400	10.646400	3.893813	-9999	0.000000	-9999	-9999	-9999	-9999
10	2	10.173082	16.104700	21.768300	11.474200	3.457957	-9999	0.235928	-9999	-9999	-9999	-9999
10	3	1.797552	11.381300	15.755800	7.857700	0.945685	-9999	10.326500	-9999	-9999	-9999	-9999
10	4	5.752987	13.745100	18.493100	7.216950	2.086104	-9999	0.024873	-9999	-9999	-9999	-9999
10	5	3.150334	11.936700	17.751600	6.634180	1.827611	-9999	0.883249	-9999	-9999	-9999	-9999
10	6	5.285295	7.456830	10.521900	3.975190	1.957001	-9999	0.244329	-9999	-9999	-9999	-9999
10	7	10.793779	10.708000	16.567800	5.408320	2.610821	-9999	0.077638	-9999	-9999	-9999	-9999
10	8	3.138731	5.703230	10.764200	0.788939	1.509943	-9999	5.577590	-9999	-9999	-9999	-9999
10	9	9.458985	3.342910	7.301990	-0.078920	1.424695	-9999	0.308621	-9999	-9999	-9999	-9999
10	10	6.451384	3.117660	6.491320	0.039824	1.320543	-9999	0.661740	-9999	-9999	-9999	-9999
10	11	5.624545	3.120280	5.992840	0.319762	1.017042	-9999	5.953780	-9999	-9999	-9999	-9999
10	12	3.272530	-0.154345	3.711410	-4.686010	0.493305	-9999	11.007000	-9999	-9999	-9999	-9999
10	13	5.588257	2.684770	5.167460	-3.594090	0.250313	-9999	16.265300	-9999	-9999	-9999	-9999
10	14	4.109806	5.255660	7.480060	2.276210	0.712941	-9999	6.654540	-9999	-9999	-9999	-9999
10	15	4.846141	5.393480	10.130700	2.122070	0.534466	-9999	9.621970	-9999	-9999	-9999	-9999
10	16	4.794794	5.788800	8.347430	2.096190	0.487581	-9999	4.058560	-9999	-9999	-9999	-9999
10	17	9.130493	8.903390	14.251900	2.855530	2.134190	-9999	0.034554	-9999	-9999	-9999	-9999
10	18	6.413567	10.635000	15.634700	6.698670	1.844462	-9999	3.554530	-9999	-9999	-9999	-9999
10	19	5.375704	7.051470	10.519700	3.851470	1.195786	-9999	0.555633	-9999	-9999	-9999	-9999
10	20	8.774007	11.865300	18.630600	4.184540	5.123142	-9999	0.000000	-9999	-9999	-9999	-9999
10	21	8.068317	10.799100	16.921000	6.659060	3.038307	-9999	0.000000	-9999	-9999	-9999	-9999
10	22	5.148878	9.288160	14.828900	4.100770	1.791948	-9999	2.585230	-9999	-9999	-9999	-9999
10	23	6.901139	6.433910	10.429000	2.906340	1.714389	-9999	0.694970	-9999	-9999	-9999	-9999
10	24	6.401894	7.339700	10.953100	2.623410	1.289620	-9999	8.218200	-9999	-9999	-9999	-9999
10	25	6.277193	7.361220	12.216800	3.009120	2.107061	-9999	5.364610	-9999	-9999	-9999	-9999
10	26	3.730527	4.788010	9.207410	2.263180	0.436487	-9999	6.267160	-9999	-9999	-9999	-9999
10	27	2.363196	4.741900	7.826340	2.096010	0.456481	-9999	3.171060	-9999	-9999	-9999	-9999
10	28	6.822965	5.254620	10.554500	1.799930	1.608669	-9999	0.136426	-9999	-9999	-9999	-9999
10	29	2.585952	3.982220	6.815320	1.880610	0.508967	-9999	9.289640	-9999	-9999	-9999	-9999
10	30	3.429951	2.636300	4.884840	0.293975	0.872726	-9999	2.169150	-9999	-9999	-9999	-9999
10	31	4.687243	2.785900	6.245350	-1.654850	1.125877	-9999	0.569623	-9999	-9999	-9999	-9999
11	1	5.724112	3.825470	7.278220	0.654548	1.076994	-9999	1.120990	-9999	-9999	-9999	-9999
11	2	5.021758	10.007600	12.669100	2.352450	1.552673	-9999	0.210176	-9999	-9999	-9999	-9999
11	3	2.899135	9.906430	13.321400	4.829690	1.221827	-9999	6.983490	-9999	-9999	-9999	-9999
11	4	1.837581	5.713810	9.764120	2.205390	0.482411	-9999	10.791900	-9999	-9999	-9999	-9999
11	5	6.274895	9.058870	13.279900	6.700630	1.030753	-9999	0.025788	-9999	-9999	-9999	-9999
11	6	6.226805	7.151250	12.198400	4.531750	0.990250	-9999	0.000000	-9999	-9999	-9999	-9999
11	7	6.304331	4.688540	10.125500	1.127140	1.811328	-9999	0.000000	-9999	-9999	-9999	-9999
11	8	6.306077	1.394710	5.755330	-1.799220	1.543284	-9999	0.000000	-9999	-9999	-9999	-9999
11	9	4.373525	4.901980	8.826860	-1.797750	1.599034	-9999	0.001103	-9999	-9999	-9999	-9999
11	10	5.730782	5.990450	10.927400	3.083840	1.750116	-9999	0.000000	-9999	-9999	-9999	-9999
11	11	2.283967	4.262150	7.624530	2.049570	0.974701	-9999	1.337010	-9999	-9999	-9999	-9999
11	12	5.477216	5.856350	9.940690	2.762370	2.365909	-9999	0.725912	-9999	-9999	-9999	-9999
11	13	3.749043	7.665040	11.838900	3.706700	1.356595	-9999	1.251150	-9999	-9999	-9999	-9999
11	14	2.719466	6.116940	9.365900	2.349400	1.027693	-9999	7.458190	-9999	-9999	-9999	-9999
11	15	2.073773	-1.432710	4.176930	-3.247250	0.990496	-9999	7.387670	-9999	-9999	-9999	-9999
11	16	4.407169	-0.182007	2.517840	-3.909840	1.179928	-9999	0.256747	-9999	-9999	-9999	-9999
11	17	3.597869	2.692720	9.491960	-3.516590	1.112814	-9999	7.329790	-9999	-9999	-9999	-9999
11	18	2.302335	-2.343080	0.602224	-5.318500	0.496554	-9999	9.458930	-9999	-9999	-9999	-9999
11	19	3.310960	-2.373410	1.624380	-6.092000	0.703143	-9999	1.561600	-9999	-9999	-9999	-9999
11	20	3.372477	-3.394130	0.266470	-7.974420	0.408772	-9999	3.988950	-9999	-9999	-9999	-9999
11	21	2.473373	-3.346130	0.193990	-6.305230	0.401971	-9999	1.781430	-9999	-9999	-9999	-9999
11	22	2.522050	-3.185150	-0.127970	-7.055170	0.355131	-9999	5.348810	-9999	-9999	-9999	-9999
11	23	2.935457	-1.951780	1.203570	-6.174800	0.412409	-9999	4.148900	-9999	-9999	-9999	-9999
11	24	3.156486	-1.035550	3.311820	-4.101620	0.735260	-9999	1.140670	-9999	-9999	-9999	-9999
11	25	4.240339	0.048462	3.891870	-3.524100	1.279949	-9999	0.249627	-9999	-9999	-9999	-9999
11	26	3.396652	-1.533140	3.340200	-5.276630	0.855156	-9999	0.115571	-9999	-9999	-9999	-9999
11	27	3.356156	1.863160	5.921590	-4.085690	1.334913	-9999	0.000000	-9999	-9999	-9999	-9999
11	28	3.170915	2.560850	5.406240	0.490486	1.448421	-9999	0.209398	-9999	-9999	-9999	-9999
11	29	3.905971	1.462710	5.511250	-1.331750	0.965276	-9999	0.000000	-9999	-9999	-9999	-9999
11	30	3.318417	3.329040	5.698930	0.405861	0.424725	-9999	0.865994	-9999	-9999	-9999	-9999
12	1	1.731439	2.119900	3.815190	1.368370	0.235626	-9999	5.851670	-9999	-9999	-9999	-9999
12	2	2.108324	1.275570	3.001800	-0.357183	0.375852	-9999	7.709250	-9999	-9999	-9999	-9999
12	3	1.870404	2.095450	3.644410	0.632014	0.639189	-9999	2.492750	-9999	-9999	-9999	-9999
12	4	3.026324	1.637290	3.708280	0.478938	0.884757	-9999	0.125555	-9999	-9999	-9999	-9999
12	5	1.088381	0.726527	2.403440	-0.309850	0.354634	-9999	4.263580	-9999	-9999	-9999	-9999
12	6	0.773181	0.019801	1.505740	-1.304230	0.200936	-9999	10.323600	-9999	-9999	-9999	-9999
12	7	3.157981	0.026912	3.401860	-5.092900	0.807863	-9999	0.670587	-9999	-9999	-9999	-9999
12	8	1.666293	3.205680	5.150050	0.913905	0.366736	-9999	6.482030	-9999	-9999	-9999	-9999
12	9	1.557274	2.797720	5.059230	1.602050	0.342864	-9999	10.397500	-9999	-9999	-9999	-9999
12	10	1.835050	0.806392	3.057500	-1.573460	0.220722	-9999	7.062610	-9999	-9999	-9999	-9999
12	11	1.467590	-0.620305	2.301640	-3.091860	0.277746	-9999	0.913140	-9999	-9999	-9999	-9999
12	12	3.389437	-0.253179	3.383390	-6.435220	1.268894	-9999	0.000597	-9999	-9999	-9999	-9999
12	13	3.236769	4.041650	7.417760	1.254450	2.385730	-9999	0.000000	-9999	-9999	-9999	-9999
12	14	2.481486	3.644950	7.756590	1.962310	1.296752	-9999	1.394180	-9999	-9999	-9999	-9999
12	15	3.258904	2.455010	4.741150	-0.359899	0.671278	-9999	0.333023	-9999	-9999	-9999	-9999
12	16	1.961029	1.433470	3.318360	-0.049871	0.181039	-9999	8.677530	-9999	-9999	-9999	-9999
12	17	1.594244	-0.944768	1.767030	-3.106760	0.282247	-9999	2.607500	-9999	-9999	-9999	-9999
12	18	3.322529	-2.748780	0.781403	-5.442630	0.542913	-9999	0.246455	-9999	-9999	-9999	-9999
12	19	1.790139	0.178737	2.834110	-3.011540	0.357867	-9999	8.266530	-9999	-9999	-9999	-9999
12	20	2.345276	-3.411200	0.732941	-6.086280	0.377109	-9999	6.046290	-9999	-9999	-9999	-9999
12	21	3.328396	-3.474740	0.321747	-8.066560	0.500630	-9999	1.028050	-9999	-9999	-9999	-9999
12	22	3.080255	-2.685890	-0.421143	-4.352360	0.530792	-9999	4.039790	-9999	-9999	-9999	-9999
12	23	0.600901	-3.375830	-1.253300	-4.943150	0.351889	-9999	9.246300	-9999	-9999	-9999	-9999
12	24	1.539527	1.286250	3.770720	-5.007540	0.339031	-9999	16.719300	-9999	-9999	-9999	-9999
12	25	1.333040	-1.178530	3.428410	-3.803780	0.592092	-9999	9.543430	-9999	-9999	-9999	-9999
12	26	2.182179	-5.366640	-2.371340	-8.182130	0.542847	-9999	13.683000	-9999	-9999	-9999	-9999
12	27	3.342315	-7.814060	-5.212800	-11.170500	0.760766	-9999	0.240430	-9999	-9999	-9999	-9999
12	28	2.739571	-4.307190	-2.116210	-7.572330	0.649999	-9999	0.970183	-9999	-9999	-9999	-9999
12	29	2.436748	1.551260	4.378880	-3.914040	0.623028	-9999	3.513260	-9999	-9999	-9999	-9999
12	30	2.208712	1.207850	3.247860	-0.503575	0.502107	-9999	5.395930	-9999	-9999	-9999	-9999
12	31	2.586911	3.541070	5.227170	0.102076	0.909764	-9999	8.683730	-9999	-9999	-9999	-9999
