Month	n_days	Rg_f	Ta_f	Tmax	Tmin	VPD_f	Ts_f	Precip	SWC	LAI	ET	LITTERFALL
1	1	2.052899	0.365107	3.398010	-2.860730	0.863532	-9999	0.399009	-9999	-9999	-9999	-9999
1	2	3.685936	-2.595860	2.290470	-5.411020	1.237544	-9999	0.000000	-9999	-9999	-9999	-9999
1	3	3.643255	-2.106910	2.072720	-5.533970	0.867752	-9999	0.106370	-9999	-9999	-9999	-9999
1	4	3.571819	-0.538457	2.953580	-4.750980	0.813530	-9999	0.048524	-9999	-9999	-9999	-9999
1	5	3.488167	2.395440	5.203980	0.542076	0.629885	-9999	0.000285	-9999	-9999	-9999	-9999
1	6	2.640686	4.726010	8.998320	0.751610	0.637578	-9999	3.257300	-9999	-9999	-9999	-9999
1	7	3.776630	1.494530	4.077550	-0.915931	0.855141	-9999	0.847265	-9999	-9999	-9999	-9999
1	8	2.004454	1.053070	3.096680	-1.082800	0.595749	-9999	1.681270	-9999	-9999	-9999	-9999
1	9	2.900716	1.083770	3.473420	-2.387890	0.856954	-9999	1.983800	-9999	-9999	-9999	-9999
1	10	1.839154	2.488120	5.141940	-0.105476	0.519149	-9999	6.752870	-9999	-9999	-9999	-9999
1	11	3.674773	1.543420	4.837620	-1.028510	1.224404	-9999	0.030548	-9999	-9999	-9999	-9999
1	12	3.729085	1.341940	4.340180	-0.806556	1.029664	-9999	0.020465	-9999	-9999	-9999	-9999
1	13	3.192558	0.326350	3.231840	-1.680370	0.673707	-9999	0.650752	-9999	-9999	-9999	-9999
1	14	2.789286	0.968501	3.513850	-3.246560	0.431175	-9999	6.618110	-9999	-9999	-9999	-9999
1	15	3.430425	3.966360	5.806700	1.216330	1.246632	-9999	1.239500	-9999	-9999	-9999	-9999
1	16	3.951452	5.244720	7.325350	3.681140	2.449868	-9999	0.000000	-9999	-9999	-9999	-9999
1	17	4.344624	4.300720	8.231570	1.785390	1.880420	-9999	0.000000	-9999	-9999	-9999	-9999
1	18	3.985450	2.029990	4.422300	-0.596779	0.755570	-9999	0.018449	-9999	-9999	-9999	-9999
1	19	2.830058	2.274010	3.987400	0.943627	0.487175	-9999	0.618029	-9999	-9999	-9999	-9999
1	20	4.489888	-2.896030	3.304630	-7.054110	1.030894	-9999	0.080393	-9999	-9999	-9999	-9999
1	21	4.148617	-2.024600	1.474580	-7.232830	0.885439	-9999	0.212924	-9999	-9999	-9999	-9999
1	22	4.603280	-1.340460	3.318760	-4.207310	0.931668	-9999	0.000536	-9999	-9999	-9999	-9999
1	23	4.885851	-1.161560	3.989690	-4.451790	1.654552	-9999	0.000000	-9999	-9999	-9999	-9999
1	24	5.151695	-0.469304	3.949490	-3.812690	2.149633	-9999	0.000000	-9999	-9999	-9999	-9999
1	25	5.250926	1.320250	4.927370	-1.957980	3.776303	-9999	0.000000	-9999	-9999	-9999	-9999
1	26	5.169459	1.988760	4.829410	-0.963051	3.470443	-9999	0.000000	-9999	-9999	-9999	-9999
1	27	3.372097	3.080440	5.163790	1.401630	2.474325	-9999	0.429242	-9999	-9999	-9999	-9999
1	28	4.038647	2.913810	5.507870	1.110860	1.542130	-9999	0.007676	-9999	-9999	-9999	-9999
1	29	3.723797	2.571500	5.325260	0.474938	0.401302	-9999	2.133780	-9999	-9999	-9999	-9999
1	30	2.208963	2.700620	4.203310	1.743030	0.068145	-9999	3.060300	-9999	-9999	-9999	-9999
1	31	4.620646	3.344540	7.057650	1.564260	0.598453	-9999	0.000976	-9999	-9999	-9999	-9999
2	1	5.664228	4.251270	8.124320	0.615876	2.153131	-9999	0.000073	-9999	-9999	-9999	-9999
2	2	5.844191	7.202080	10.537800	3.616490	4.654254	-9999	0.000000	-9999	-9999	-9999	-9999
2	3	5.338397	2.880420	7.120020	-1.315760	1.788585	-9999	2.515790	-9999	-9999	-9999	-9999
2	4	1.322870	-2.144290	0.996881	-4.135250	0.509038	-9999	6.270270	-9999	-9999	-9999	-9999
2	5	3.534520	-4.437630	-0.511084	-9.341220	0.429332	-9999	1.533140	-9999	-9999	-9999	-9999
2	6	5.980012	-3.358040	3.023030	-10.621400	1.851663	-9999	0.000000	-9999	-9999	-9999	-9999
2	7	6.112809	1.404660	5.501520	-3.528780	2.729767	-9999	0.000000	-9999	-9999	-9999	-9999
2	8	5.948208	1.419090	3.780850	-1.240750	1.075372	-9999	0.084879	-9999	-9999	-9999	-9999
2	9	6.541344	5.217370	9.406980	0.446840	3.409180	-9999	0.000000	-9999	-9999	-9999	-9999
2	10	6.385124	3.711390	6.967160	0.627534	1.287014	-9999	0.000000	-9999	-9999	-9999	-9999
2	11	6.997432	3.874200	7.784110	0.975709	1.404035	-9999	0.000000	-9999	-9999	-9999	-9999
2	12	7.273264	5.461360	9.956230	1.146670	3.925222	-9999	0.000000	-9999	-9999	-9999	-9999
2	13	7.234281	7.167140	11.418800	3.664000	4.204837	-9999	0.000000	-9999	-9999	-9999	-9999
2	14	7.491381	7.398490	11.364400	4.459990	5.020840	-9999	0.000000	-9999	-9999	-9999	-9999
2	15	7.427747	3.806240	9.015040	1.116550	1.413771	-9999	0.000004	-9999	-9999	-9999	-9999
2	16	3.035647	1.903770	4.458120	0.094026	0.603307	-9999	2.419420	-9999	-9999	-9999	-9999
2	17	7.516653	4.774070	9.777370	-0.411528	2.102094	-9999	0.000000	-9999	-9999	-9999	-9999
2	18	7.216024	7.556730	13.296500	3.950560	2.630017	-9999	0.000000	-9999	-9999	-9999	-9999
2	19	7.754028	7.280600	12.788800	3.748540	2.241823	-9999	0.221398	-9999	-9999	-9999	-9999
2	20	4.820904	1.235410	7.114830	-1.405880	0.827478	-9999	3.489970	-9999	-9999	-9999	-9999
2	21	3.851928	-0.188148	2.520170	-2.675140	0.931149	-9999	1.344080	-9999	-9999	-9999	-9999
2	22	8.600066	-1.377880	2.074940	-4.699430	1.421476	-9999	0.013011	-9999	-9999	-9999	-9999
2	23	9.049882	3.139120	8.003230	-1.622770	2.863464	-9999	0.000000	-9999	-9999	-9999	-9999
2	24	9.144317	2.444540	7.471800	-0.424681	1.811510	-9999	0.000000	-9999	-9999	-9999	-9999
2	25	9.183542	2.028500	7.098170	-1.758730	1.469102	-9999	0.000000	-9999	-9999	-9999	-9999
2	26	8.363295	3.122670	8.616240	-0.191771	1.841444	-9999	0.000000	-9999	-9999	-9999	-9999
2	27	9.634637	1.084040	6.982020	-2.677150	1.285228	-9999	0.000000	-9999	-9999	-9999	-9999
2	28	9.936173	2.434530	9.172240	-2.852050	2.541501	-9999	0.000000	-9999	-9999	-9999	-9999
3	1	10.218010	5.304050	13.316200	0.943827	3.784429	-9999	0.000000	-9999	-9999	-9999	-9999
3	2	7.436854	4.429840	9.118610	0.590098	1.055704	-9999	4.925800	-9999	-9999	-9999	-9999
3	3	9.799574	5.897430	11.043700	2.455000	0.799702	-9999	1.582910	-9999	-9999	-9999	-9999
3	4	6.503112	7.153290	11.844900	4.099770	0.986066	-9999	0.888730	-9999	-9999	-9999	-9999
3	5	3.917315	5.420930	8.635790	3.289740	0.737115	-9999	1.566250	-9999	-9999	-9999	-9999
3	6	4.170493	5.329260	8.584920	2.781530	1.110583	-9999	5.183770	-9999	-9999	-9999	-9999
3	7	3.619115	4.654390	8.346610	2.181440	0.696237	-9999	6.992240	-9999	-9999	-9999	-9999
3	8	7.156797	4.669860	7.548760	2.179120	1.677378	-9999	1.415090	-9999	-9999	-9999	-9999
3	9	8.504473	7.338720	13.204100	2.258740	1.860206	-9999	0.008431	-9999	-9999	-9999	-9999
3	10	10.413533	6.961150	13.141900	2.780500	1.427637	-9999	1.869710	-9999	-9999	-9999	-9999
3	11	6.148621	4.356110	7.521810	2.518690	0.447460	-9999	17.445700	-9999	-9999	-9999	-9999
3	12	4.947661	4.894260	8.872860	2.577920	0.752128	-9999	6.089480	-9999	-9999	-9999	-9999
3	13	6.976584	3.528780	6.761710	0.985270	1.186312	-9999	3.028590	-9999	-9999	-9999	-9999
3	14	6.600683	3.022740	5.807730	0.501993	1.472926	-9999	0.581466	-9999	-9999	-9999	-9999
3	15	12.001046	3.885650	8.727350	0.234232	1.812151	-9999	0.000003	-9999	-9999	-9999	-9999
3	16	6.485192	2.691380	5.568560	0.518259	1.025282	-9999	0.821806	-9999	-9999	-9999	-9999
3	17	8.362181	0.722080	3.262900	-1.119500	1.085686	-9999	0.542785	-9999	-9999	-9999	-9999
3	18	12.720844	1.022400	5.190390	-2.271350	1.212767	-9999	0.044030	-9999	-9999	-9999	-9999
3	19	13.352688	1.769440	6.964190	-2.964960	1.576161	-9999	0.000000	-9999	-9999	-9999	-9999
3	20	10.296893	3.283600	8.154810	-0.775167	1.574899	-9999	0.293158	-9999	-9999	-9999	-9999
3	21	13.888195	5.878760	13.028500	0.362406	2.982637	-9999	0.000000	-9999	-9999	-9999	-9999
3	22	13.587696	6.697240	12.709200	2.351540	1.894776	-9999	0.000000	-9999	-9999	-9999	-9999
3	23	13.376794	6.892220	13.165000	2.215190	1.333138	-9999	0.000000	-9999	-9999	-9999	-9999
3	24	14.126745	9.771820	17.692100	4.079600	3.299081	-9999	0.000000	-9999	-9999	-9999	-9999
3	25	14.250989	9.883240	18.757200	4.277230	2.917280	-9999	0.000000	-9999	-9999	-9999	-9999
3	26	14.688087	7.856170	15.625500	3.428570	2.650129	-9999	0.000000	-9999	-9999	-9999	-9999
3	27	14.961975	8.264260	16.716700	2.577010	2.520639	-9999	0.000000	-9999	-9999	-9999	-9999
3	28	14.792458	9.376770	16.943300	3.621990	3.966396	-9999	0.000000	-9999	-9999	-9999	-9999
3	29	14.720400	9.333840	16.945100	4.191350	2.753827	-9999	0.000000	-9999	-9999	-9999	-9999
3	30	15.016925	9.861270	18.068800	4.983990	3.927249	-9999	0.000000	-9999	-9999	-9999	-9999
3	31	15.333668	10.001700	18.201500	5.081800	3.374186	-9999	0.000000	-9999	-9999	-9999	-9999
4	1	12.808540	9.730170	17.716600	3.604180	3.819387	-9999	0.091422	-9999	-9999	-9999	-9999
4	2	13.677466	9.867960	16.988100	4.752860	3.533836	-9999	0.011433	-9999	-9999	-9999	-9999
4	3	15.924902	11.538900	19.607300	4.974600	4.448395	-9999	0.000000	-9999	-9999	-9999	-9999
4	4	14.848531	12.235300	19.406300	6.831040	4.228637	-9999	0.033052	-9999	-9999	-9999	-9999
4	5	11.004941	11.676700	17.501000	7.451860	2.923983	-9999	0.701538	-9999	-9999	-9999	-9999
4	6	3.928591	9.227730	12.131200	6.889210	0.913355	-9999	13.846200	-9999	-9999	-9999	-9999
4	7	6.798825	8.832650	13.021600	5.005670	1.539181	-9999	2.250390	-9999	-9999	-9999	-9999
4	8	13.997145	9.833290	15.216200	4.000020	2.484718	-9999	0.302894	-9999	-9999	-9999	-9999
4	9	11.965364	11.923300	17.874600	6.485830	2.868683	-9999	0.006690	-9999	-9999	-9999	-9999
4	10	15.845932	15.548100	23.489100	8.624930	3.518010	-9999	0.000000	-9999	-9999	-9999	-9999
4	11	1.493415	11.244800	14.843600	7.802820	0.425025	-9999	4.624790	-9999	-9999	-9999	-9999
4	12	9.670579	10.097800	13.660200	7.644280	2.060236	-9999	0.371670	-9999	-9999	-9999	-9999
4	13	14.988499	13.802500	20.237300	7.173760	2.887373	-9999	0.112140	-9999	-9999	-9999	-9999
4	14	5.455417	12.403200	16.571900	8.928270	1.573093	-9999	0.445917	-9999	-9999	-9999	-9999
4	15	16.032471	13.637500	21.127100	7.595200	3.113715	-9999	0.000000	-9999	-9999	-9999	-9999
4	16	14.564102	12.950700	19.358200	8.326410	2.859779	-9999	0.000000	-9999	-9999	-9999	-9999
4	17	17.927655	13.885800	20.425300	7.894060	4.900498	-9999	0.000000	-9999	-9999	-9999	-9999
4	18	15.540077	13.720400	19.456700	7.482350	3.134352	-9999	0.000000	-9999	-9999	-9999	-9999
4	19	15.329433	16.545500	24.374800	10.281100	5.963200	-9999	0.000000	-9999	-9999	-9999	-9999
4	20	18.548006	16.338400	24.518200	9.552600	8.175609	-9999	0.000000	-9999	-9999	-9999	-9999
4	21	9.882691	9.392920	18.983100	5.484760	2.227099	-9999	0.322066	-9999	-9999	-9999	-9999
4	22	14.983142	9.608290	16.057200	3.706620	3.903674	-9999	0.006266	-9999	-9999	-9999	-9999
4	23	14.865466	11.551400	18.496400	4.619340	4.851420	-9999	0.003089	-9999	-9999	-9999	-9999
4	24	5.547459	8.569100	11.465000	6.038630	1.322937	-9999	3.293400	-9999	-9999	-9999	-9999
4	25	3.719295	8.432720	10.675000	6.194810	0.861855	-9999	8.336180	-9999	-9999	-9999	-9999
4	26	3.935900	10.631700	14.403200	6.902730	0.966004	-9999	3.045070	-9999	-9999	-9999	-9999
4	27	19.145808	12.804300	18.741800	8.260240	2.794603	-9999	0.048076	-9999	-9999	-9999	-9999
4	28	17.915559	14.419000	20.431100	8.833580	3.747184	-9999	0.138480	-9999	-9999	-9999	-9999
4	29	9.866707	13.246000	18.512400	9.563770	1.839005	-9999	13.430400	-9999	-9999	-9999	-9999
4	30	11.775370	11.097200	15.587100	8.066000	1.636071	-9999	4.249860	-9999	-9999	-9999	-9999
5	1	8.264307	11.762700	16.445900	7.808450	1.380419	-9999	0.527161	-9999	-9999	-9999	-9999
5	2	14.719277	11.971000	16.660400	7.026070	1.760588	-9999	2.544960	-9999	-9999	-9999	-9999
5	3	9.083578	10.772400	15.748100	6.562930	1.897651	-9999	4.876560	-9999	-9999	-9999	-9999
5	4	21.007296	13.212100	20.342400	6.061740	2.936518	-9999	0.000000	-9999	-9999	-9999	-9999
5	5	21.021638	15.697400	22.780300	7.952580	3.727590	-9999	0.000000	-9999	-9999	-9999	-9999
5	6	18.923414	18.037000	25.665200	12.486400	5.120897	-9999	0.000000	-9999	-9999	-9999	-9999
5	7	11.830925	16.490900	21.772300	11.731400	3.345475	-9999	1.275230	-9999	-9999	-9999	-9999
5	8	1.447632	12.841700	15.915200	10.209400	0.589158	-9999	11.440000	-9999	-9999	-9999	-9999
5	9	4.756519	10.152500	12.673200	7.283000	1.290661	-9999	12.600500	-9999	-9999	-9999	-9999
5	10	13.036291	11.466200	16.531300	6.101940	2.758072	-9999	0.037687	-9999	-9999	-9999	-9999
5	11	14.567299	13.713600	19.203500	7.729590	2.366944	-9999	1.461700	-9999	-9999	-9999	-9999
5	12	12.333082	13.256500	17.390700	9.406680	1.757450	-9999	0.434384	-9999	-9999	-9999	-9999
5	13	21.278852	14.061800	21.228500	7.632240	3.372202	-9999	0.000000	-9999	-9999	-9999	-9999
5	14	20.569680	13.724900	20.006600	8.057170	3.887206	-9999	0.000000	-9999	-9999	-9999	-9999
5	15	21.825072	12.250400	18.417300	7.076120	4.068840	-9999	0.000000	-9999	-9999	-9999	-9999
5	16	22.437303	11.618700	18.434700	5.300670	4.041484	-9999	0.000000	-9999	-9999	-9999	-9999
5	17	16.790717	11.336000	17.408400	5.046490	3.096125	-9999	0.000000	-9999	-9999	-9999	-9999
5	18	17.463255	12.502200	19.149700	6.048650	2.796478	-9999	0.000000	-9999	-9999	-9999	-9999
5	19	22.559473	16.051100	22.861800	8.419080	5.526157	-9999	0.000000	-9999	-9999	-9999	-9999
5	20	16.737408	16.967700	23.113200	10.175500	4.185026	-9999	0.618432	-9999	-9999	-9999	-9999
5	21	8.243718	15.681500	18.491700	12.679500	1.453103	-9999	7.872430	-9999	-9999	-9999	-9999
5	22	3.307815	14.176900	17.112500	11.218700	1.009061	-9999	6.178920	-9999	-9999	-9999	-9999
5	23	6.133666	12.469500	15.919400	9.304420	1.523420	-9999	0.005055	-9999	-9999	-9999	-9999
5	24	19.042906	15.991000	22.070600	8.599070	2.820214	-9999	1.215210	-9999	-9999	-9999	-9999
5	25	12.520915	17.357900	21.182700	12.421900	2.915325	-9999	4.903600	-9999	-9999	-9999	-9999
5	26	17.076959	19.374500	24.443900	12.875600	4.033300	-9999	0.512917	-9999	-9999	-9999	-9999
5	27	9.829037	18.618900	22.361000	14.446600	2.354740	-9999	7.614150	-9999	-9999	-9999	-9999
5	28	4.360513	16.626600	19.792700	13.357600	1.576385	-9999	4.918390	-9999	-9999	-9999	-9999
5	29	22.509014	18.934900	24.656000	12.264400	4.249226	-9999	0.000000	-9999	-9999	-9999	-9999
5	30	23.213261	20.792900	28.155500	14.235500	5.636368	-9999	0.000000	-9999	-9999	-9999	-9999
5	31	21.533817	21.799700	28.866300	14.531900	6.184736	-9999	0.024391	-9999	-9999	-9999	-9999
6	1	16.168205	19.792500	26.170300	13.743200	4.213295	-9999	1.900010	-9999	-9999	-9999	-9999
6	2	23.602319	16.806200	24.047700	10.846600	6.040855	-9999	0.000000	-9999	-9999	-9999	-9999
6	3	23.964509	17.013800	24.197100	9.839140	7.385263	-9999	0.000000	-9999	-9999	-9999	-9999
6	4	23.676192	18.948200	27.079100	11.171800	7.241268	-9999	0.000000	-9999	-9999	-9999	-9999
6	5	23.616921	18.854300	25.697600	12.427600	7.252740	-9999	0.000000	-9999	-9999	-9999	-9999
6	6	23.904635	15.575000	21.506300	9.375890	6.521321	-9999	0.000000	-9999	-9999	-9999	-9999
6	7	23.970816	14.220200	19.471700	8.241490	5.980902	-9999	0.000000	-9999	-9999	-9999	-9999
6	8	22.888915	16.879200	23.410800	8.808810	7.252257	-9999	0.000000	-9999	-9999	-9999	-9999
6	9	23.310719	19.465800	26.247200	10.717500	8.983999	-9999	0.000000	-9999	-9999	-9999	-9999
6	10	18.619545	19.343800	24.760800	14.779900	8.317920	-9999	0.000000	-9999	-9999	-9999	-9999
6	11	15.605568	20.384000	26.030400	14.496000	9.451207	-9999	0.445054	-9999	-9999	-9999	-9999
6	12	16.516310	17.869000	25.875300	13.999100	7.892067	-9999	0.193137	-9999	-9999	-9999	-9999
6	13	18.393436	20.234500	26.495200	14.345300	8.984063	-9999	0.105721	-9999	-9999	-9999	-9999
6	14	12.295584	20.161800	24.831600	15.853200	4.212498	-9999	7.251530	-9999	-9999	-9999	-9999
6	15	18.278611	22.783200	30.344400	16.859700	8.444180	-9999	0.067028	-9999	-9999	-9999	-9999
6	16	8.116019	19.715900	23.516900	16.783300	3.676147	-9999	0.603653	-9999	-9999	-9999	-9999
6	17	17.405885	21.874500	30.355400	16.248300	7.025230	-9999	9.752560	-9999	-9999	-9999	-9999
6	18	1.289468	12.139100	17.978900	9.064790	1.180362	-9999	11.474200	-9999	-9999	-9999	-9999
6	19	18.256233	15.749100	22.265700	7.930640	3.498522	-9999	0.885319	-9999	-9999	-9999	-9999
6	20	20.072707	19.757100	25.815600	12.930900	6.261855	-9999	0.000000	-9999	-9999	-9999	-9999
6	21	23.650357	22.607800	30.611500	13.986400	9.992145	-9999	0.000000	-9999	-9999	-9999	-9999
6	22	23.865063	25.608400	35.045700	17.427100	15.640259	-9999	0.000000	-9999	-9999	-9999	-9999
6	23	23.512204	28.103200	34.873800	22.395100	23.677275	-9999	0.000000	-9999	-9999	-9999	-9999
6	24	21.080649	27.418300	34.515400	22.783700	21.010082	-9999	0.000000	-9999	-9999	-9999	-9999
6	25	21.170159	27.032800	35.134300	19.280600	22.695958	-9999	0.000000	-9999	-9999	-9999	-9999
6	26	21.058359	22.986500	28.681300	17.135000	11.791477	-9999	0.000000	-9999	-9999	-9999	-9999
6	27	21.152016	22.214000	27.447300	17.350900	10.753469	-9999	0.000000	-9999	-9999	-9999	-9999
6	28	20.230387	24.023400	30.332900	16.984900	10.977608	-9999	0.027386	-9999	-9999	-9999	-9999
6	29	22.587035	26.267300	33.094100	18.136300	15.491828	-9999	0.000000	-9999	-9999	-9999	-9999
6	30	18.238263	27.483300	35.316700	19.932600	19.111656	-9999	0.000000	-9999	-9999	-9999	-9999
7	1	16.624310	29.648100	37.642900	22.599700	24.960955	-9999	0.000000	-9999	-9999	-9999	-9999
7	2	15.137971	29.273500	38.023200	23.043400	23.305748	-9999	0.000000	-9999	-9999	-9999	-9999
7	3	13.055041	22.912600	27.745500	18.896300	9.199902	-9999	0.045403	-9999	-9999	-9999	-9999
7	4	3.556613	20.450500	22.820700	17.693700	6.475017	-9999	0.608180	-9999	-9999	-9999	-9999
7	5	6.040950	17.565500	26.661600	14.701500	2.289583	-9999	28.328800	-9999	-9999	-9999	-9999
7	6	8.207257	16.926300	21.359000	11.958300	4.165398	-9999	1.111820	-9999	-9999	-9999	-9999
7	7	20.048948	19.599200	25.859300	10.961900	8.930002	-9999	0.000000	-9999	-9999	-9999	-9999
7	8	21.330605	22.560700	29.544800	14.301800	12.396128	-9999	0.000000	-9999	-9999	-9999	-9999
7	9	3.464459	17.280400	20.459700	13.122900	4.488575	-9999	8.677270	-9999	-9999	-9999	-9999
7	10	11.254896	14.925900	18.788400	11.577600	5.263652	-9999	0.144002	-9999	-9999	-9999	-9999
7	11	19.038499	18.397800	22.815300	11.905400	8.383270	-9999	0.000000	-9999	-9999	-9999	-9999
7	12	9.533289	14.573300	18.843600	12.154300	4.175833	-9999	4.317480	-9999	-9999	-9999	-9999
7	13	7.569314	14.907500	18.394100	11.675500	3.354315	-9999	0.559422	-9999	-9999	-9999	-9999
7	14	7.221338	15.656000	19.753000	12.165700	2.019725	-9999	0.157511	-9999	-9999	-9999	-9999
7	15	10.859011	18.022300	24.013200	13.560800	4.307360	-9999	2.866780	-9999	-9999	-9999	-9999
7	16	9.311933	18.295800	22.916600	14.021100	3.313597	-9999	3.921820	-9999	-9999	-9999	-9999
7	17	6.779998	17.659900	20.684500	14.948700	1.578946	-9999	11.384400	-9999	-9999	-9999	-9999
7	18	15.503529	19.549400	25.131300	14.343100	5.212060	-9999	0.153474	-9999	-9999	-9999	-9999
7	19	16.740691	19.829900	25.933200	15.178400	5.136075	-9999	0.301479	-9999	-9999	-9999	-9999
7	20	22.537957	19.277000	25.916100	13.439000	6.911763	-9999	0.000000	-9999	-9999	-9999	-9999
7	21	7.931727	13.007900	16.068400	9.931860	3.662434	-9999	0.867303	-9999	-9999	-9999	-9999
7	22	14.276390	12.712100	17.738900	8.833100	3.234542	-9999	4.041560	-9999	-9999	-9999	-9999
7	23	17.984592	16.980000	24.469000	8.550140	6.418051	-9999	0.000000	-9999	-9999	-9999	-9999
7	24	21.685536	21.083200	28.118500	13.603300	7.902402	-9999	0.043986	-9999	-9999	-9999	-9999
7	25	16.278192	20.418600	27.154600	16.202200	5.581079	-9999	0.420268	-9999	-9999	-9999	-9999
7	26	16.523136	23.521800	30.609700	15.944000	8.975759	-9999	2.557530	-9999	-9999	-9999	-9999
7	27	19.150128	20.684300	26.306600	14.767700	7.595027	-9999	9.977450	-9999	-9999	-9999	-9999
7	28	20.884263	16.676300	22.403500	11.314400	6.058615	-9999	0.000000	-9999	-9999	-9999	-9999
7	29	16.189632	16.850000	22.278300	9.628790	5.333866	-9999	0.000000	-9999	-9999	-9999	-9999
7	30	14.465261	18.219200	23.671000	14.170000	5.706014	-9999	0.000000	-9999	-9999	-9999	-9999
7	31	21.605011	20.985700	28.001200	13.479400	10.265280	-9999	0.000000	-9999	-9999	-9999	-9999
8	1	21.325334	23.318400	29.582900	16.943300	13.812503	-9999	0.000000	-9999	-9999	-9999	-9999
8	2	21.422362	25.472500	32.978800	17.124900	17.369739	-9999	0.000000	-9999	-9999	-9999	-9999
8	3	19.599668	28.324700	35.900800	20.121300	23.740045	-9999	0.000000	-9999	-9999	-9999	-9999
8	4	17.707767	29.058700	35.133200	24.349700	25.354333	-9999	0.000000	-9999	-9999	-9999	-9999
8	5	18.177005	28.464500	35.560800	22.264100	23.253820	-9999	0.000000	-9999	-9999	-9999	-9999
8	6	11.801117	25.671200	34.006400	21.754900	16.516419	-9999	0.104855	-9999	-9999	-9999	-9999
8	7	15.180307	26.204900	34.396700	19.805300	22.235757	-9999	0.001275	-9999	-9999	-9999	-9999
8	8	20.504102	27.091700	34.920300	19.032100	24.595096	-9999	0.000000	-9999	-9999	-9999	-9999
8	9	20.066140	28.574800	36.454800	21.415000	26.087778	-9999	0.000000	-9999	-9999	-9999	-9999
8	10	15.804115	25.726800	32.046700	19.555100	13.865992	-9999	0.110661	-9999	-9999	-9999	-9999
8	11	14.709168	26.485500	34.165700	19.816200	16.262014	-9999	0.123458	-9999	-9999	-9999	-9999
8	12	12.904704	26.197300	34.521600	20.040700	16.052638	-9999	0.000000	-9999	-9999	-9999	-9999
8	13	12.355460	23.186000	28.986900	19.359400	7.940892	-9999	5.685940	-9999	-9999	-9999	-9999
8	14	17.763063	25.419400	31.774600	20.082100	15.532170	-9999	0.000000	-9999	-9999	-9999	-9999
8	15	15.217287	20.872400	25.728800	17.218400	8.994837	-9999	0.488194	-9999	-9999	-9999	-9999
8	16	11.869632	18.287900	23.431600	13.345000	8.263834	-9999	0.000000	-9999	-9999	-9999	-9999
8	17	19.332691	20.824600	28.531300	12.426400	12.010223	-9999	0.000000	-9999	-9999	-9999	-9999
8	18	19.105460	26.515500	35.161200	17.367200	21.414181	-9999	0.000000	-9999	-9999	-9999	-9999
8	19	18.720979	28.843900	36.769400	21.712000	27.240437	-9999	0.000000	-9999	-9999	-9999	-9999
8	20	16.786915	27.235300	33.720300	21.924400	21.065739	-9999	0.000000	-9999	-9999	-9999	-9999
8	21	6.785087	23.610800	29.119200	19.574100	10.470762	-9999	0.639505	-9999	-9999	-9999	-9999
8	22	4.441046	20.123100	24.335000	14.464900	7.378289	-9999	0.000000	-9999	-9999	-9999	-9999
8	23	17.681587	19.283900	25.132200	12.996300	6.894002	-9999	0.000000	-9999	-9999	-9999	-9999
8	24	16.998768	21.890900	29.389500	14.698800	8.759019	-9999	0.051771	-9999	-9999	-9999	-9999
8	25	14.045875	22.781900	29.260800	16.935600	11.781063	-9999	0.005255	-9999	-9999	-9999	-9999
8	26	18.079287	20.144400	27.191200	14.325800	10.396964	-9999	0.000000	-9999	-9999	-9999	-9999
8	27	18.110217	19.606100	27.435700	13.510900	12.520556	-9999	0.000000	-9999	-9999	-9999	-9999
8	28	17.940874	23.043900	32.333400	14.456600	19.510408	-9999	0.000000	-9999	-9999	-9999	-9999
8	29	17.855165	24.937200	34.431600	17.518800	22.321902	-9999	0.000000	-9999	-9999	-9999	-9999
8	30	11.573367	24.043900	29.825200	18.243900	13.265119	-9999	0.584943	-9999	-9999	-9999	-9999
8	31	1.353758	16.702200	20.517900	13.543200	1.722593	-9999	10.992400	-9999	-9999	-9999	-9999
9	1	16.631913	19.316400	26.210000	11.847600	7.903269	-9999	0.000000	-9999	-9999	-9999	-9999
9	2	16.679606	22.108500	29.978900	16.150200	11.146086	-9999	0.000000	-9999	-9999	-9999	-9999
9	3	16.105652	23.650800	30.411500	16.160300	15.127758	-9999	0.000000	-9999	-9999	-9999	-9999
9	4	15.320707	24.747700	32.963300	17.277600	16.647075	-9999	0.000000	-9999	-9999	-9999	-9999
9	5	15.513466	25.097300	33.448200	19.114400	15.584809	-9999	0.000000	-9999	-9999	-9999	-9999
9	6	15.670195	24.485100	33.177500	18.816300	14.045277	-9999	0.000000	-9999	-9999	-9999	-9999
9	7	2.085221	15.449800	20.649500	11.963400	6.160154	-9999	1.588860	-9999	-9999	-9999	-9999
9	8	14.870390	14.957800	20.148300	10.976600	7.443405	-9999	0.001872	-9999	-9999	-9999	-9999
9	9	15.658272	17.505300	24.748400	11.056900	10.218581	-9999	0.000000	-9999	-9999	-9999	-9999
9	10	10.543392	16.476600	22.588100	11.646900	7.187790	-9999	0.000000	-9999	-9999	-9999	-9999
9	11	15.480461	18.656100	26.990700	10.295700	10.139417	-9999	0.000000	-9999	-9999	-9999	-9999
9	12	15.090452	20.143100	28.011200	14.492900	12.387962	-9999	0.000000	-9999	-9999	-9999	-9999
9	13	14.855011	20.497900	27.783800	14.471000	13.540567	-9999	0.000000	-9999	-9999	-9999	-9999
9	14	1.210334	13.396700	16.283300	11.325700	2.266221	-9999	1.596390	-9999	-9999	-9999	-9999
9	15	12.135398	18.787500	25.244000	12.453100	7.522390	-9999	0.035386	-9999	-9999	-9999	-9999
9	16	1.974586	15.713400	18.355000	13.230600	3.409532	-9999	0.025161	-9999	-9999	-9999	-9999
9	17	6.943821	17.323000	23.341300	12.780600	5.672835	-9999	0.000000	-9999	-9999	-9999	-9999
9	18	13.939171	20.616200	28.645700	14.015500	11.446340	-9999	0.000000	-9999	-9999	-9999	-9999
9	19	12.460176	19.918200	25.566300	15.635500	7.663195	-9999	0.000000	-9999	-9999	-9999	-9999
9	20	12.429590	19.092500	25.870900	14.154300	5.893351	-9999	0.000000	-9999	-9999	-9999	-9999
9	21	13.341802	18.005300	25.511300	12.381900	5.167328	-9999	0.000000	-9999	-9999	-9999	-9999
9	22	13.121482	17.970500	25.343500	12.329100	7.648864	-9999	0.000000	-9999	-9999	-9999	-9999
9	23	13.134441	20.250800	29.620800	12.327400	12.340503	-9999	0.000000	-9999	-9999	-9999	-9999
9	24	12.766464	22.348800	29.562800	16.924200	14.711752	-9999	0.000000	-9999	-9999	-9999	-9999
9	25	12.724387	22.980400	30.994400	17.528700	15.248996	-9999	0.000000	-9999	-9999	-9999	-9999
9	26	12.458880	21.905500	29.064500	16.993000	14.108700	-9999	0.000000	-9999	-9999	-9999	-9999
9	27	12.314419	20.842600	28.753300	15.573800	13.441081	-9999	0.000000	-9999	-9999	-9999	-9999
9	28	12.197088	18.541700	26.651000	12.678900	11.199839	-9999	0.000000	-9999	-9999	-9999	-9999
9	29	12.045975	17.857800	25.481800	12.079100	11.309631	-9999	0.000000	-9999	-9999	-9999	-9999
9	30	11.304663	21.565600	29.537100	14.299900	15.405671	-9999	0.000000	-9999	-9999	-9999	-9999
10	1	11.600323	22.261000	29.608500	17.648600	16.544638	-9999	0.000000	-9999	-9999	-9999	-9999
10	2	9.527760	19.710600	26.696800	13.677800	12.174804	-9999	0.000000	-9999	-9999	-9999	-9999
10	3	11.361427	15.804700	23.946000	10.608500	8.677177	-9999	0.000000	-9999	-9999	-9999	-9999
10	4	11.322202	15.913100	24.676500	9.250580	12.023707	-9999	0.000000	-9999	-9999	-9999	-9999
10	5	11.095833	20.009600	28.649400	12.041800	15.017999	-9999	0.000000	-9999	-9999	-9999	-9999
10	6	10.720426	19.675500	27.330600	14.343800	11.744734	-9999	0.000000	-9999	-9999	-9999	-9999
10	7	9.484819	18.641200	25.733800	13.509200	9.361750	-9999	0.000000	-9999	-9999	-9999	-9999
10	8	10.263888	18.124700	26.343500	12.142400	7.537988	-9999	0.000000	-9999	-9999	-9999	-9999
10	9	9.711533	18.093500	26.903700	12.655300	5.692434	-9999	0.058936	-9999	-9999	-9999	-9999
10	10	10.102579	17.786700	26.126700	12.304000	6.724899	-9999	0.000000	-9999	-9999	-9999	-9999
10	11	3.937870	15.875300	21.236700	10.343200	5.293833	-9999	0.233197	-9999	-9999	-9999	-9999
10	12	4.310479	14.821200	19.698400	10.427900	3.393443	-9999	6.221230	-9999	-9999	-9999	-9999
10	13	6.808199	15.466700	21.160200	9.812710	3.264569	-9999	2.280800	-9999	-9999	-9999	-9999
10	14	2.349907	14.443300	17.347000	11.626300	0.890705	-9999	9.284700	-9999	-9999	-9999	-9999
10	15	3.386171	14.931100	17.836300	11.643000	1.432897	-9999	9.649810	-9999	-9999	-9999	-9999
10	16	2.076365	9.751510	15.791900	5.683070	1.242061	-9999	22.934400	-9999	-9999	-9999	-9999
10	17	3.961276	6.999490	9.808030	4.680200	1.374643	-9999	8.834560	-9999	-9999	-9999	-9999
10	18	2.311278	6.578170	8.807600	4.284510	0.917415	-9999	9.154510	-9999	-9999	-9999	-9999
10	19	3.501559	8.014940	11.212500	4.680300	1.122407	-9999	0.448144	-9999	-9999	-9999	-9999
10	20	6.237570	7.807750	13.325000	2.909420	1.173400	-9999	0.126323	-9999	-9999	-9999	-9999
10	21	8.601561	7.733960	12.946100	2.755680	1.724725	-9999	0.000000	-9999	-9999	-9999	-9999
10	22	8.533987	9.674880	14.670800	5.519040	4.644724	-9999	0.000000	-9999	-9999	-9999	-9999
10	23	3.175477	10.644300	13.454700	6.776790	2.672046	-9999	1.984440	-9999	-9999	-9999	-9999
10	24	7.172056	14.029800	18.772700	9.245540	4.822563	-9999	0.000000	-9999	-9999	-9999	-9999
10	25	7.373739	15.318700	21.155500	11.644600	6.893962	-9999	0.000000	-9999	-9999	-9999	-9999
10	26	6.688086	13.667200	18.450700	9.817320	2.852461	-9999	0.377259	-9999	-9999	-9999	-9999
10	27	3.940082	12.765900	16.850700	10.064800	1.446427	-9999	1.361450	-9999	-9999	-9999	-9999
10	28	2.610541	11.926400	16.466700	8.418730	1.475247	-9999	0.444177	-9999	-9999	-9999	-9999
10	29	6.631675	12.960100	19.825400	5.061580	2.579619	-9999	9.869150	-9999	-9999	-9999	-9999
10	30	2.735545	6.746750	9.694960	2.264830	1.383083	-9999	6.645770	-9999	-9999	-9999	-9999
10	31	6.022987	7.904830	12.253700	4.195280	1.769945	-9999	0.633743	-9999	-9999	-9999	-9999
11	1	6.657440	8.600130	12.958700	5.330150	2.334579	-9999	0.566493	-9999	-9999	-9999	-9999
11	2	1.540832	6.015560	9.507680	3.214030	0.974756	-9999	5.215840	-9999	-9999	-9999	-9999
11	3	4.165102	5.560970	9.193870	2.262700	0.947345	-9999	4.195610	-9999	-9999	-9999	-9999
11	4	2.322302	2.342530	4.090690	0.626594	0.155837	-9999	22.965800	-9999	-9999	-9999	-9999
11	5	5.343373	1.066560	4.424060	-2.871390	0.289828	-9999	1.136360	-9999	-9999	-9999	-9999
11	6	4.421649	2.810300	5.194840	-2.866600	1.001590	-9999	0.392363	-9999	-9999	-9999	-9999
11	7	3.875213	3.085780	5.598070	1.459630	1.103819	-9999	0.664398	-9999	-9999	-9999	-9999
11	8	2.575912	4.379520	7.014880	2.052860	0.657774	-9999	8.277440	-9999	-9999	-9999	-9999
11	9	4.768632	5.115260	9.010950	2.188210	0.768946	-9999	7.043560	-9999	-9999	-9999	-9999
11	10	2.262237	3.636840	6.273760	2.075720	0.457188	-9999	6.295630	-9999	-9999	-9999	-9999
11	11	2.893752	3.388240	5.859150	2.053540	0.302595	-9999	14.297100	-9999	-9999	-9999	-9999
11	12	4.860484	4.867370	7.304740	1.761120	0.715561	-9999	3.176180	-9999	-9999	-9999	-9999
11	13	4.254612	8.963010	12.572400	4.943210	2.861390	-9999	0.002750	-9999	-9999	-9999	-9999
11	14	4.802242	12.479400	16.042500	8.408940	5.479755	-9999	0.000000	-9999	-9999	-9999	-9999
11	15	5.206360	11.444500	15.380600	8.594950	4.526125	-9999	0.000000	-9999	-9999	-9999	-9999
11	16	5.173909	10.476600	15.613400	6.633000	3.903456	-9999	0.003699	-9999	-9999	-9999	-9999
11	17	0.534490	8.994320	10.709600	6.381320	0.366868	-9999	3.278690	-9999	-9999	-9999	-9999
11	18	4.178148	9.162410	13.075700	6.474310	1.837680	-9999	0.000463	-9999	-9999	-9999	-9999
11	19	4.725734	12.869500	17.559700	7.079780	3.833580	-9999	0.000000	-9999	-9999	-9999	-9999
11	20	4.384541	12.142000	16.784300	8.176030	3.546348	-9999	0.000000	-9999	-9999	-9999	-9999
11	21	4.518789	10.646100	15.036700	7.900610	1.927748	-9999	0.106746	-9999	-9999	-9999	-9999
11	22	1.771701	10.105400	13.015500	7.428840	1.077365	-9999	2.416030	-9999	-9999	-9999	-9999
11	23	4.236036	10.185100	14.498300	7.128210	1.559923	-9999	2.686610	-9999	-9999	-9999	-9999
11	24	2.996862	10.089800	15.034400	5.360050	1.265849	-9999	15.130300	-9999	-9999	-9999	-9999
11	25	3.937144	6.077670	9.625780	2.758800	1.384076	-9999	4.043830	-9999	-9999	-9999	-9999
11	26	2.068070	3.968290	6.290400	2.018290	0.936991	-9999	6.197160	-9999	-9999	-9999	-9999
11	27	2.321101	2.666690	4.031670	1.397900	0.371687	-9999	10.891500	-9999	-9999	-9999	-9999
11	28	2.755374	-0.341888	3.750420	-3.963830	0.953830	-9999	1.331500	-9999	-9999	-9999	-9999
11	29	3.861052	2.152340	4.784930	-3.599820	0.885649	-9999	0.000000	-9999	-9999	-9999	-9999
11	30	3.345322	3.403590	5.231680	1.135630	0.331943	-9999	8.854620	-9999	-9999	-9999	-9999
12	1	1.809544	2.525320	3.612270	1.561670	0.363320	-9999	17.160500	-9999	-9999	-9999	-9999
12	2	3.620169	2.391380	4.103000	-0.012517	0.521400	-9999	3.640930	-9999	-9999	-9999	-9999
12	3	2.055447	1.967680	3.680600	0.911403	0.405058	-9999	6.330170	-9999	-9999	-9999	-9999
12	4	3.405067	1.982720	3.978360	-0.505986	0.513591	-9999	0.493689	-9999	-9999	-9999	-9999
12	5	2.646337	2.031670	3.542420	0.675624	0.390157	-9999	1.012160	-9999	-9999	-9999	-9999
12	6	2.983988	0.682734	2.777340	-0.842321	0.640753	-9999	0.500781	-9999	-9999	-9999	-9999
12	7	2.045123	-1.675660	0.644623	-3.405550	0.573829	-9999	2.903910	-9999	-9999	-9999	-9999
12	8	2.104946	-2.249610	-0.463806	-3.848970	0.383798	-9999	8.387440	-9999	-9999	-9999	-9999
12	9	0.810619	-0.079961	1.304170	-1.959780	0.456419	-9999	3.567660	-9999	-9999	-9999	-9999
12	10	2.969153	0.884669	3.693600	-0.824285	0.589235	-9999	1.605130	-9999	-9999	-9999	-9999
12	11	0.924368	0.353785	2.436800	-0.985265	0.239430	-9999	10.309900	-9999	-9999	-9999	-9999
12	12	1.089262	-0.275151	2.200260	-2.134280	0.489913	-9999	4.831890	-9999	-9999	-9999	-9999
12	13	1.751579	-0.351781	0.833099	-1.048860	0.509881	-9999	7.653280	-9999	-9999	-9999	-9999
12	14	1.479660	1.005520	3.668610	-1.299570	0.485960	-9999	2.921530	-9999	-9999	-9999	-9999
12	15	2.021812	3.158350	5.540860	1.194640	0.727369	-9999	9.867600	-9999	-9999	-9999	-9999
12	16	2.337457	0.630732	2.847720	-0.843511	0.292735	-9999	7.080450	-9999	-9999	-9999	-9999
12	17	1.391325	-2.785830	0.524506	-5.356420	0.389545	-9999	9.088460	-9999	-9999	-9999	-9999
12	18	0.833946	2.181940	3.925050	-4.902260	0.381511	-9999	16.107300	-9999	-9999	-9999	-9999
12	19	0.984148	2.532590	4.166140	1.108090	0.135198	-9999	14.021700	-9999	-9999	-9999	-9999
12	20	3.134765	3.941770	5.746950	2.528320	1.109373	-9999	0.000000	-9999	-9999	-9999	-9999
12	21	1.553982	1.798820	4.741000	0.134730	0.468569	-9999	5.133950	-9999	-9999	-9999	-9999
12	22	1.548755	1.174920	2.776180	-0.602117	0.477223	-9999	21.102500	-9999	-9999	-9999	-9999
12	23	1.496871	1.424650	2.939060	0.326564	0.263973	-9999	3.746630	-9999	-9999	-9999	-9999
12	24	2.482220	0.933253	3.216860	-2.896980	0.227166	-9999	2.525710	-9999	-9999	-9999	-9999
12	25	2.988732	1.782830	3.540590	0.483210	0.116772	-9999	1.740810	-9999	-9999	-9999	-9999
12	26	2.317956	-1.650090	2.893830	-7.823400	0.369204	-9999	0.705293	-9999	-9999	-9999	-9999
12	27	2.913589	-9.708260	-6.362580	-12.736000	0.345414	-9999	0.197000	-9999	-9999	-9999	-9999
12	28	2.716839	-7.920380	-3.723720	-13.879500	0.256914	-9999	1.039820	-9999	-9999	-9999	-9999
12	29	3.416688	-5.472290	-0.961121	-9.630190	1.596065	-9999	0.014084	-9999	-9999	-9999	-9999
12	30	3.320482	-3.107090	0.345978	-9.115180	1.718312	-9999	0.000000	-9999	-9999	-9999	-9999
12	31	2.597979	2.699640	4.785770	-2.115730	1.331142	-9999	1.197520	-9999	-9999	-9999	-9999
