Month	n_days	Rg_f	Ta_f	Tmax	Tmin	VPD_f	Ts_f	Precip	SWC	LAI	ET	LITTERFALL
1	1	3.173809	3.761440	6.762330	0.503044	1.346908	-9999	0.000000	-9999	-9999	-9999	-9999
1	2	1.694805	3.097290	5.788640	1.906580	0.301375	-9999	5.376680	-9999	-9999	-9999	-9999
1	3	0.925620	1.929440	4.226100	0.195641	0.220628	-9999	5.186080	-9999	-9999	-9999	-9999
1	4	2.347186	0.246669	2.808530	-2.319710	0.612782	-9999	3.906890	-9999	-9999	-9999	-9999
1	5	2.204159	4.206660	6.437530	0.391960	1.092744	-9999	2.462520	-9999	-9999	-9999	-9999
1	6	1.269397	3.446800	6.775630	1.707120	0.938846	-9999	4.386510	-9999	-9999	-9999	-9999
1	7	3.371708	0.718379	3.679290	-1.161870	0.639751	-9999	2.270830	-9999	-9999	-9999	-9999
1	8	1.429428	1.227410	4.159640	-1.182840	0.509663	-9999	5.530890	-9999	-9999	-9999	-9999
1	9	3.316939	1.993100	5.460540	-4.049630	0.905015	-9999	0.272152	-9999	-9999	-9999	-9999
1	10	2.950111	2.635280	5.413390	-0.530983	0.639007	-9999	3.558670	-9999	-9999	-9999	-9999
1	11	1.792869	-2.154790	1.395840	-5.505990	0.486270	-9999	8.659100	-9999	-9999	-9999	-9999
1	12	3.905479	-1.976140	3.063230	-5.471600	0.658393	-9999	0.984034	-9999	-9999	-9999	-9999
1	13	2.207606	-2.388830	0.604156	-4.778170	0.320298	-9999	5.195700	-9999	-9999	-9999	-9999
1	14	3.378206	-3.280400	1.004520	-6.012460	0.475084	-9999	0.401925	-9999	-9999	-9999	-9999
1	15	2.542044	0.152491	3.287020	-5.703380	0.309496	-9999	2.888980	-9999	-9999	-9999	-9999
1	16	0.846319	1.193170	4.084470	-2.536540	0.423775	-9999	10.205300	-9999	-9999	-9999	-9999
1	17	1.685863	-3.107610	-0.610657	-4.310800	0.446633	-9999	4.371210	-9999	-9999	-9999	-9999
1	18	1.966507	-3.994790	-2.121580	-5.414160	0.462610	-9999	4.590310	-9999	-9999	-9999	-9999
1	19	1.415059	-5.835940	-2.954860	-7.572760	0.397704	-9999	2.741400	-9999	-9999	-9999	-9999
1	20	4.315257	-7.315130	-3.648040	-9.851880	0.598528	-9999	0.050283	-9999	-9999	-9999	-9999
1	21	4.518945	-7.869050	-4.101590	-11.359100	1.359842	-9999	0.000000	-9999	-9999	-9999	-9999
1	22	4.588661	-6.367620	-2.048520	-10.785800	0.817180	-9999	0.000000	-9999	-9999	-9999	-9999
1	23	4.686008	-3.251470	1.292210	-6.252420	1.196487	-9999	0.000000	-9999	-9999	-9999	-9999
1	24	4.777860	-1.192450	4.286990	-4.771430	1.465719	-9999	0.000000	-9999	-9999	-9999	-9999
1	25	4.902673	-0.155492	4.323430	-4.676800	1.462702	-9999	0.000000	-9999	-9999	-9999	-9999
1	26	4.389829	1.873500	4.859530	-1.477970	1.616873	-9999	0.000000	-9999	-9999	-9999	-9999
1	27	4.846643	2.177790	5.230710	-0.657936	0.778525	-9999	0.051058	-9999	-9999	-9999	-9999
1	28	2.873431	0.712275	3.534940	-2.441630	0.481124	-9999	2.039610	-9999	-9999	-9999	-9999
1	29	3.108197	3.516510	6.916440	-2.354960	1.596461	-9999	0.056279	-9999	-9999	-9999	-9999
1	30	1.812145	2.615080	6.458470	0.765892	0.395951	-9999	1.526620	-9999	-9999	-9999	-9999
1	31	1.889689	0.466487	3.119450	-1.073680	0.426704	-9999	3.050910	-9999	-9999	-9999	-9999
2	1	3.174129	0.902794	3.007380	-2.186090	0.184504	-9999	9.046670	-9999	-9999	-9999	-9999
2	2	2.164787	1.765980	3.143330	0.390352	0.085935	-9999	10.543400	-9999	-9999	-9999	-9999
2	3	5.746490	0.612358	3.888450	-3.243680	0.562414	-9999	0.463996	-9999	-9999	-9999	-9999
2	4	5.636840	3.035480	5.731410	-3.181270	2.013046	-9999	0.000000	-9999	-9999	-9999	-9999
2	5	5.857471	4.515680	7.031790	2.125090	2.592954	-9999	0.000000	-9999	-9999	-9999	-9999
2	6	6.043291	5.283620	9.057400	0.737703	3.099726	-9999	0.000000	-9999	-9999	-9999	-9999
2	7	4.041896	2.140560	5.909270	0.759034	0.307481	-9999	3.275470	-9999	-9999	-9999	-9999
2	8	2.927776	2.007650	3.494500	0.765901	0.487561	-9999	3.705800	-9999	-9999	-9999	-9999
2	9	2.946940	2.609150	4.844450	0.846559	0.293599	-9999	10.423100	-9999	-9999	-9999	-9999
2	10	2.433370	-1.037120	3.415580	-5.884980	0.282441	-9999	8.456450	-9999	-9999	-9999	-9999
2	11	5.124678	-6.125370	-1.649020	-9.816530	0.875496	-9999	0.263067	-9999	-9999	-9999	-9999
2	12	4.570793	-0.865486	3.845820	-9.919010	1.123575	-9999	3.009220	-9999	-9999	-9999	-9999
2	13	3.547161	0.629692	2.914270	-2.079530	0.135351	-9999	2.393980	-9999	-9999	-9999	-9999
2	14	6.873232	0.230522	3.414910	-3.151090	0.820872	-9999	0.019031	-9999	-9999	-9999	-9999
2	15	7.226548	1.978840	6.317560	-0.658202	2.324499	-9999	0.000000	-9999	-9999	-9999	-9999
2	16	7.290009	0.788323	6.797850	-2.747950	1.120382	-9999	0.000000	-9999	-9999	-9999	-9999
2	17	6.874347	0.359001	4.626860	-2.616480	0.629773	-9999	0.160104	-9999	-9999	-9999	-9999
2	18	3.715909	0.216271	2.584190	-2.400660	0.151387	-9999	11.200400	-9999	-9999	-9999	-9999
2	19	4.857287	-1.152660	2.530760	-4.658900	0.461798	-9999	1.434740	-9999	-9999	-9999	-9999
2	20	7.952325	-1.477520	3.043480	-4.898340	0.972591	-9999	0.000000	-9999	-9999	-9999	-9999
2	21	8.381975	-0.628303	4.067190	-7.187830	1.230613	-9999	0.000000	-9999	-9999	-9999	-9999
2	22	7.259527	0.951775	3.978600	-1.203920	0.477070	-9999	0.000634	-9999	-9999	-9999	-9999
2	23	7.178699	1.425350	5.584620	-1.492610	1.319699	-9999	0.000000	-9999	-9999	-9999	-9999
2	24	4.662196	2.702540	5.294670	-0.744170	1.260903	-9999	0.700225	-9999	-9999	-9999	-9999
2	25	4.196491	4.112360	7.492210	2.120760	1.128687	-9999	0.024412	-9999	-9999	-9999	-9999
2	26	6.183242	2.479360	4.899590	0.753175	0.466983	-9999	4.540780	-9999	-9999	-9999	-9999
2	27	2.978865	1.024770	3.218350	-0.742644	0.568694	-9999	2.760720	-9999	-9999	-9999	-9999
2	28	9.758793	0.780144	6.032500	-3.858430	1.107052	-9999	0.004148	-9999	-9999	-9999	-9999
3	1	7.550340	5.296420	9.853660	0.636393	1.162257	-9999	0.000931	-9999	-9999	-9999	-9999
3	2	8.304932	6.362160	10.189400	4.080970	0.996406	-9999	0.258824	-9999	-9999	-9999	-9999
3	3	6.215356	7.201600	10.646000	3.895150	0.960298	-9999	6.385100	-9999	-9999	-9999	-9999
3	4	10.497168	6.007660	11.258000	2.628850	1.535405	-9999	5.252740	-9999	-9999	-9999	-9999
3	5	4.948526	-2.654720	4.973620	-7.597190	0.701909	-9999	8.335830	-9999	-9999	-9999	-9999
3	6	5.850308	-7.012420	-2.968730	-10.921000	0.620784	-9999	1.778500	-9999	-9999	-9999	-9999
3	7	10.875514	-4.969600	2.010920	-12.016400	0.985888	-9999	0.000026	-9999	-9999	-9999	-9999
3	8	10.839053	-2.437800	3.337180	-7.139180	0.967232	-9999	0.000459	-9999	-9999	-9999	-9999
3	9	9.260611	-1.436760	4.018700	-4.847070	0.931017	-9999	0.054101	-9999	-9999	-9999	-9999
3	10	10.699430	2.154970	6.966570	-4.537920	1.141489	-9999	7.856710	-9999	-9999	-9999	-9999
3	11	11.507271	4.134220	9.539110	-0.953329	1.777866	-9999	0.003798	-9999	-9999	-9999	-9999
3	12	11.565159	4.693210	9.905480	1.314130	1.790125	-9999	0.000000	-9999	-9999	-9999	-9999
3	13	9.693475	6.361700	12.324300	2.030560	1.317749	-9999	0.807332	-9999	-9999	-9999	-9999
3	14	6.287535	7.636420	12.342400	4.120680	0.940883	-9999	7.033990	-9999	-9999	-9999	-9999
3	15	8.399808	6.794410	12.736400	3.530040	0.973932	-9999	2.992070	-9999	-9999	-9999	-9999
3	16	5.648158	6.264590	10.941400	2.612220	0.760461	-9999	14.661400	-9999	-9999	-9999	-9999
3	17	5.586200	4.958100	8.703510	2.494120	0.739139	-9999	1.929570	-9999	-9999	-9999	-9999
3	18	7.448699	5.406620	9.327350	2.470800	0.735224	-9999	7.222280	-9999	-9999	-9999	-9999
3	19	13.162176	6.234750	11.992600	2.748210	1.424307	-9999	1.906520	-9999	-9999	-9999	-9999
3	20	13.298255	6.436620	10.457700	3.606940	1.424868	-9999	0.175720	-9999	-9999	-9999	-9999
3	21	9.938851	6.776160	11.402300	2.743270	1.160722	-9999	8.089660	-9999	-9999	-9999	-9999
3	22	4.623022	3.844150	6.871910	1.530100	0.369335	-9999	14.837600	-9999	-9999	-9999	-9999
3	23	9.888480	2.674690	7.765980	-2.134570	1.294471	-9999	1.857940	-9999	-9999	-9999	-9999
3	24	14.771548	1.097350	7.552700	-3.019770	2.119543	-9999	0.000000	-9999	-9999	-9999	-9999
3	25	14.745802	2.656160	8.963460	-3.839380	2.212880	-9999	0.000000	-9999	-9999	-9999	-9999
3	26	12.674880	4.192720	9.035060	-0.031057	1.905166	-9999	0.099991	-9999	-9999	-9999	-9999
3	27	13.625971	3.728850	8.888300	0.219950	1.777830	-9999	0.166097	-9999	-9999	-9999	-9999
3	28	15.344035	2.064430	7.395560	-1.980150	1.843206	-9999	0.024056	-9999	-9999	-9999	-9999
3	29	12.294029	5.091950	11.400900	-1.398120	2.079547	-9999	0.081791	-9999	-9999	-9999	-9999
3	30	8.498027	6.325870	11.026500	3.075110	1.258922	-9999	1.870210	-9999	-9999	-9999	-9999
3	31	10.006503	5.789710	10.877000	2.609380	1.087048	-9999	8.098580	-9999	-9999	-9999	-9999
4	1	9.063965	2.254620	5.618410	0.062277	0.884743	-9999	15.345400	-9999	-9999	-9999	-9999
4	2	9.047981	1.599100	3.594180	-1.158240	0.355121	-9999	11.329600	-9999	-9999	-9999	-9999
4	3	11.633156	2.963210	8.103880	-0.477488	1.311163	-9999	0.472956	-9999	-9999	-9999	-9999
4	4	10.924589	3.481090	7.950720	-1.347330	1.350529	-9999	2.528950	-9999	-9999	-9999	-9999
4	5	5.264058	3.064860	7.408360	0.721731	0.718019	-9999	3.808490	-9999	-9999	-9999	-9999
4	6	14.022288	5.481120	10.561800	-0.317393	1.588153	-9999	1.768710	-9999	-9999	-9999	-9999
4	7	14.313629	6.215370	13.392700	1.976340	1.193383	-9999	0.841247	-9999	-9999	-9999	-9999
4	8	10.362038	6.833320	12.557500	1.841790	1.019057	-9999	0.134960	-9999	-9999	-9999	-9999
4	9	9.875779	7.829570	12.807600	3.779200	1.416466	-9999	3.714960	-9999	-9999	-9999	-9999
4	10	12.708403	7.567580	12.295700	3.044520	2.105968	-9999	1.316070	-9999	-9999	-9999	-9999
4	11	6.410811	5.502390	9.407410	1.109700	1.361218	-9999	8.177350	-9999	-9999	-9999	-9999
4	12	10.465978	1.441840	3.990540	-1.232400	1.032595	-9999	7.177020	-9999	-9999	-9999	-9999
4	13	12.811132	1.405980	5.686890	-2.734630	1.339708	-9999	1.286480	-9999	-9999	-9999	-9999
4	14	8.043650	-0.651144	1.735870	-2.851540	1.091632	-9999	2.873850	-9999	-9999	-9999	-9999
4	15	8.650714	2.032360	4.974950	-2.320840	1.155443	-9999	2.276930	-9999	-9999	-9999	-9999
4	16	11.215151	3.787940	8.128270	0.701437	1.569380	-9999	0.427858	-9999	-9999	-9999	-9999
4	17	12.461213	3.876600	7.891120	1.127000	1.057197	-9999	7.141560	-9999	-9999	-9999	-9999
4	18	12.606797	5.673870	10.174800	1.245840	1.548087	-9999	5.442430	-9999	-9999	-9999	-9999
4	19	6.825444	5.957220	9.668980	2.540300	1.466649	-9999	4.521080	-9999	-9999	-9999	-9999
4	20	9.711015	4.681100	9.221930	1.300250	1.453742	-9999	1.004620	-9999	-9999	-9999	-9999
4	21	19.447258	9.948470	16.891000	1.699060	3.130396	-9999	0.000000	-9999	-9999	-9999	-9999
4	22	8.307731	11.194000	15.308500	6.814840	1.232252	-9999	2.424750	-9999	-9999	-9999	-9999
4	23	11.770359	10.538800	15.156000	6.608540	1.541129	-9999	0.324490	-9999	-9999	-9999	-9999
4	24	18.686937	11.617100	18.719500	5.658590	2.644379	-9999	0.370852	-9999	-9999	-9999	-9999
4	25	4.606356	7.866100	10.486600	4.891190	1.402046	-9999	14.524100	-9999	-9999	-9999	-9999
4	26	8.530151	6.147100	10.457100	1.432330	1.192148	-9999	7.359680	-9999	-9999	-9999	-9999
4	27	5.686684	4.298010	7.367680	1.162400	1.063912	-9999	9.433040	-9999	-9999	-9999	-9999
4	28	7.109105	2.414960	3.509400	1.161180	0.052731	-9999	30.843400	-9999	-9999	-9999	-9999
4	29	6.360249	2.366830	3.509520	0.969015	0.054071	-9999	38.820800	-9999	-9999	-9999	-9999
4	30	5.026856	2.862530	5.035010	0.523885	0.204259	-9999	9.692260	-9999	-9999	-9999	-9999
5	1	19.205683	3.752500	8.471840	-1.995420	1.568915	-9999	0.000000	-9999	-9999	-9999	-9999
5	2	20.576159	8.116080	14.117300	1.661230	1.824015	-9999	0.000000	-9999	-9999	-9999	-9999
5	3	8.866541	10.649000	15.777300	4.816230	1.939956	-9999	0.875171	-9999	-9999	-9999	-9999
5	4	7.146947	9.385800	14.792900	2.988350	1.274112	-9999	9.323270	-9999	-9999	-9999	-9999
5	5	7.170889	3.939570	7.435860	0.541633	1.660806	-9999	3.373630	-9999	-9999	-9999	-9999
5	6	9.293616	2.447050	4.960030	-0.385399	1.582376	-9999	2.701060	-9999	-9999	-9999	-9999
5	7	9.795773	3.633810	7.244910	0.355018	1.070861	-9999	3.698150	-9999	-9999	-9999	-9999
5	8	10.328429	7.195060	12.767300	1.377690	1.525490	-9999	4.747380	-9999	-9999	-9999	-9999
5	9	7.134151	8.404110	13.291700	4.249000	1.415844	-9999	11.957500	-9999	-9999	-9999	-9999
5	10	12.083299	5.218530	8.727610	1.347880	1.410765	-9999	3.210280	-9999	-9999	-9999	-9999
5	11	8.948534	4.795470	8.999520	1.417820	1.224916	-9999	4.997230	-9999	-9999	-9999	-9999
5	12	14.803517	7.168390	11.796900	1.757270	2.173593	-9999	0.978351	-9999	-9999	-9999	-9999
5	13	18.861551	10.001300	16.288600	2.621890	2.614394	-9999	0.000000	-9999	-9999	-9999	-9999
5	14	20.317392	13.066200	19.456000	5.249920	2.939207	-9999	0.000000	-9999	-9999	-9999	-9999
5	15	20.183559	14.344000	20.259000	10.123500	3.194633	-9999	0.000000	-9999	-9999	-9999	-9999
5	16	5.923826	9.173760	13.565600	6.082800	1.067732	-9999	9.841430	-9999	-9999	-9999	-9999
5	17	7.989866	8.992980	12.918800	5.422980	1.571271	-9999	1.846720	-9999	-9999	-9999	-9999
5	18	16.832707	10.352600	15.421800	5.092380	2.614887	-9999	0.070239	-9999	-9999	-9999	-9999
5	19	8.189787	6.464170	10.114700	2.945470	1.263868	-9999	9.284940	-9999	-9999	-9999	-9999
5	20	10.716711	6.673240	10.880500	2.146310	1.544461	-9999	7.795090	-9999	-9999	-9999	-9999
5	21	12.569041	7.990530	11.408400	3.451180	1.544594	-9999	2.271850	-9999	-9999	-9999	-9999
5	22	12.051504	10.276600	13.916900	6.249550	1.637153	-9999	5.201090	-9999	-9999	-9999	-9999
5	23	7.049299	8.887050	11.837100	6.494090	1.248203	-9999	6.042720	-9999	-9999	-9999	-9999
5	24	12.203913	9.583860	14.571900	6.427860	1.716202	-9999	2.306700	-9999	-9999	-9999	-9999
5	25	7.259293	12.093900	16.767600	7.236340	1.736739	-9999	6.982160	-9999	-9999	-9999	-9999
5	26	18.761501	11.565800	17.203100	7.681950	2.067641	-9999	5.970030	-9999	-9999	-9999	-9999
5	27	7.375994	8.315490	10.536600	6.132420	1.458266	-9999	11.806300	-9999	-9999	-9999	-9999
5	28	11.609740	8.017570	13.333000	3.358040	1.351832	-9999	4.488400	-9999	-9999	-9999	-9999
5	29	8.562637	7.921080	11.340900	4.002600	1.246527	-9999	9.267370	-9999	-9999	-9999	-9999
5	30	12.731990	7.779720	12.009200	4.914250	1.670121	-9999	1.014180	-9999	-9999	-9999	-9999
5	31	17.112816	8.771170	12.798900	4.669870	2.102608	-9999	0.348176	-9999	-9999	-9999	-9999
6	1	16.510090	7.610750	12.597500	3.746830	1.710432	-9999	1.466530	-9999	-9999	-9999	-9999
6	2	18.152813	8.531930	13.559500	3.177000	2.305938	-9999	0.000000	-9999	-9999	-9999	-9999
6	3	24.600328	10.878900	17.825800	4.871920	3.844852	-9999	0.000000	-9999	-9999	-9999	-9999
6	4	13.618282	9.937780	17.475100	3.829320	2.002270	-9999	8.398200	-9999	-9999	-9999	-9999
6	5	19.810483	8.112400	12.415700	3.705540	2.322956	-9999	0.196380	-9999	-9999	-9999	-9999
6	6	14.675041	10.175800	13.945900	5.835120	2.009945	-9999	0.503211	-9999	-9999	-9999	-9999
6	7	2.385616	5.540690	9.863150	1.737150	0.623833	-9999	17.597100	-9999	-9999	-9999	-9999
6	8	16.683148	8.068820	13.281200	2.226380	2.258194	-9999	3.552670	-9999	-9999	-9999	-9999
6	9	10.371542	8.490120	12.268300	5.563810	1.664584	-9999	4.967130	-9999	-9999	-9999	-9999
6	10	18.724176	10.454500	15.159700	4.817510	2.185903	-9999	2.167750	-9999	-9999	-9999	-9999
6	11	22.662289	13.381300	18.840000	6.056610	3.055561	-9999	0.193057	-9999	-9999	-9999	-9999
6	12	7.010038	12.653700	16.917600	9.614660	1.242240	-9999	3.740880	-9999	-9999	-9999	-9999
6	13	9.758793	13.401500	17.234200	9.998260	1.120551	-9999	9.196430	-9999	-9999	-9999	-9999
6	14	3.638969	9.724400	13.429800	6.435090	0.810339	-9999	22.977600	-9999	-9999	-9999	-9999
6	15	3.962702	7.941720	10.185400	5.877930	0.817294	-9999	17.159900	-9999	-9999	-9999	-9999
6	16	10.205222	8.568700	15.323600	5.647190	1.206091	-9999	1.025120	-9999	-9999	-9999	-9999
6	17	16.671658	11.657800	17.590700	7.353880	2.168024	-9999	5.308960	-9999	-9999	-9999	-9999
6	18	12.478493	11.592200	16.426700	7.086060	3.177714	-9999	0.000000	-9999	-9999	-9999	-9999
6	19	22.963650	13.764800	20.534500	6.453520	3.527624	-9999	0.021488	-9999	-9999	-9999	-9999
6	20	15.049498	14.608700	19.328500	8.883850	1.766417	-9999	13.938700	-9999	-9999	-9999	-9999
6	21	9.007027	13.134500	17.462900	10.586200	1.844018	-9999	2.895070	-9999	-9999	-9999	-9999
6	22	14.309482	14.011600	18.177400	9.481750	1.773973	-9999	2.170920	-9999	-9999	-9999	-9999
6	23	18.456249	16.994200	23.264900	11.093600	2.704454	-9999	9.509000	-9999	-9999	-9999	-9999
6	24	2.726421	11.767600	14.990900	10.220000	1.572446	-9999	12.862300	-9999	-9999	-9999	-9999
6	25	6.470695	13.078600	15.318300	9.927340	1.674238	-9999	0.902801	-9999	-9999	-9999	-9999
6	26	8.327707	15.368800	18.500900	11.187600	2.384812	-9999	3.342310	-9999	-9999	-9999	-9999
6	27	17.662493	15.782800	21.109900	11.216900	2.347286	-9999	9.202970	-9999	-9999	-9999	-9999
6	28	19.161619	10.952600	15.382500	6.767180	2.441772	-9999	0.004576	-9999	-9999	-9999	-9999
6	29	18.846518	12.226800	18.127100	6.500920	2.764181	-9999	0.911403	-9999	-9999	-9999	-9999
6	30	7.633137	10.458300	12.941100	7.607820	1.505639	-9999	2.308580	-9999	-9999	-9999	-9999
7	1	13.373079	12.527800	17.084200	9.353640	2.217944	-9999	3.555780	-9999	-9999	-9999	-9999
7	2	19.785773	12.941500	18.516600	7.696140	3.061848	-9999	0.000000	-9999	-9999	-9999	-9999
7	3	22.461063	14.422300	20.449500	7.719820	3.756444	-9999	0.000000	-9999	-9999	-9999	-9999
7	4	22.473677	15.564600	21.953200	9.169310	4.158746	-9999	0.000000	-9999	-9999	-9999	-9999
7	5	22.378378	18.707300	25.920700	10.413100	5.274137	-9999	0.409646	-9999	-9999	-9999	-9999
7	6	10.112342	16.364800	21.143800	13.949900	1.801654	-9999	6.999890	-9999	-9999	-9999	-9999
7	7	3.026506	12.621700	16.024600	9.665890	1.416496	-9999	11.262200	-9999	-9999	-9999	-9999
7	8	12.310704	12.536400	17.182700	9.634460	1.810297	-9999	0.073812	-9999	-9999	-9999	-9999
7	9	17.356032	14.687100	20.056500	8.936190	3.551980	-9999	0.000759	-9999	-9999	-9999	-9999
7	10	13.877482	16.378300	21.211600	10.965700	3.373378	-9999	5.255630	-9999	-9999	-9999	-9999
7	11	5.007830	15.859900	19.031300	12.640900	1.373152	-9999	5.931680	-9999	-9999	-9999	-9999
7	12	2.922005	12.291800	14.718000	10.572400	1.127381	-9999	14.196800	-9999	-9999	-9999	-9999
7	13	9.851069	10.677900	13.819700	8.528810	2.152273	-9999	2.978500	-9999	-9999	-9999	-9999
7	14	4.647508	11.138200	13.387600	8.376890	0.788156	-9999	23.034800	-9999	-9999	-9999	-9999
7	15	9.760089	9.645520	13.239300	6.078280	1.992235	-9999	0.095779	-9999	-9999	-9999	-9999
7	16	15.251241	11.412100	16.478100	5.958190	2.042229	-9999	0.123561	-9999	-9999	-9999	-9999
7	17	22.321612	14.909500	21.242400	7.627350	3.018075	-9999	0.000000	-9999	-9999	-9999	-9999
7	18	4.547077	11.623200	15.721600	8.276060	1.828088	-9999	2.082990	-9999	-9999	-9999	-9999
7	19	21.540556	12.564800	17.526700	7.820740	3.052387	-9999	0.104771	-9999	-9999	-9999	-9999
7	20	15.200179	14.113800	19.531800	9.742950	2.599834	-9999	1.067210	-9999	-9999	-9999	-9999
7	21	22.634121	18.238800	26.061900	10.130800	5.811581	-9999	0.004761	-9999	-9999	-9999	-9999
7	22	18.787421	19.751200	26.019700	13.331100	5.595523	-9999	0.021925	-9999	-9999	-9999	-9999
7	23	21.203942	19.809900	26.667700	14.293800	4.475356	-9999	0.007655	-9999	-9999	-9999	-9999
7	24	13.782874	20.263300	26.674600	14.690800	3.381318	-9999	2.562030	-9999	-9999	-9999	-9999
7	25	21.884083	22.363800	29.685500	17.082700	6.246092	-9999	0.000001	-9999	-9999	-9999	-9999
7	26	9.289296	17.647500	27.033400	12.808200	2.565866	-9999	11.979300	-9999	-9999	-9999	-9999
7	27	4.767016	13.396800	15.636800	11.206900	1.986318	-9999	3.161330	-9999	-9999	-9999	-9999
7	28	21.673094	16.787800	23.847800	9.327700	3.997711	-9999	0.891483	-9999	-9999	-9999	-9999
7	29	7.732014	14.289000	18.631100	11.570800	1.926658	-9999	13.744800	-9999	-9999	-9999	-9999
7	30	6.691231	12.784600	17.422300	8.893530	1.824267	-9999	16.122300	-9999	-9999	-9999	-9999
7	31	4.043805	9.707840	12.831700	7.510220	1.225168	-9999	21.463400	-9999	-9999	-9999	-9999
8	1	12.403929	9.774390	14.326900	6.776600	1.675434	-9999	0.962718	-9999	-9999	-9999	-9999
8	2	4.836888	12.198300	14.292800	7.617140	1.014271	-9999	10.078100	-9999	-9999	-9999	-9999
8	3	0.971654	13.048700	14.209200	11.191800	0.199049	-9999	14.064900	-9999	-9999	-9999	-9999
8	4	10.203754	16.707900	20.660400	12.269600	3.079823	-9999	0.000037	-9999	-9999	-9999	-9999
8	5	20.668435	20.797700	27.927200	12.895200	6.061775	-9999	0.025768	-9999	-9999	-9999	-9999
8	6	15.407280	20.946900	27.265400	16.156100	3.849646	-9999	4.584640	-9999	-9999	-9999	-9999
8	7	7.847539	19.591400	23.067600	15.881400	2.082086	-9999	5.010440	-9999	-9999	-9999	-9999
8	8	18.476899	19.971600	26.655400	14.922200	3.825910	-9999	9.066240	-9999	-9999	-9999	-9999
8	9	11.903328	15.634300	19.869000	12.880800	2.748995	-9999	5.652830	-9999	-9999	-9999	-9999
8	10	12.459917	17.269000	21.830900	12.099300	2.701657	-9999	0.000000	-9999	-9999	-9999	-9999
8	11	2.952876	15.056400	17.309600	13.118700	0.910943	-9999	0.000005	-9999	-9999	-9999	-9999
8	12	10.272096	14.653500	18.858100	11.251100	2.198956	-9999	0.000000	-9999	-9999	-9999	-9999
8	13	16.280611	14.526600	19.655100	9.920000	2.725870	-9999	0.000000	-9999	-9999	-9999	-9999
8	14	14.390179	12.453700	18.009300	8.031790	2.088535	-9999	0.000000	-9999	-9999	-9999	-9999
8	15	20.206368	14.690100	21.694000	7.629720	3.346299	-9999	0.000000	-9999	-9999	-9999	-9999
8	16	20.021472	18.049600	25.778500	10.712400	6.633888	-9999	0.000000	-9999	-9999	-9999	-9999
8	17	17.460145	20.705300	27.972400	13.869100	6.320516	-9999	0.186120	-9999	-9999	-9999	-9999
8	18	2.120135	17.452700	19.423200	15.351700	0.888178	-9999	29.542200	-9999	-9999	-9999	-9999
8	19	2.436247	15.560000	18.417800	12.921100	1.159430	-9999	12.291700	-9999	-9999	-9999	-9999
8	20	14.849136	15.494700	19.925000	11.191100	2.222254	-9999	0.000000	-9999	-9999	-9999	-9999
8	21	19.018887	16.251700	22.977900	10.581200	3.269552	-9999	0.000000	-9999	-9999	-9999	-9999
8	22	11.867041	17.501200	22.473100	11.732700	2.410723	-9999	4.809860	-9999	-9999	-9999	-9999
8	23	8.878982	16.418600	19.796500	13.879400	1.764666	-9999	4.180660	-9999	-9999	-9999	-9999
8	24	8.693395	14.151600	17.611100	10.497000	1.611685	-9999	0.010410	-9999	-9999	-9999	-9999
8	25	18.693417	13.456500	20.264400	8.670120	3.436971	-9999	0.000000	-9999	-9999	-9999	-9999
8	26	18.788285	14.423300	22.236000	7.988880	5.677670	-9999	0.000000	-9999	-9999	-9999	-9999
8	27	16.917206	17.576900	23.610400	10.881700	3.757523	-9999	3.733060	-9999	-9999	-9999	-9999
8	28	5.138994	16.937000	20.762600	14.147000	1.359201	-9999	18.265600	-9999	-9999	-9999	-9999
8	29	6.848470	12.922400	17.915800	10.100100	1.262441	-9999	2.071910	-9999	-9999	-9999	-9999
8	30	17.313696	17.075500	23.252700	10.126600	3.181554	-9999	0.000000	-9999	-9999	-9999	-9999
8	31	9.356083	15.379700	19.493700	11.532600	1.447240	-9999	2.923710	-9999	-9999	-9999	-9999
9	1	13.644979	16.095600	21.047700	10.125000	3.067211	-9999	0.000000	-9999	-9999	-9999	-9999
9	2	13.972694	17.611900	23.893200	12.515600	3.558417	-9999	0.585995	-9999	-9999	-9999	-9999
9	3	9.528019	15.545200	19.455700	12.057900	1.992158	-9999	0.000000	-9999	-9999	-9999	-9999
9	4	0.868873	11.074100	15.515500	6.434550	1.378604	-9999	17.042800	-9999	-9999	-9999	-9999
9	5	10.755331	8.302970	12.043700	4.935220	2.462366	-9999	0.065294	-9999	-9999	-9999	-9999
9	6	16.043875	11.878200	18.224400	4.656990	3.346891	-9999	0.000000	-9999	-9999	-9999	-9999
9	7	4.177613	10.616500	14.850500	7.405560	1.708240	-9999	7.226010	-9999	-9999	-9999	-9999
9	8	8.328744	9.056410	12.573800	6.623760	1.892521	-9999	1.607190	-9999	-9999	-9999	-9999
9	9	10.184659	10.422300	14.450200	6.289100	1.605692	-9999	9.104920	-9999	-9999	-9999	-9999
9	10	8.946893	7.859610	11.381000	4.553510	1.515214	-9999	10.742300	-9999	-9999	-9999	-9999
9	11	7.400367	7.644430	11.362100	4.147130	1.583082	-9999	4.356330	-9999	-9999	-9999	-9999
9	12	7.666021	5.251540	8.496980	2.169530	1.178061	-9999	0.286553	-9999	-9999	-9999	-9999
9	13	10.007971	6.700460	10.543800	1.537420	1.518692	-9999	1.805700	-9999	-9999	-9999	-9999
9	14	3.902463	5.327100	8.455510	1.559490	1.127273	-9999	6.120160	-9999	-9999	-9999	-9999
9	15	4.866333	2.426620	4.732910	0.568033	0.595032	-9999	19.073700	-9999	-9999	-9999	-9999
9	16	6.416755	1.431380	2.845950	-0.119894	0.224527	-9999	16.528100	-9999	-9999	-9999	-9999
9	17	11.906784	2.934340	8.345740	-1.146900	0.784170	-9999	0.153045	-9999	-9999	-9999	-9999
9	18	13.239849	8.764060	13.959500	2.047310	2.434835	-9999	0.018674	-9999	-9999	-9999	-9999
9	19	6.402629	12.106500	15.721700	6.280920	1.482163	-9999	6.481700	-9999	-9999	-9999	-9999
9	20	11.843539	15.625800	19.937300	11.033000	2.325693	-9999	1.896500	-9999	-9999	-9999	-9999
9	21	13.856400	11.431700	16.381900	7.344710	2.954965	-9999	0.000000	-9999	-9999	-9999	-9999
9	22	7.821394	10.384500	15.136200	6.914040	1.306176	-9999	25.752000	-9999	-9999	-9999	-9999
9	23	2.552299	6.541250	9.759340	2.903540	0.971421	-9999	18.814200	-9999	-9999	-9999	-9999
9	24	4.616387	4.315840	6.438330	2.296950	0.960739	-9999	3.032540	-9999	-9999	-9999	-9999
9	25	6.448810	4.282120	7.231540	1.452490	1.465912	-9999	0.216122	-9999	-9999	-9999	-9999
9	26	12.532233	5.800430	11.420500	1.176680	1.710847	-9999	0.000000	-9999	-9999	-9999	-9999
9	27	9.449655	8.608900	13.920500	2.848090	2.173839	-9999	0.392473	-9999	-9999	-9999	-9999
9	28	11.854945	10.330000	16.498900	4.636030	2.656105	-9999	0.178243	-9999	-9999	-9999	-9999
9	29	7.628273	10.657300	14.310100	7.275340	1.470514	-9999	0.026757	-9999	-9999	-9999	-9999
9	30	7.200196	9.448690	13.111000	5.758190	1.441439	-9999	0.086737	-9999	-9999	-9999	-9999
10	1	11.910241	11.631300	19.122500	6.289000	2.550345	-9999	0.000000	-9999	-9999	-9999	-9999
10	2	11.862202	10.830700	18.061000	5.866090	2.144656	-9999	0.000000	-9999	-9999	-9999	-9999
10	3	7.555153	13.484900	17.058000	7.176360	2.307930	-9999	0.152610	-9999	-9999	-9999	-9999
10	4	3.149608	11.864500	19.270300	7.057340	1.044403	-9999	8.582560	-9999	-9999	-9999	-9999
10	5	8.292335	10.453000	15.364400	6.140290	2.101737	-9999	3.528430	-9999	-9999	-9999	-9999
10	6	4.575329	8.170970	11.953200	4.605960	1.461929	-9999	4.325590	-9999	-9999	-9999	-9999
10	7	7.852628	11.424500	16.802900	5.623290	1.875770	-9999	1.124700	-9999	-9999	-9999	-9999
10	8	8.139260	9.709820	15.491300	2.125820	1.767986	-9999	18.953300	-9999	-9999	-9999	-9999
10	9	2.722862	3.963360	5.598310	2.115810	0.076957	-9999	10.878200	-9999	-9999	-9999	-9999
10	10	3.757009	5.169900	9.162670	2.184050	1.358647	-9999	0.240797	-9999	-9999	-9999	-9999
10	11	7.667914	6.416550	11.428100	2.245090	1.489307	-9999	1.341480	-9999	-9999	-9999	-9999
10	12	5.470839	7.671460	13.376900	3.455410	1.701879	-9999	4.729380	-9999	-9999	-9999	-9999
10	13	8.869997	7.231920	11.896800	2.418580	1.811816	-9999	0.590432	-9999	-9999	-9999	-9999
10	14	3.258179	7.989700	11.394900	4.711820	0.780652	-9999	2.517780	-9999	-9999	-9999	-9999
10	15	7.193612	9.593120	13.657300	5.196560	1.330588	-9999	0.003094	-9999	-9999	-9999	-9999
10	16	1.828734	7.102830	11.239000	2.156550	0.458083	-9999	20.413900	-9999	-9999	-9999	-9999
10	17	3.733957	1.551010	5.147440	-2.811890	0.676385	-9999	7.768640	-9999	-9999	-9999	-9999
10	18	8.522885	3.981060	9.513630	-5.047150	2.043807	-9999	0.427085	-9999	-9999	-9999	-9999
10	19	8.156289	9.193100	15.657700	4.477230	1.741516	-9999	0.030349	-9999	-9999	-9999	-9999
10	20	4.909455	10.793400	17.085900	6.003630	1.771320	-9999	4.898010	-9999	-9999	-9999	-9999
10	21	7.354152	8.472670	13.990900	3.580470	1.476258	-9999	3.673090	-9999	-9999	-9999	-9999
10	22	4.759551	4.719590	7.960130	1.904390	0.694196	-9999	2.060130	-9999	-9999	-9999	-9999
10	23	8.382752	5.681140	10.226500	1.375700	1.631126	-9999	0.000000	-9999	-9999	-9999	-9999
10	24	7.179883	5.487200	10.322700	2.007450	1.033935	-9999	1.900220	-9999	-9999	-9999	-9999
10	25	4.394917	2.415540	5.296610	-0.382875	1.062515	-9999	6.704520	-9999	-9999	-9999	-9999
10	26	2.291147	1.116160	3.487810	-1.577910	0.422973	-9999	13.242500	-9999	-9999	-9999	-9999
10	27	2.594022	1.493700	3.657270	-2.104160	0.357015	-9999	7.495200	-9999	-9999	-9999	-9999
10	28	4.839843	4.376540	7.509990	0.016448	0.853410	-9999	1.845530	-9999	-9999	-9999	-9999
10	29	6.220403	4.621900	7.521860	2.063540	0.588199	-9999	0.000000	-9999	-9999	-9999	-9999
10	30	3.574575	9.472940	12.710600	3.300470	1.493344	-9999	2.536580	-9999	-9999	-9999	-9999
10	31	1.522429	9.302170	12.938000	5.007170	1.157938	-9999	4.447660	-9999	-9999	-9999	-9999
11	1	6.736876	8.258480	12.127800	4.883770	1.411384	-9999	0.011093	-9999	-9999	-9999	-9999
11	2	3.698170	10.585200	14.436200	7.152050	1.417318	-9999	1.739440	-9999	-9999	-9999	-9999
11	3	1.733910	3.407320	8.935510	2.116620	0.136286	-9999	17.849200	-9999	-9999	-9999	-9999
11	4	6.539192	5.915040	10.330100	1.428500	2.489261	-9999	0.015100	-9999	-9999	-9999	-9999
11	5	6.135498	6.839290	11.885500	4.199160	1.999975	-9999	0.000000	-9999	-9999	-9999	-9999
11	6	1.553256	4.587040	7.757100	1.981820	0.490676	-9999	11.375700	-9999	-9999	-9999	-9999
11	7	2.505246	2.207520	3.811480	0.831642	0.298851	-9999	13.844700	-9999	-9999	-9999	-9999
11	8	1.240108	2.839780	4.482720	0.830299	0.141309	-9999	4.402000	-9999	-9999	-9999	-9999
11	9	5.465940	2.899750	6.378190	-1.722620	1.156555	-9999	0.000444	-9999	-9999	-9999	-9999
11	10	5.589303	2.770600	6.499960	0.756935	1.826109	-9999	0.000000	-9999	-9999	-9999	-9999
11	11	5.544418	3.524870	6.045060	0.837806	1.147309	-9999	0.000000	-9999	-9999	-9999	-9999
11	12	5.543424	4.982670	7.989710	2.467050	1.994273	-9999	0.000000	-9999	-9999	-9999	-9999
11	13	4.925413	5.549350	8.271900	3.369270	2.428739	-9999	0.115039	-9999	-9999	-9999	-9999
11	14	3.509387	5.230350	7.732690	2.548840	1.147854	-9999	0.370170	-9999	-9999	-9999	-9999
11	15	5.215717	4.986300	9.429340	2.870890	1.426982	-9999	0.042716	-9999	-9999	-9999	-9999
11	16	3.667533	6.195430	10.101300	3.143710	1.997736	-9999	0.067284	-9999	-9999	-9999	-9999
11	17	4.164687	7.654020	12.088400	4.195560	1.595874	-9999	0.164212	-9999	-9999	-9999	-9999
11	18	1.014016	5.936190	8.747490	4.311410	0.370173	-9999	1.402010	-9999	-9999	-9999	-9999
11	19	1.810685	2.018740	6.415610	-0.548607	0.564664	-9999	9.461230	-9999	-9999	-9999	-9999
11	20	4.876001	2.014160	5.186030	-1.049920	1.586678	-9999	0.000070	-9999	-9999	-9999	-9999
11	21	3.694516	6.138820	8.473840	1.498910	3.315255	-9999	0.000000	-9999	-9999	-9999	-9999
11	22	4.380558	6.477630	9.792840	3.925330	2.643306	-9999	0.002709	-9999	-9999	-9999	-9999
11	23	3.467085	6.909240	10.710800	3.502360	1.255912	-9999	1.475850	-9999	-9999	-9999	-9999
11	24	1.424840	4.301330	8.351030	-3.236990	0.693545	-9999	9.470670	-9999	-9999	-9999	-9999
11	25	2.801460	-4.320860	-1.418650	-6.095060	0.709774	-9999	4.552300	-9999	-9999	-9999	-9999
11	26	2.445016	-0.893494	3.073630	-6.215540	0.651627	-9999	0.703347	-9999	-9999	-9999	-9999
11	27	2.971676	1.230350	4.189140	-1.651240	0.782203	-9999	0.164539	-9999	-9999	-9999	-9999
11	28	3.966512	1.797240	4.506030	-0.635826	0.969460	-9999	0.057762	-9999	-9999	-9999	-9999
11	29	4.010628	1.783970	5.169030	0.070900	1.251109	-9999	0.000000	-9999	-9999	-9999	-9999
11	30	4.026966	2.352910	5.344840	-0.033257	2.365839	-9999	0.000000	-9999	-9999	-9999	-9999
12	1	4.149654	2.317320	4.580350	-0.466710	2.570682	-9999	0.000000	-9999	-9999	-9999	-9999
12	2	4.131570	3.691890	6.066070	1.882470	3.834558	-9999	0.000000	-9999	-9999	-9999	-9999
12	3	3.886281	1.344110	4.752380	-0.002446	1.650159	-9999	0.097052	-9999	-9999	-9999	-9999
12	4	1.645963	-3.115420	3.008390	-9.126470	0.721647	-9999	5.498570	-9999	-9999	-9999	-9999
12	5	3.007204	-9.850870	-7.681670	-13.199600	0.519138	-9999	1.684650	-9999	-9999	-9999	-9999
12	6	2.476604	-2.337160	1.546170	-9.048590	0.413435	-9999	21.220200	-9999	-9999	-9999	-9999
12	7	1.687859	1.461910	2.700740	0.176387	0.489681	-9999	29.767300	-9999	-9999	-9999	-9999
12	8	2.361554	-0.680761	2.262510	-2.847200	0.465181	-9999	8.740720	-9999	-9999	-9999	-9999
12	9	2.802306	-0.172216	2.745450	-3.100800	0.579227	-9999	1.049400	-9999	-9999	-9999	-9999
12	10	1.878483	1.648980	3.139400	-1.293490	0.298343	-9999	11.187500	-9999	-9999	-9999	-9999
12	11	2.862890	2.333860	4.284670	0.654414	0.902733	-9999	1.239650	-9999	-9999	-9999	-9999
12	12	3.266637	1.688930	4.187230	-0.553807	0.860344	-9999	0.000000	-9999	-9999	-9999	-9999
12	13	1.929468	3.170590	4.390110	1.905540	0.742963	-9999	0.547041	-9999	-9999	-9999	-9999
12	14	2.610446	1.787350	3.972260	-0.153112	0.456641	-9999	0.277561	-9999	-9999	-9999	-9999
12	15	3.190985	1.103450	3.445280	-1.700660	0.614424	-9999	0.610638	-9999	-9999	-9999	-9999
12	16	1.608068	-0.475011	2.834380	-2.658880	0.403048	-9999	8.546320	-9999	-9999	-9999	-9999
12	17	2.486333	-0.945684	2.489410	-3.195680	0.489975	-9999	4.660830	-9999	-9999	-9999	-9999
12	18	2.463731	-1.579110	0.876739	-3.634340	0.409361	-9999	4.908300	-9999	-9999	-9999	-9999
12	19	2.615458	-4.164430	-1.183010	-6.834540	0.422620	-9999	6.246380	-9999	-9999	-9999	-9999
12	20	3.127931	-6.275730	-1.624240	-8.444830	0.618539	-9999	1.808680	-9999	-9999	-9999	-9999
12	21	2.245303	-2.074350	1.770970	-8.699320	0.403151	-9999	2.093820	-9999	-9999	-9999	-9999
12	22	1.301124	-1.433080	1.698270	-4.431070	0.296679	-9999	3.214250	-9999	-9999	-9999	-9999
12	23	3.330867	-3.705360	0.045319	-8.364900	0.799327	-9999	0.493464	-9999	-9999	-9999	-9999
12	24	2.717487	0.166591	2.858090	-1.848300	0.544112	-9999	1.935550	-9999	-9999	-9999	-9999
12	25	2.182378	1.252960	3.807590	-1.094430	0.441440	-9999	6.935740	-9999	-9999	-9999	-9999
12	26	1.117670	-0.801702	1.785030	-2.557260	0.351495	-9999	12.789300	-9999	-9999	-9999	-9999
12	27	2.744755	1.558440	4.435610	-2.094980	1.150961	-9999	0.700220	-9999	-9999	-9999	-9999
12	28	1.787884	0.252864	4.191800	-2.077120	0.761620	-9999	2.593390	-9999	-9999	-9999	-9999
12	29	2.738776	-0.266912	2.527860	-2.654880	0.655819	-9999	1.521220	-9999	-9999	-9999	-9999
12	30	2.926333	-0.807927	2.843720	-3.445530	0.535765	-9999	7.144960	-9999	-9999	-9999	-9999
12	31	1.052784	-2.349190	0.690521	-3.924840	0.477284	-9999	12.403700	-9999	-9999	-9999	-9999
