Month	n_days	Rg_f	Ta_f	Tmax	Tmin	VPD_f	Ts_f	Precip	SWC	LAI	ET	LITTERFALL
1	1	3.232725	-1.652290	0.640320	-4.438850	1.201054	-9999	0.058028	-9999	-9999	-9999	-9999
1	2	1.744260	3.652130	6.096800	-1.549110	1.575174	-9999	0.587944	-9999	-9999	-9999	-9999
1	3	2.321188	2.313900	4.424990	0.373986	0.564614	-9999	1.386410	-9999	-9999	-9999	-9999
1	4	2.553155	1.184750	4.212770	-0.925850	0.479704	-9999	6.641910	-9999	-9999	-9999	-9999
1	5	2.076728	-0.125890	2.191130	-1.875370	0.402165	-9999	15.617500	-9999	-9999	-9999	-9999
1	6	2.075803	-0.753759	1.129300	-2.813510	0.339691	-9999	4.641610	-9999	-9999	-9999	-9999
1	7	1.085841	-0.269872	1.925570	-2.575050	0.373383	-9999	5.076600	-9999	-9999	-9999	-9999
1	8	3.658141	-0.703160	3.851260	-5.818430	1.150877	-9999	0.009190	-9999	-9999	-9999	-9999
1	9	1.814590	1.022270	3.402650	-1.676830	0.183701	-9999	9.170700	-9999	-9999	-9999	-9999
1	10	2.356240	0.309321	3.202970	-2.008130	0.445160	-9999	0.475175	-9999	-9999	-9999	-9999
1	11	3.470308	-3.471140	1.038970	-7.635720	0.452271	-9999	0.142358	-9999	-9999	-9999	-9999
1	12	3.794187	-7.590030	-1.851960	-11.523400	0.290936	-9999	0.000162	-9999	-9999	-9999	-9999
1	13	2.941877	-6.170930	-0.645142	-12.677700	0.280175	-9999	0.232678	-9999	-9999	-9999	-9999
1	14	3.116310	-2.749270	1.104030	-8.575290	0.511396	-9999	0.801386	-9999	-9999	-9999	-9999
1	15	2.293713	1.132930	3.600400	-2.330480	0.209173	-9999	8.253030	-9999	-9999	-9999	-9999
1	16	1.664893	0.449580	1.958280	-0.697914	0.325878	-9999	11.683000	-9999	-9999	-9999	-9999
1	17	2.246884	3.013210	4.993410	-0.107063	0.331967	-9999	13.678800	-9999	-9999	-9999	-9999
1	18	2.022261	3.142270	5.429380	0.833092	0.528579	-9999	2.278640	-9999	-9999	-9999	-9999
1	19	4.049965	2.804740	4.826720	0.775872	0.547504	-9999	0.000000	-9999	-9999	-9999	-9999
1	20	2.514102	3.224390	5.181030	1.536160	0.451614	-9999	1.575860	-9999	-9999	-9999	-9999
1	21	3.702940	2.016600	4.206570	0.647331	0.226389	-9999	0.165151	-9999	-9999	-9999	-9999
1	22	1.817813	-0.883794	2.966860	-5.964850	0.297986	-9999	2.734030	-9999	-9999	-9999	-9999
1	23	4.036185	-8.366700	-4.043610	-11.865400	0.487330	-9999	0.186377	-9999	-9999	-9999	-9999
1	24	4.553142	-6.998080	-2.632970	-12.820700	1.596352	-9999	0.000000	-9999	-9999	-9999	-9999
1	25	4.253152	-4.461400	1.339200	-7.603950	1.033909	-9999	0.000000	-9999	-9999	-9999	-9999
1	26	3.795897	-3.723820	-0.371643	-6.810460	0.626944	-9999	2.169160	-9999	-9999	-9999	-9999
1	27	3.653087	-3.876470	-0.507263	-7.147990	0.543171	-9999	1.494550	-9999	-9999	-9999	-9999
1	28	4.706545	-2.726780	2.264310	-7.116430	0.634260	-9999	0.167036	-9999	-9999	-9999	-9999
1	29	3.356156	-2.356850	1.029570	-5.095370	0.499437	-9999	0.609859	-9999	-9999	-9999	-9999
1	30	4.747412	-1.540720	3.655400	-4.815620	0.591567	-9999	0.014293	-9999	-9999	-9999	-9999
1	31	3.051786	-4.937630	-1.926670	-8.435370	0.440320	-9999	1.517950	-9999	-9999	-9999	-9999
2	1	3.271260	-8.594120	-4.651370	-12.054600	0.429619	-9999	3.318440	-9999	-9999	-9999	-9999
2	2	3.006789	-8.760570	-6.634950	-11.684800	0.431579	-9999	2.439040	-9999	-9999	-9999	-9999
2	3	3.905202	-2.585460	1.624380	-9.394040	0.439159	-9999	11.301200	-9999	-9999	-9999	-9999
2	4	2.321819	0.526604	2.888420	-1.167970	0.507406	-9999	6.123400	-9999	-9999	-9999	-9999
2	5	5.445818	1.850910	4.346520	-0.968199	0.413343	-9999	4.277340	-9999	-9999	-9999	-9999
2	6	4.560114	-0.264442	3.503410	-2.125030	0.703734	-9999	1.513310	-9999	-9999	-9999	-9999
2	7	3.188462	-0.871620	1.123620	-2.367710	0.477004	-9999	2.222020	-9999	-9999	-9999	-9999
2	8	3.601947	-0.585304	2.181240	-3.000180	0.318137	-9999	6.420590	-9999	-9999	-9999	-9999
2	9	2.483663	0.086571	2.927580	-1.818970	0.219407	-9999	12.133200	-9999	-9999	-9999	-9999
2	10	2.168355	1.958670	4.710840	-1.668120	0.398958	-9999	1.305110	-9999	-9999	-9999	-9999
2	11	2.868454	0.746514	4.486660	-1.863860	0.166771	-9999	12.261300	-9999	-9999	-9999	-9999
2	12	6.098043	-0.640205	2.861690	-3.369080	0.672217	-9999	0.520142	-9999	-9999	-9999	-9999
2	13	6.270204	-1.023600	2.916680	-4.803430	1.135509	-9999	0.000000	-9999	-9999	-9999	-9999
2	14	3.734044	-1.291510	1.890440	-4.283020	0.308100	-9999	3.268610	-9999	-9999	-9999	-9999
2	15	3.468087	-2.676670	0.351251	-5.117830	0.363515	-9999	2.976920	-9999	-9999	-9999	-9999
2	16	7.290605	-4.156990	1.407560	-7.429690	0.682239	-9999	0.000820	-9999	-9999	-9999	-9999
2	17	7.249297	-2.616190	2.556300	-7.748690	0.691506	-9999	0.000000	-9999	-9999	-9999	-9999
2	18	6.131125	-2.005870	3.209470	-6.119780	0.603134	-9999	0.019137	-9999	-9999	-9999	-9999
2	19	7.612445	-5.695900	-1.221170	-8.557770	0.658769	-9999	0.053916	-9999	-9999	-9999	-9999
2	20	5.205332	-4.746280	-0.563239	-8.707090	0.433945	-9999	6.049690	-9999	-9999	-9999	-9999
2	21	5.327156	-5.865460	-1.029210	-9.689600	0.402942	-9999	2.731750	-9999	-9999	-9999	-9999
2	22	8.365101	-6.991830	-1.031010	-11.696600	0.462753	-9999	0.025203	-9999	-9999	-9999	-9999
2	23	8.842003	-7.165140	-1.559790	-11.741100	0.902159	-9999	0.000000	-9999	-9999	-9999	-9999
2	24	8.927799	-7.474860	-2.505160	-11.303800	0.742025	-9999	0.000017	-9999	-9999	-9999	-9999
2	25	7.788675	-1.735940	3.306180	-9.760770	0.744466	-9999	0.000000	-9999	-9999	-9999	-9999
2	26	7.007766	2.042350	5.248010	-1.732910	1.480042	-9999	0.113075	-9999	-9999	-9999	-9999
2	27	7.317052	2.471150	5.372430	0.323030	0.790757	-9999	0.300887	-9999	-9999	-9999	-9999
2	28	5.514083	0.522026	3.404990	-2.423980	0.288562	-9999	1.625540	-9999	-9999	-9999	-9999
3	1	7.000681	1.893920	4.911030	-1.227740	0.531596	-9999	1.967880	-9999	-9999	-9999	-9999
3	2	4.758687	1.297670	4.973290	-1.548600	0.377779	-9999	4.351980	-9999	-9999	-9999	-9999
3	3	5.669897	0.978458	4.321650	-2.199480	0.462215	-9999	2.616080	-9999	-9999	-9999	-9999
3	4	8.867405	0.563511	4.764300	-2.232350	0.804214	-9999	0.106119	-9999	-9999	-9999	-9999
3	5	10.322467	-0.566464	5.336050	-6.291190	1.002574	-9999	0.000056	-9999	-9999	-9999	-9999
3	6	6.492692	2.415100	5.500140	-3.517840	0.896409	-9999	0.046881	-9999	-9999	-9999	-9999
3	7	7.779793	4.641760	7.090810	2.567030	0.718896	-9999	5.629940	-9999	-9999	-9999	-9999
3	8	8.460513	4.220550	6.724970	2.180060	0.508319	-9999	2.397090	-9999	-9999	-9999	-9999
3	9	6.397401	4.670810	6.586080	1.957620	0.695146	-9999	4.108890	-9999	-9999	-9999	-9999
3	10	4.654921	3.483710	5.920740	1.470590	0.647781	-9999	0.378400	-9999	-9999	-9999	-9999
3	11	10.759478	3.618320	6.183220	1.136550	0.813796	-9999	0.028877	-9999	-9999	-9999	-9999
3	12	8.898595	3.101810	6.976370	-0.187918	0.926379	-9999	0.080639	-9999	-9999	-9999	-9999
3	13	11.839652	5.182220	11.041200	1.262830	1.257800	-9999	0.000000	-9999	-9999	-9999	-9999
3	14	6.120982	7.645020	11.368400	3.145270	0.936892	-9999	0.254595	-9999	-9999	-9999	-9999
3	15	2.332014	6.304720	9.054650	4.038830	0.241226	-9999	0.169754	-9999	-9999	-9999	-9999
3	16	9.716371	7.744480	14.641600	4.136240	1.241534	-9999	0.009349	-9999	-9999	-9999	-9999
3	17	12.475728	7.145180	13.197900	3.529220	1.853182	-9999	0.000000	-9999	-9999	-9999	-9999
3	18	10.113466	7.904580	13.356900	4.074260	1.933043	-9999	0.370441	-9999	-9999	-9999	-9999
3	19	12.451364	9.172820	14.535200	5.015760	2.574587	-9999	0.000000	-9999	-9999	-9999	-9999
3	20	7.033928	7.916510	12.008400	4.916730	0.978224	-9999	1.044370	-9999	-9999	-9999	-9999
3	21	2.569467	7.403810	9.924460	5.539040	0.401860	-9999	0.678560	-9999	-9999	-9999	-9999
3	22	9.642326	8.684540	13.368600	4.983900	1.084480	-9999	0.313218	-9999	-9999	-9999	-9999
3	23	3.290345	6.007140	9.595910	1.670510	0.601341	-9999	4.716630	-9999	-9999	-9999	-9999
3	24	8.151088	0.414371	3.964740	-2.471580	1.075536	-9999	6.226170	-9999	-9999	-9999	-9999
3	25	5.866137	-1.887510	0.983817	-4.033380	0.805190	-9999	3.883470	-9999	-9999	-9999	-9999
3	26	9.988618	-0.172726	4.622210	-6.204580	1.473321	-9999	0.244212	-9999	-9999	-9999	-9999
3	27	14.537664	1.213200	6.687130	-4.641470	1.490083	-9999	0.000322	-9999	-9999	-9999	-9999
3	28	8.320493	2.481110	5.336540	-1.564750	1.163128	-9999	0.719631	-9999	-9999	-9999	-9999
3	29	5.775762	1.271760	3.453300	-0.758077	0.556837	-9999	12.594700	-9999	-9999	-9999	-9999
3	30	4.620508	1.125950	4.462850	-2.376520	0.379602	-9999	7.123430	-9999	-9999	-9999	-9999
3	31	14.826326	1.189490	5.662710	-5.218740	1.071852	-9999	0.027665	-9999	-9999	-9999	-9999
4	1	12.864010	3.948680	8.791080	-1.221140	1.127285	-9999	0.063442	-9999	-9999	-9999	-9999
4	2	5.106404	3.420730	6.397220	0.656240	0.551493	-9999	14.333200	-9999	-9999	-9999	-9999
4	3	10.593504	0.119242	2.978640	-2.468940	1.122116	-9999	2.124680	-9999	-9999	-9999	-9999
4	4	5.427691	-1.917200	0.659762	-4.178750	0.509932	-9999	15.563200	-9999	-9999	-9999	-9999
4	5	7.179589	-1.529990	2.325990	-5.857340	0.456460	-9999	4.652240	-9999	-9999	-9999	-9999
4	6	16.189373	0.565439	4.351470	-7.169540	1.368613	-9999	0.225616	-9999	-9999	-9999	-9999
4	7	7.355258	2.545300	4.399260	0.341360	0.400657	-9999	12.252100	-9999	-9999	-9999	-9999
4	8	10.039248	1.975690	4.191040	-0.271708	0.300692	-9999	19.316600	-9999	-9999	-9999	-9999
4	9	6.771920	0.269144	2.763550	-3.006240	0.344996	-9999	11.105300	-9999	-9999	-9999	-9999
4	10	10.063181	-0.247000	2.812230	-3.276990	0.438000	-9999	11.143300	-9999	-9999	-9999	-9999
4	11	7.173895	1.201550	3.401090	-3.000500	0.192953	-9999	4.957910	-9999	-9999	-9999	-9999
4	12	6.060441	0.953562	3.183840	-1.228860	0.236243	-9999	5.581580	-9999	-9999	-9999	-9999
4	13	6.010831	0.723673	3.062840	-1.907360	0.245404	-9999	5.507990	-9999	-9999	-9999	-9999
4	14	8.531680	1.192240	3.354400	-1.767800	0.308871	-9999	1.644110	-9999	-9999	-9999	-9999
4	15	17.221939	2.565410	5.136810	-1.449960	0.855291	-9999	0.000396	-9999	-9999	-9999	-9999
4	16	8.640691	2.818250	7.535430	0.816396	0.438838	-9999	5.953350	-9999	-9999	-9999	-9999
4	17	9.311155	2.304180	5.349000	-0.324778	0.732944	-9999	6.917270	-9999	-9999	-9999	-9999
4	18	10.894608	2.409920	5.910800	-0.912394	0.995638	-9999	3.170750	-9999	-9999	-9999	-9999
4	19	15.874186	3.672500	7.773900	0.216207	1.691368	-9999	3.058760	-9999	-9999	-9999	-9999
4	20	10.582790	2.469250	6.329500	-0.083262	1.143393	-9999	0.393451	-9999	-9999	-9999	-9999
4	21	19.295712	5.288950	11.398500	-0.385172	1.657357	-9999	0.000384	-9999	-9999	-9999	-9999
4	22	16.766871	6.168800	10.792300	2.217980	1.404500	-9999	1.023000	-9999	-9999	-9999	-9999
4	23	12.288759	7.937230	13.826700	3.152000	1.707710	-9999	0.905196	-9999	-9999	-9999	-9999
4	24	14.498698	8.323100	13.517800	3.514460	1.563571	-9999	0.178775	-9999	-9999	-9999	-9999
4	25	4.974860	6.400340	10.515000	2.893510	0.755097	-9999	1.867320	-9999	-9999	-9999	-9999
4	26	8.434385	6.180550	9.614140	3.170220	0.931202	-9999	8.449710	-9999	-9999	-9999	-9999
4	27	8.372782	3.598340	7.187930	1.215840	0.505337	-9999	17.279900	-9999	-9999	-9999	-9999
4	28	12.718080	5.418860	9.627290	1.151540	0.873192	-9999	1.123090	-9999	-9999	-9999	-9999
4	29	14.338858	7.778020	13.213200	3.202750	1.583480	-9999	0.458832	-9999	-9999	-9999	-9999
4	30	17.023910	8.410590	14.382900	3.122120	2.009709	-9999	0.340674	-9999	-9999	-9999	-9999
5	1	11.213079	7.640960	12.738100	2.578070	1.524730	-9999	2.480700	-9999	-9999	-9999	-9999
5	2	10.553501	8.631710	13.417700	4.708690	1.223378	-9999	1.076430	-9999	-9999	-9999	-9999
5	3	8.194012	9.811790	14.220500	5.972850	1.303245	-9999	2.882010	-9999	-9999	-9999	-9999
5	4	6.622146	9.315210	12.181300	6.630500	1.138728	-9999	5.011510	-9999	-9999	-9999	-9999
5	5	11.563258	8.604240	12.166300	6.230750	1.624852	-9999	6.497320	-9999	-9999	-9999	-9999
5	6	8.632319	8.715690	12.580600	5.431220	1.703401	-9999	0.958150	-9999	-9999	-9999	-9999
5	7	7.789789	10.082300	14.444100	3.271830	1.474334	-9999	7.052130	-9999	-9999	-9999	-9999
5	8	17.670356	11.270100	16.410100	6.015450	2.141041	-9999	0.671335	-9999	-9999	-9999	-9999
5	9	3.274379	9.516780	12.922200	7.565310	0.523298	-9999	9.516140	-9999	-9999	-9999	-9999
5	10	6.211702	9.890770	13.350100	7.225170	0.933317	-9999	3.799690	-9999	-9999	-9999	-9999
5	11	19.333036	11.943600	18.473100	6.363350	2.112759	-9999	0.213623	-9999	-9999	-9999	-9999
5	12	21.946723	13.178000	19.028300	6.449740	3.173466	-9999	0.000000	-9999	-9999	-9999	-9999
5	13	13.679021	13.705400	19.962200	9.447610	2.844786	-9999	0.011533	-9999	-9999	-9999	-9999
5	14	18.608055	14.757400	21.337500	9.213390	3.548118	-9999	0.378364	-9999	-9999	-9999	-9999
5	15	15.692227	15.576900	21.345300	8.631170	4.616876	-9999	0.104596	-9999	-9999	-9999	-9999
5	16	10.228637	15.885200	21.746500	10.788600	3.850881	-9999	0.724323	-9999	-9999	-9999	-9999
5	17	3.418027	12.418100	15.075000	9.150950	1.060856	-9999	5.787150	-9999	-9999	-9999	-9999
5	18	8.227284	9.419280	12.820200	5.326970	1.954390	-9999	0.103105	-9999	-9999	-9999	-9999
5	19	15.691622	11.270900	16.464000	4.592930	2.539987	-9999	0.339204	-9999	-9999	-9999	-9999
5	20	5.886372	11.996500	16.743500	8.560010	1.111051	-9999	5.123790	-9999	-9999	-9999	-9999
5	21	9.218016	11.130700	14.579100	7.324380	1.968203	-9999	0.000889	-9999	-9999	-9999	-9999
5	22	18.397066	14.701400	20.553500	7.121040	3.320339	-9999	0.041085	-9999	-9999	-9999	-9999
5	23	21.612701	17.471200	23.850300	10.888500	4.258670	-9999	0.000000	-9999	-9999	-9999	-9999
5	24	21.770726	17.925700	23.982200	12.067800	4.214865	-9999	0.000000	-9999	-9999	-9999	-9999
5	25	21.329740	20.716900	28.304400	13.329300	8.036179	-9999	0.004979	-9999	-9999	-9999	-9999
5	26	21.969446	23.130500	32.705000	15.192900	11.643668	-9999	0.000000	-9999	-9999	-9999	-9999
5	27	23.489309	22.679300	32.475800	15.702700	15.469905	-9999	0.000000	-9999	-9999	-9999	-9999
5	28	17.887997	17.062900	24.970600	9.729380	5.914719	-9999	4.238100	-9999	-9999	-9999	-9999
5	29	10.771401	11.569300	15.753700	8.385780	2.474125	-9999	1.930590	-9999	-9999	-9999	-9999
5	30	8.546092	11.588300	19.185400	7.491310	2.333743	-9999	5.382030	-9999	-9999	-9999	-9999
5	31	17.774208	10.660200	15.416600	7.016760	2.729865	-9999	0.007328	-9999	-9999	-9999	-9999
6	1	23.806137	15.767800	23.532500	5.820680	6.361157	-9999	0.000000	-9999	-9999	-9999	-9999
6	2	22.978165	18.260800	24.331300	11.603400	5.665799	-9999	0.000000	-9999	-9999	-9999	-9999
6	3	17.002483	17.186900	22.955100	11.765700	4.336516	-9999	0.000000	-9999	-9999	-9999	-9999
6	4	22.777287	17.728500	24.066000	10.849800	6.465604	-9999	0.000000	-9999	-9999	-9999	-9999
6	5	23.239267	20.985700	27.988400	12.997500	9.592191	-9999	0.000000	-9999	-9999	-9999	-9999
6	6	18.413049	20.367200	27.113400	16.119700	5.785251	-9999	8.030180	-9999	-9999	-9999	-9999
6	7	5.550379	12.955100	17.844500	10.719000	1.532578	-9999	18.495700	-9999	-9999	-9999	-9999
6	8	11.624083	11.524200	15.312100	7.581060	2.171901	-9999	0.917503	-9999	-9999	-9999	-9999
6	9	23.930986	15.031200	21.767500	6.803800	4.183480	-9999	0.000000	-9999	-9999	-9999	-9999
6	10	23.284281	18.007000	24.399400	11.999700	6.010410	-9999	0.000000	-9999	-9999	-9999	-9999
6	11	14.312332	15.437400	20.068200	11.106000	4.069844	-9999	0.117403	-9999	-9999	-9999	-9999
6	12	23.281172	16.076800	22.245800	9.731270	5.647317	-9999	0.000000	-9999	-9999	-9999	-9999
6	13	23.929776	20.801700	27.715800	12.760800	8.417124	-9999	0.000000	-9999	-9999	-9999	-9999
6	14	13.670468	20.783300	26.072800	16.461300	5.632059	-9999	1.520730	-9999	-9999	-9999	-9999
6	15	22.302949	22.253600	29.173200	15.286300	7.204474	-9999	0.000106	-9999	-9999	-9999	-9999
6	16	3.175096	15.423300	19.749900	11.474400	1.019178	-9999	23.601500	-9999	-9999	-9999	-9999
6	17	16.073942	15.133200	21.240200	10.228800	3.599115	-9999	0.000000	-9999	-9999	-9999	-9999
6	18	23.016356	17.286500	23.578300	10.928600	4.083331	-9999	0.000000	-9999	-9999	-9999	-9999
6	19	23.276505	19.472000	25.793000	12.699800	5.872197	-9999	0.000000	-9999	-9999	-9999	-9999
6	20	22.814612	20.968900	27.146800	14.814700	6.558058	-9999	0.000000	-9999	-9999	-9999	-9999
6	21	4.363848	17.657300	23.012100	15.069200	1.799921	-9999	38.006500	-9999	-9999	-9999	-9999
6	22	12.347079	17.499400	20.807100	14.841400	1.937554	-9999	8.601870	-9999	-9999	-9999	-9999
6	23	12.722745	17.672800	21.467900	14.477700	3.322192	-9999	0.783292	-9999	-9999	-9999	-9999
6	24	22.919414	20.647700	26.543100	14.060900	5.787819	-9999	0.000000	-9999	-9999	-9999	-9999
6	25	13.771296	20.013000	24.090700	16.473500	3.549028	-9999	9.560850	-9999	-9999	-9999	-9999
6	26	11.315548	19.296100	24.401700	16.247900	1.771959	-9999	6.369950	-9999	-9999	-9999	-9999
6	27	9.940752	18.597900	21.804400	15.932700	2.234535	-9999	4.884720	-9999	-9999	-9999	-9999
6	28	10.232266	18.694400	22.755300	15.617900	2.332411	-9999	7.072160	-9999	-9999	-9999	-9999
6	29	13.143773	14.151800	18.237400	10.605800	2.499707	-9999	3.882020	-9999	-9999	-9999	-9999
6	30	16.255987	14.075500	19.797000	10.154400	3.085093	-9999	1.949660	-9999	-9999	-9999	-9999
7	1	13.049510	12.997000	17.588200	9.546850	2.801570	-9999	0.194090	-9999	-9999	-9999	-9999
7	2	22.350471	19.006200	27.613700	9.156950	5.735471	-9999	0.000000	-9999	-9999	-9999	-9999
7	3	5.740156	13.472700	17.884000	9.411350	1.568751	-9999	35.607700	-9999	-9999	-9999	-9999
7	4	21.685190	14.721200	20.002200	9.182400	3.432003	-9999	0.002489	-9999	-9999	-9999	-9999
7	5	14.574556	16.757600	22.722000	11.329100	2.251489	-9999	17.296300	-9999	-9999	-9999	-9999
7	6	5.511318	11.911900	15.189500	9.155240	1.685697	-9999	18.694400	-9999	-9999	-9999	-9999
7	7	23.324459	17.297400	23.393400	9.326140	4.341461	-9999	0.000000	-9999	-9999	-9999	-9999
7	8	21.297860	20.838900	28.354900	14.224500	5.488359	-9999	0.897921	-9999	-9999	-9999	-9999
7	9	2.010407	13.833800	18.575200	10.424100	1.142472	-9999	37.788300	-9999	-9999	-9999	-9999
7	10	7.696693	10.705000	14.454100	7.938290	1.890643	-9999	8.933640	-9999	-9999	-9999	-9999
7	11	12.206159	11.346300	14.698100	7.575720	2.235291	-9999	1.330590	-9999	-9999	-9999	-9999
7	12	11.818397	14.808400	18.926700	8.669830	2.015617	-9999	5.521900	-9999	-9999	-9999	-9999
7	13	3.802309	12.585700	15.075700	11.134400	2.045967	-9999	4.180020	-9999	-9999	-9999	-9999
7	14	4.048522	11.698300	13.987100	8.841100	1.852200	-9999	2.658310	-9999	-9999	-9999	-9999
7	15	3.910524	9.718060	11.839700	8.148290	1.270443	-9999	1.565070	-9999	-9999	-9999	-9999
7	16	13.116298	11.629000	15.262300	7.718080	2.317509	-9999	0.028233	-9999	-9999	-9999	-9999
7	17	12.441860	12.752700	17.932700	8.830780	1.572534	-9999	5.482420	-9999	-9999	-9999	-9999
7	18	20.902148	14.253700	19.512100	7.043760	3.107928	-9999	0.006805	-9999	-9999	-9999	-9999
7	19	8.847446	14.813000	19.363600	11.935900	1.727944	-9999	0.982792	-9999	-9999	-9999	-9999
7	20	9.675936	16.891300	21.190900	12.994500	1.992360	-9999	1.194230	-9999	-9999	-9999	-9999
7	21	21.402403	19.141400	25.621600	12.492300	4.617389	-9999	0.000000	-9999	-9999	-9999	-9999
7	22	10.237795	16.016300	22.183800	11.869000	2.649551	-9999	3.809760	-9999	-9999	-9999	-9999
7	23	22.120992	15.624800	22.155100	9.863470	3.799862	-9999	0.000000	-9999	-9999	-9999	-9999
7	24	20.197728	21.383700	29.615700	11.293000	5.410671	-9999	0.775028	-9999	-9999	-9999	-9999
7	25	17.684093	21.288600	26.623400	17.268900	5.312420	-9999	2.029680	-9999	-9999	-9999	-9999
7	26	9.144317	20.801500	27.109800	17.289900	2.405340	-9999	24.155200	-9999	-9999	-9999	-9999
7	27	10.298103	17.016200	20.860300	13.838000	3.511805	-9999	1.650750	-9999	-9999	-9999	-9999
7	28	21.021206	20.284400	26.852600	13.655500	5.447758	-9999	0.000000	-9999	-9999	-9999	-9999
7	29	15.748214	19.945400	28.600000	13.598500	4.643826	-9999	38.751600	-9999	-9999	-9999	-9999
7	30	6.363766	12.592500	15.712100	10.721100	2.104725	-9999	3.017340	-9999	-9999	-9999	-9999
7	31	6.604874	11.562500	14.906800	9.634740	1.766604	-9999	1.432250	-9999	-9999	-9999	-9999
8	1	5.259142	13.360500	15.812400	10.173100	1.292644	-9999	9.976480	-9999	-9999	-9999	-9999
8	2	2.986649	13.288100	14.804500	11.417100	0.540069	-9999	26.559700	-9999	-9999	-9999	-9999
8	3	5.388068	12.756500	15.266400	10.361600	1.416146	-9999	10.918100	-9999	-9999	-9999	-9999
8	4	6.187908	11.897200	14.740900	9.630630	1.468103	-9999	25.293400	-9999	-9999	-9999	-9999
8	5	5.905233	11.013000	14.229200	8.585530	1.107033	-9999	6.759340	-9999	-9999	-9999	-9999
8	6	15.476227	14.656000	20.086600	8.068530	3.468792	-9999	0.008485	-9999	-9999	-9999	-9999
8	7	3.869381	12.740500	15.933100	10.193000	1.298345	-9999	19.845800	-9999	-9999	-9999	-9999
8	8	3.763843	11.323400	13.760300	9.707350	1.239012	-9999	4.963050	-9999	-9999	-9999	-9999
8	9	2.235712	12.169000	14.054400	9.373610	0.526629	-9999	44.243300	-9999	-9999	-9999	-9999
8	10	1.330612	14.531300	17.190600	12.115800	0.317720	-9999	15.158800	-9999	-9999	-9999	-9999
8	11	12.285129	16.736300	20.108600	12.993400	1.801855	-9999	0.109665	-9999	-9999	-9999	-9999
8	12	12.736137	16.603800	20.248800	13.739900	1.950444	-9999	0.000000	-9999	-9999	-9999	-9999
8	13	18.486921	13.931400	18.906100	9.156050	2.669708	-9999	0.000000	-9999	-9999	-9999	-9999
8	14	20.323268	16.405400	23.309700	8.729080	4.189555	-9999	0.000000	-9999	-9999	-9999	-9999
8	15	20.143036	20.257100	26.985500	12.325800	6.867676	-9999	0.000000	-9999	-9999	-9999	-9999
8	16	19.064419	21.574700	28.670800	15.159100	6.354426	-9999	3.316980	-9999	-9999	-9999	-9999
8	17	16.751923	19.421100	25.022700	15.556200	3.458268	-9999	0.175821	-9999	-9999	-9999	-9999
8	18	19.516118	20.694100	27.698000	15.032900	7.143324	-9999	0.000000	-9999	-9999	-9999	-9999
8	19	19.062345	22.929800	30.253900	16.167800	7.178816	-9999	0.000000	-9999	-9999	-9999	-9999
8	20	19.093622	23.861500	30.537200	18.560900	9.049832	-9999	0.000000	-9999	-9999	-9999	-9999
8	21	18.919441	25.848600	34.617200	19.810600	20.297771	-9999	0.000000	-9999	-9999	-9999	-9999
8	22	18.629136	25.908900	33.768100	20.061100	14.874432	-9999	0.000000	-9999	-9999	-9999	-9999
8	23	17.598989	24.913800	31.910400	20.234200	9.156680	-9999	0.165026	-9999	-9999	-9999	-9999
8	24	17.250192	26.272400	34.366000	18.722700	12.789318	-9999	0.000000	-9999	-9999	-9999	-9999
8	25	17.326915	25.985600	32.982600	20.588600	12.004044	-9999	0.051941	-9999	-9999	-9999	-9999
8	26	14.904951	23.890900	30.214200	19.520300	11.132012	-9999	0.514203	-9999	-9999	-9999	-9999
8	27	8.525235	17.769100	22.351100	15.133700	3.854924	-9999	11.756200	-9999	-9999	-9999	-9999
8	28	2.859797	17.036200	18.946900	14.880800	0.901129	-9999	3.551280	-9999	-9999	-9999	-9999
8	29	17.326052	19.550800	25.258800	14.306000	3.313248	-9999	0.000000	-9999	-9999	-9999	-9999
8	30	17.298921	21.196500	28.715400	15.620200	5.322854	-9999	0.000000	-9999	-9999	-9999	-9999
8	31	15.049238	22.453400	29.698800	16.092000	7.861322	-9999	0.000000	-9999	-9999	-9999	-9999
9	1	14.472173	18.742100	24.486100	13.190300	5.714973	-9999	0.003888	-9999	-9999	-9999	-9999
9	2	1.024341	14.663800	16.900200	12.327200	0.915815	-9999	15.039900	-9999	-9999	-9999	-9999
9	3	3.657113	15.231900	17.902700	12.361300	0.685933	-9999	26.528700	-9999	-9999	-9999	-9999
9	4	5.901414	16.651300	19.780300	14.205900	1.273186	-9999	18.440200	-9999	-9999	-9999	-9999
9	5	3.863073	14.228200	16.897200	10.368300	1.414362	-9999	0.687080	-9999	-9999	-9999	-9999
9	6	15.642979	13.174900	18.812000	9.013590	2.389574	-9999	0.000000	-9999	-9999	-9999	-9999
9	7	15.205449	14.411000	18.875600	9.638410	2.363116	-9999	0.932465	-9999	-9999	-9999	-9999
9	8	1.888929	10.823600	14.607400	8.714550	1.060211	-9999	16.234900	-9999	-9999	-9999	-9999
9	9	9.946195	12.561400	17.419200	7.616370	1.609008	-9999	2.119010	-9999	-9999	-9999	-9999
9	10	8.767094	13.900800	17.322700	10.284700	1.540506	-9999	4.391110	-9999	-9999	-9999	-9999
9	11	7.718889	13.997400	18.722300	9.367840	2.059349	-9999	12.018200	-9999	-9999	-9999	-9999
9	12	3.182475	11.887500	15.156200	8.619270	1.050681	-9999	1.390360	-9999	-9999	-9999	-9999
9	13	1.242795	12.153400	13.518600	9.618300	0.773081	-9999	7.047360	-9999	-9999	-9999	-9999
9	14	4.375521	11.680500	14.189200	9.314710	1.054676	-9999	0.000279	-9999	-9999	-9999	-9999
9	15	3.386742	12.033500	14.282500	9.670330	0.951822	-9999	4.715760	-9999	-9999	-9999	-9999
9	16	13.001041	11.938700	17.502700	8.452770	2.294253	-9999	0.398340	-9999	-9999	-9999	-9999
9	17	14.693444	13.521700	19.910700	8.352330	3.938648	-9999	0.000000	-9999	-9999	-9999	-9999
9	18	14.395017	15.132600	22.613700	9.649670	4.168830	-9999	0.000000	-9999	-9999	-9999	-9999
9	19	3.758944	13.099500	17.172400	9.554540	1.587682	-9999	6.269530	-9999	-9999	-9999	-9999
9	20	4.952958	12.263800	16.888600	8.494670	1.995981	-9999	0.104185	-9999	-9999	-9999	-9999
9	21	7.725974	14.623700	19.994600	9.490850	1.954060	-9999	6.332250	-9999	-9999	-9999	-9999
9	22	7.851652	13.546200	17.870500	10.323300	1.501678	-9999	0.367197	-9999	-9999	-9999	-9999
9	23	12.907296	14.968900	20.262300	10.224600	2.673116	-9999	0.000000	-9999	-9999	-9999	-9999
9	24	7.545286	11.704600	19.747700	2.568280	1.363797	-9999	18.613900	-9999	-9999	-9999	-9999
9	25	9.246355	8.480520	12.367700	1.701460	2.053403	-9999	3.899230	-9999	-9999	-9999	-9999
9	26	2.915585	7.959950	9.470000	5.221480	0.871893	-9999	15.511500	-9999	-9999	-9999	-9999
9	27	2.695041	8.135640	9.507020	5.736800	0.652794	-9999	24.241500	-9999	-9999	-9999	-9999
9	28	3.755886	8.750230	11.015500	6.740000	0.996692	-9999	6.049260	-9999	-9999	-9999	-9999
9	29	11.609655	9.173390	12.908700	5.656810	1.651478	-9999	0.338495	-9999	-9999	-9999	-9999
9	30	8.267391	10.010700	15.184200	6.389690	1.604982	-9999	2.830560	-9999	-9999	-9999	-9999
10	1	12.017635	13.699900	21.349600	7.285730	2.381938	-9999	0.000000	-9999	-9999	-9999	-9999
10	2	11.412230	17.106400	24.911300	10.385300	3.557068	-9999	0.000000	-9999	-9999	-9999	-9999
10	3	11.302502	17.419100	24.424900	12.455000	3.941219	-9999	0.000000	-9999	-9999	-9999	-9999
10	4	9.177149	16.363700	22.680200	12.582900	2.609396	-9999	0.000000	-9999	-9999	-9999	-9999
10	5	3.361599	11.019100	17.777700	7.288050	1.064650	-9999	7.179710	-9999	-9999	-9999	-9999
10	6	4.952483	5.985270	10.222500	2.123410	0.725120	-9999	21.866900	-9999	-9999	-9999	-9999
10	7	3.463957	3.725840	5.201490	1.960540	0.134410	-9999	17.382700	-9999	-9999	-9999	-9999
10	8	1.750715	4.204880	6.423260	1.821620	0.615941	-9999	3.972260	-9999	-9999	-9999	-9999
10	9	3.596746	3.520250	6.108350	1.261470	0.449335	-9999	6.768900	-9999	-9999	-9999	-9999
10	10	6.165858	4.238510	7.953840	1.675540	1.030673	-9999	2.887280	-9999	-9999	-9999	-9999
10	11	4.152436	4.098800	7.059650	1.673340	0.265796	-9999	11.551400	-9999	-9999	-9999	-9999
10	12	2.595439	4.400890	6.176250	2.149290	0.105749	-9999	13.426000	-9999	-9999	-9999	-9999
10	13	5.665620	4.147320	7.736370	1.054380	0.977460	-9999	0.217144	-9999	-9999	-9999	-9999
10	14	9.829815	4.661020	9.349930	-0.078767	1.800339	-9999	0.000000	-9999	-9999	-9999	-9999
10	15	9.704534	7.673320	12.959200	2.257170	2.537114	-9999	0.000000	-9999	-9999	-9999	-9999
10	16	7.971618	8.999890	12.944800	5.316650	1.341649	-9999	0.031289	-9999	-9999	-9999	-9999
10	17	4.885246	12.001600	17.266600	8.395930	0.984367	-9999	20.754100	-9999	-9999	-9999	-9999
10	18	3.662098	9.644180	13.199100	5.518580	1.211128	-9999	5.338480	-9999	-9999	-9999	-9999
10	19	4.644173	7.394450	10.188800	5.120480	0.945947	-9999	3.293260	-9999	-9999	-9999	-9999
10	20	0.672748	7.744180	10.249600	5.056430	0.472234	-9999	2.725960	-9999	-9999	-9999	-9999
10	21	8.597085	10.586600	17.378300	4.126400	3.718118	-9999	0.000000	-9999	-9999	-9999	-9999
10	22	8.222930	12.924700	20.210600	8.019740	4.851072	-9999	0.000000	-9999	-9999	-9999	-9999
10	23	8.057016	14.367000	20.324600	9.248380	3.850966	-9999	0.038487	-9999	-9999	-9999	-9999
10	24	6.429879	14.697500	18.682600	11.705800	1.929529	-9999	0.484469	-9999	-9999	-9999	-9999
10	25	7.532758	15.058500	20.726200	11.505200	2.355645	-9999	0.000000	-9999	-9999	-9999	-9999
10	26	4.088431	12.126200	15.989900	9.225190	1.421810	-9999	0.000336	-9999	-9999	-9999	-9999
10	27	7.126445	10.985000	14.835700	8.071260	1.914259	-9999	0.000000	-9999	-9999	-9999	-9999
10	28	7.582991	12.484800	19.494900	7.945680	5.608489	-9999	0.000000	-9999	-9999	-9999	-9999
10	29	7.509654	12.111600	18.896300	7.696070	4.422637	-9999	0.000000	-9999	-9999	-9999	-9999
10	30	6.230520	11.573400	18.618000	6.902830	2.396616	-9999	0.000000	-9999	-9999	-9999	-9999
10	31	3.294916	10.371600	14.346500	5.967740	1.173701	-9999	0.782729	-9999	-9999	-9999	-9999
11	1	6.360932	10.730300	14.836100	8.276920	1.548037	-9999	0.000000	-9999	-9999	-9999	-9999
11	2	4.787934	10.136300	14.792700	5.216320	1.532583	-9999	9.934770	-9999	-9999	-9999	-9999
11	3	1.769861	4.540650	7.117120	2.572090	0.722000	-9999	7.926130	-9999	-9999	-9999	-9999
11	4	4.199558	4.755000	7.577840	2.492010	0.824601	-9999	2.459330	-9999	-9999	-9999	-9999
11	5	3.280539	4.792140	7.107230	3.120060	0.534288	-9999	3.555210	-9999	-9999	-9999	-9999
11	6	4.060057	4.041750	6.971090	2.517890	1.300160	-9999	0.271264	-9999	-9999	-9999	-9999
11	7	2.030996	4.408570	7.350240	2.277110	0.716676	-9999	0.388539	-9999	-9999	-9999	-9999
11	8	1.542404	3.312680	5.259970	2.012520	0.299788	-9999	3.799390	-9999	-9999	-9999	-9999
11	9	5.659615	5.391780	10.660700	2.248820	1.079660	-9999	0.078932	-9999	-9999	-9999	-9999
11	10	4.258760	4.280460	7.793510	2.204260	0.474177	-9999	0.000220	-9999	-9999	-9999	-9999
11	11	4.523325	8.697450	12.117500	2.459940	4.553483	-9999	0.000059	-9999	-9999	-9999	-9999
11	12	5.536296	10.925600	15.137500	7.716740	5.287235	-9999	0.000000	-9999	-9999	-9999	-9999
11	13	5.375730	9.374210	15.720300	5.475810	2.776818	-9999	0.000000	-9999	-9999	-9999	-9999
11	14	5.227356	7.793700	12.025100	4.811990	2.263331	-9999	0.000000	-9999	-9999	-9999	-9999
11	15	0.927590	6.888460	9.143850	4.813730	0.407499	-9999	2.418420	-9999	-9999	-9999	-9999
11	16	5.290583	5.221190	10.403800	2.538890	1.307769	-9999	0.004424	-9999	-9999	-9999	-9999
11	17	5.180881	8.754640	13.057200	2.768040	3.997035	-9999	0.000000	-9999	-9999	-9999	-9999
11	18	5.013196	10.423700	14.961400	7.050790	6.338233	-9999	0.000000	-9999	-9999	-9999	-9999
11	19	4.895147	9.014340	12.774600	5.454380	3.853244	-9999	0.000000	-9999	-9999	-9999	-9999
11	20	3.711036	11.929600	16.130700	7.674570	2.390506	-9999	0.000000	-9999	-9999	-9999	-9999
11	21	4.508551	12.572000	16.832000	9.387000	2.002525	-9999	0.000003	-9999	-9999	-9999	-9999
11	22	1.060240	10.320700	13.424800	7.510930	0.919801	-9999	0.000015	-9999	-9999	-9999	-9999
11	23	4.246975	10.147100	14.988000	7.124890	1.868897	-9999	0.000000	-9999	-9999	-9999	-9999
11	24	4.406184	8.613250	13.319800	5.820810	1.240077	-9999	0.000000	-9999	-9999	-9999	-9999
11	25	4.168420	8.628750	12.841100	6.078530	1.414831	-9999	0.000000	-9999	-9999	-9999	-9999
11	26	3.965959	9.013610	13.171200	5.972600	1.965444	-9999	2.001000	-9999	-9999	-9999	-9999
11	27	1.223856	3.397950	7.784930	2.055950	0.164814	-9999	10.111600	-9999	-9999	-9999	-9999
11	28	3.984526	4.111180	8.116540	1.400860	1.469981	-9999	0.039459	-9999	-9999	-9999	-9999
11	29	2.592415	4.256900	7.416490	2.285560	0.810511	-9999	0.975560	-9999	-9999	-9999	-9999
11	30	4.081268	5.485600	7.834550	2.080570	1.902277	-9999	0.211958	-9999	-9999	-9999	-9999
12	1	3.030990	10.169700	13.609900	4.789910	1.286273	-9999	1.780120	-9999	-9999	-9999	-9999
12	2	3.779335	12.088300	16.177100	8.386380	3.814349	-9999	0.000000	-9999	-9999	-9999	-9999
12	3	3.810534	9.372610	14.756600	6.186150	2.467974	-9999	0.000000	-9999	-9999	-9999	-9999
12	4	3.211419	8.841300	13.383500	5.336970	2.632007	-9999	0.000000	-9999	-9999	-9999	-9999
12	5	1.962299	3.577940	8.698700	1.449310	0.905254	-9999	5.044530	-9999	-9999	-9999	-9999
12	6	3.100352	2.581230	6.184570	0.893611	1.248540	-9999	0.155996	-9999	-9999	-9999	-9999
12	7	2.991514	4.530850	7.053590	1.085840	1.062353	-9999	0.213464	-9999	-9999	-9999	-9999
12	8	1.140540	2.217740	5.737850	-0.060460	0.320892	-9999	10.343700	-9999	-9999	-9999	-9999
12	9	3.435351	1.181330	3.507110	-2.234010	0.839117	-9999	0.322382	-9999	-9999	-9999	-9999
12	10	1.404277	1.910430	4.583980	0.555690	0.449385	-9999	4.581370	-9999	-9999	-9999	-9999
12	11	1.780834	1.439080	2.865970	0.379512	0.203743	-9999	11.048800	-9999	-9999	-9999	-9999
12	12	1.310809	1.822230	3.024690	0.810603	0.392646	-9999	7.625650	-9999	-9999	-9999	-9999
12	13	2.183207	3.089320	5.385250	1.590300	0.578664	-9999	4.840510	-9999	-9999	-9999	-9999
12	14	2.549077	1.906950	3.383820	-0.093999	0.600703	-9999	3.703470	-9999	-9999	-9999	-9999
12	15	2.936572	2.739470	4.535190	1.648740	0.816928	-9999	0.481460	-9999	-9999	-9999	-9999
12	16	3.129071	2.019340	4.061460	0.393489	0.989730	-9999	0.000000	-9999	-9999	-9999	-9999
12	17	2.330545	3.285090	5.073060	1.762200	0.713470	-9999	0.224789	-9999	-9999	-9999	-9999
12	18	1.870785	3.362940	7.124110	-0.127690	0.839394	-9999	5.235520	-9999	-9999	-9999	-9999
12	19	2.045157	-1.093110	1.243740	-2.515390	0.747427	-9999	2.106510	-9999	-9999	-9999	-9999
12	20	2.099045	-1.804200	1.716580	-5.531100	0.589890	-9999	1.979590	-9999	-9999	-9999	-9999
12	21	2.528194	-0.401128	2.741880	-5.790440	0.712652	-9999	2.191260	-9999	-9999	-9999	-9999
12	22	1.576627	-0.256322	1.588350	-1.736670	0.522172	-9999	5.236590	-9999	-9999	-9999	-9999
12	23	1.170478	2.785820	4.392330	-0.804235	0.237425	-9999	15.539700	-9999	-9999	-9999	-9999
12	24	1.676834	4.677700	7.534520	1.983550	1.496250	-9999	3.801980	-9999	-9999	-9999	-9999
12	25	3.410848	4.234460	7.244260	1.736050	1.342728	-9999	1.323750	-9999	-9999	-9999	-9999
12	26	1.698996	1.315240	3.298950	-0.720861	0.728549	-9999	3.816320	-9999	-9999	-9999	-9999
12	27	2.193480	1.079550	2.885530	-1.467050	0.408279	-9999	9.359280	-9999	-9999	-9999	-9999
12	28	2.193169	2.618980	4.652160	-1.153140	0.744055	-9999	1.144350	-9999	-9999	-9999	-9999
12	29	3.215825	3.856010	6.950990	2.420860	2.215180	-9999	0.000000	-9999	-9999	-9999	-9999
12	30	2.117595	3.206260	6.644440	1.868920	1.029848	-9999	1.118660	-9999	-9999	-9999	-9999
12	31	3.099539	1.273430	3.539120	-0.070226	0.579514	-9999	0.318877	-9999	-9999	-9999	-9999
