monthly output file at cell level

Monthly summary output from 3D-CMCC version 'f', time 'd', spatial 'u'


Cell 0, 0, Lat = 51.18, Long  = 4.31


Monthly GPP = monthly total gross primary production (gC/m2/month)
Monthly NPP = monthly total net primary production (tDM/m2/month)
Monthly ET = monthly canopy transpiration(mm/month)
Monthly DEAD TREE = monthly dead tree (n tree/cell)



-YEAR      MONTH     GPP(0)  GPP (tot)     NPP(0)  NPP (tot)      ET(0)   ET (tot) DEAD TREE(0) DEAD TREE(tot)

-2001          1          0          0          0          0          0          0          0          0 
-2001          2          0          0          0          0          0          0          0          0 
-2001          3          0          0          0          0          0          0          0          0 
-2001          4          0          0          0          0          0          0          0          0 
-2001          5          0          0          0          0          0          0          0          0 
-2001          6    178.746    178.746    1.71596    1.71596    72.9857    72.9857          0          0 
-2001          7    212.947    212.947    2.04429    2.04429    85.6389    85.6389          0          0 
-2001          8    189.978    189.978    1.82379    1.82379    75.3255    75.3255          0          0 
-2001          9    124.872    124.872    1.19877    1.19877    43.8097    43.8097          0          0 
-2001         10    70.8005    70.8005   0.679685   0.679685    29.6909    29.6909          0          0 
-2001         11    6.49339    6.49339  0.0623366  0.0623366    6.52943    6.52943          0          0 
-2001         12          0          0          0          0          0          0          0          0 

-YEAR      MONTH     GPP(0)  GPP (tot)     NPP(0)  NPP (tot)      ET(0)   ET (tot) DEAD TREE(0) DEAD TREE(tot)

-2002          1          0          0          0          0          0          0          0          0 
-2002          2          0          0          0          0          0          0          0          0 
-2002          3          0          0          0          0          0          0          0          0 
-2002          4          0          0          0          0          0          0          0          0 
-2002          5          0          0          0          0          0          0          0          0 
-2002          6    194.112    194.112    1.86347    1.86347    72.9878    72.9878          0          0 
-2002          7    213.672    213.672    2.05125    2.05125    78.0144    78.0144          0          0 
-2002          8    188.062    188.062    1.80539    1.80539    65.6624    65.6624          0          0 
-2002          9      151.2      151.2    1.45152    1.45152    53.2106    53.2106          0          0 
-2002         10    62.8385    62.8385    0.60325    0.60325    28.8849    28.8849          0          0 
-2002         11    9.39578    9.39578  0.0901995  0.0901995    7.09305    7.09305          0          0 
-2002         12          0          0          0          0          0          0          0          0 

-YEAR      MONTH     GPP(0)  GPP (tot)     NPP(0)  NPP (tot)      ET(0)   ET (tot) DEAD TREE(0) DEAD TREE(tot)

-2003          1          0          0          0          0          0          0          0          0 
-2003          2          0          0          0          0          0          0          0          0 
-2003          3          0          0          0          0          0          0          0          0 
-2003          4          0          0          0          0          0          0          0          0 
-2003          5    78.9763    78.9763   0.758173   0.758173    34.0972    34.0972          0          0 
-2003          6    231.338    231.338    2.22085    2.22085    95.0175    95.0175          0          0 
-2003          7    213.805    213.805    2.05253    2.05253    88.7101    88.7101          0          0 
-2003          8    188.009    188.009    1.80488    1.80488     82.827     82.827          0          0 
-2003          9    155.456    155.456    1.49238    1.49238    58.2406    58.2406          0          0 
-2003         10    80.3069    80.3069   0.770946   0.770946    35.4741    35.4741          0          0 
-2003         11    15.6943    15.6943   0.150665   0.150665    9.56961    9.56961          0          0 
-2003         12          0          0          0          0          0          0          0          0 

-YEAR      MONTH     GPP(0)  GPP (tot)     NPP(0)  NPP (tot)      ET(0)   ET (tot) DEAD TREE(0) DEAD TREE(tot)

-2004          1          0          0          0          0          0          0          0          0 
-2004          2          0          0          0          0          0          0          0          0 
-2004          3          0          0          0          0          0          0          0          0 
-2004          4          0          0          0          0          0          0          0          0 
-2004          5    36.1275    36.1275   0.346824   0.346824    16.7211    16.7211          0          0 
-2004          6    196.461    196.461    1.88603    1.88603    80.6844    80.6844          0          0 
-2004          7    220.367    220.367    2.11553    2.11553    78.8967    78.8967          0          0 
-2004          8    212.116    212.116    2.03631    2.03631    75.0255    75.0255          0          0 
-2004          9    149.663    149.663    1.43676    1.43676    55.0954    55.0954          0          0 
-2004         10    77.0879    77.0879   0.740044   0.740044    30.4254    30.4254          0          0 
-2004         11    10.8474    10.8474   0.104135   0.104135    8.24425    8.24425          0          0 
-2004         12          0          0          0          0          0          0          0          0 

-YEAR      MONTH     GPP(0)  GPP (tot)     NPP(0)  NPP (tot)      ET(0)   ET (tot) DEAD TREE(0) DEAD TREE(tot)

-2005          1          0          0          0          0          0          0          0          0 
-2005          2          0          0          0          0          0          0          0          0 
-2005          3          0          0          0          0          0          0          0          0 
-2005          4    67.1323    67.1323    0.64447    0.64447    31.0383    31.0383          0          0 
-2005          5    194.613    194.613    1.86828    1.86828    84.3873    84.3873          0          0 
-2005          6    226.322    226.322    2.17269    2.17269    93.9036    93.9036          0          0 
-2005          7    237.328    237.328    2.27835    2.27835    84.6419    84.6419          0          0 
-2005          8    210.739    210.739     2.0231     2.0231    73.7789    73.7789          0          0 
-2005          9    165.108    165.108    1.58504    1.58504    59.5347    59.5347          0          0 
-2005         10    94.9315    94.9315   0.911343   0.911343      35.88      35.88          0          0 
-2005         11    20.1803    20.1803   0.193731   0.193731    10.4025    10.4025          0          0 
-2005         12   0.710506   0.710506 0.00682086 0.00682086    0.66789    0.66789          0          0 

-YEAR      MONTH     GPP(0)  GPP (tot)     NPP(0)  NPP (tot)      ET(0)   ET (tot) DEAD TREE(0) DEAD TREE(tot)

-2006          1          0          0          0          0          0          0          0          0 
-2006          2          0          0          0          0          0          0          0          0 
-2006          3          0          0          0          0          0          0          0          0 
-2006          4          0          0          0          0          0          0          0          0 
-2006          5    14.6671    14.6671   0.140804   0.140804     7.1335     7.1335          0          0 
-2006          6    192.087    192.087    1.84404    1.84404    85.4387    85.4387          0          0 
-2006          7    195.637    195.637    1.87812    1.87812    96.0163    96.0163          0          0 
-2006          8    175.426    175.426    1.68409    1.68409    56.2713    56.2713          0          0 
-2006          9     156.08     156.08    1.49837    1.49837    54.5787    54.5787          0          0 
-2006         10    83.5268    83.5268   0.801857   0.801857    29.9722    29.9722          0          0 
-2006         11    10.8443    10.8443   0.104105   0.104105     7.7918     7.7918          0          0 
-2006         12          0          0          0          0          0          0          0          0 

-YEAR      MONTH     GPP(0)  GPP (tot)     NPP(0)  NPP (tot)      ET(0)   ET (tot) DEAD TREE(0) DEAD TREE(tot)

-2007          1          0          0          0          0          0          0          0          0 
-2007          2          0          0          0          0          0          0          0          0 
-2007          3          0          0          0          0          0          0          0          0 
-2007          4          0          0          0          0          0          0          0          0 
-2007          5    104.554    104.554    1.00372    1.00372    44.4124    44.4124          0          0 
-2007          6    198.112    198.112    1.90187    1.90187    73.9099    73.9099          0          0 
-2007          7    224.131    224.131    2.15165    2.15165    79.7948    79.7948          0          0 
-2007          8     206.37     206.37    1.98115    1.98115    71.5405    71.5405          0          0 
-2007          9    154.554    154.554    1.48371    1.48371    51.1989    51.1989          0          0 
-2007         10    77.7825    77.7825   0.746712   0.746712     30.215     30.215          0          0 
-2007         11    11.4746    11.4746   0.110157   0.110157    9.57769    9.57769          0          0 
-2007         12          0          0          0          0          0          0          0          0 

-YEAR      MONTH     GPP(0)  GPP (tot)     NPP(0)  NPP (tot)      ET(0)   ET (tot) DEAD TREE(0) DEAD TREE(tot)

-2008          1          0          0          0          0          0          0          0          0 
-2008          2          0          0          0          0          0          0          0          0 
-2008          3          0          0          0          0          0          0          0          0 
-2008          4          0          0          0          0          0          0          0          0 
-2008          5    11.6868    11.6868   0.112193   0.112193    5.33821    5.33821          0          0 
-2008          6    193.493    193.493    1.85754    1.85754    77.8813    77.8813          0          0 
-2008          7    207.323    207.323     1.9903     1.9903    78.0532    78.0532          0          0 
-2008          8    195.974    195.974    1.88135    1.88135    65.4312    65.4312          0          0 
-2008          9    158.248    158.248    1.51918    1.51918    53.2027    53.2027          0          0 
-2008         10    81.3715    81.3715   0.781166   0.781166    31.3884    31.3884          0          0 
-2008         11     9.6936     9.6936  0.0930586  0.0930586     6.5208     6.5208          0          0 
-2008         12          0          0          0          0          0          0          0          0 

-YEAR      MONTH     GPP(0)  GPP (tot)     NPP(0)  NPP (tot)      ET(0)   ET (tot) DEAD TREE(0) DEAD TREE(tot)

-2009          1          0          0          0          0          0          0          0          0 
-2009          2          0          0          0          0          0          0          0          0 
-2009          3          0          0          0          0          0          0          0          0 
-2009          4          0          0          0          0          0          0          0          0 
-2009          5          0          0          0          0          0          0          0          0 
-2009          6    220.733    220.733    2.11904    2.11904    88.6503    88.6503          0          0 
-2009          7    226.116    226.116    2.17071    2.17071    83.9398    83.9398          0          0 
-2009          8     232.66     232.66    2.23354    2.23354    86.0834    86.0834          0          0 
-2009          9    170.768    170.768    1.63937    1.63937    54.7038    54.7038          0          0 
-2009         10    81.9836    81.9836   0.787042   0.787042    31.3242    31.3242          0          0 
-2009         11    9.03168    9.03168  0.0867041  0.0867041    6.09039    6.09039          0          0 
-2009         12          0          0          0          0          0          0          0          0 

-YEAR      MONTH     GPP(0)  GPP (tot)     NPP(0)  NPP (tot)      ET(0)   ET (tot) DEAD TREE(0) DEAD TREE(tot)

-2010          1          0          0          0          0          0          0          0          0 
-2010          2          0          0          0          0          0          0          0          0 
-2010          3          0          0          0          0          0          0          0          0 
-2010          4          0          0          0          0          0          0          0          0 
-2010          5          0          0          0          0          0          0          0          0 
-2010          6    98.5439    98.5439   0.946022   0.946022    46.2407    46.2407          0          0 
-2010          7     206.37     206.37    1.98116    1.98116     88.201     88.201          0          0 
-2010          8    196.647    196.647    1.88781    1.88781    64.8207    64.8207          0          0 
-2010          9    164.154    164.154    1.57588    1.57588    51.3558    51.3558          0          0 
-2010         10    86.8276    86.8276   0.833545   0.833545    33.4484    33.4484          0          0 
-2010         11    4.39447    4.39447  0.0421869  0.0421869     3.2024     3.2024          0          0 
-2010         12          0          0          0          0          0          0          0          0 

-YEAR      MONTH     GPP(0)  GPP (tot)     NPP(0)  NPP (tot)      ET(0)   ET (tot) DEAD TREE(0) DEAD TREE(tot)

-2011          1          0          0          0          0          0          0          0          0 
-2011          2          0          0          0          0          0          0          0          0 
-2011          3          0          0          0          0          0          0          0          0 
-2011          4          0          0          0          0          0          0          0          0 
-2011          5    74.0106    74.0106   0.710501   0.710501    34.6684    34.6684          0          0 
-2011          6    208.999    208.999    2.00639    2.00639    80.0496    80.0496          0          0 
-2011          7    213.548    213.548    2.05006    2.05006    72.7306    72.7306          0          0 
-2011          8    211.201    211.201    2.02753    2.02753    67.2842    67.2842          0          0 
-2011          9    173.523    173.523    1.66582    1.66582    54.7085    54.7085          0          0 
-2011         10     93.857     93.857   0.901027   0.901027    34.6034    34.6034          0          0 
-2011         11    18.9974    18.9974   0.182375   0.182375    11.6396    11.6396          0          0 
-2011         12          0          0          0          0          0          0          0          0 
