monthly output file at cell level

Monthly summary output from 3D-CMCC version 'f', time 'd', spatial 'u'


Cell 0, 0, Lat = 51.18, Long  = 4.31


Monthly GPP = monthly total gross primary production (gC/m2/month)
Monthly NPP = monthly total net primary production (tDM/m2/month)
Monthly ET = monthly canopy transpiration(mm/month)
Monthly DEAD TREE = monthly dead tree (n tree/cell)



-YEAR      MONTH     GPP(2)     GPP(1)     GPP(0)  GPP (tot)     NPP(2)     NPP(1)     NPP(0)  NPP (tot)      ET(2)      ET(1)      ET(0)    ET(tot) DEAD TREE(2) DEAD TREE(1) DEAD TREE(0) DEAD TREE(tot)

-2001          1          0          0          0          0          0          0          0          0          0          0          0          0          0          0          0          0
-2001          2          0          0          0          0          0          0          0          0          0          0          0          0          0          0          0          0
-2001          3          0          0          0          0          0          0          0          0          0          0          0          0          0          0          0          0
-2001          4          0          0          0          0          0          0          0          0          0          0          0          0          0          0          0          0
-2001          5          0          0          0          0          0          0          0          0          0          0          0          0          0          0          0          0
-2001          6    62.4507     83.187     15.852     161.49   0.599527   0.798595   0.152179     1.5503    33.8446    56.9703     33.713    124.528          0          0          0          0
-2001          7    74.2731    98.8924    18.8154    191.981   0.713022   0.949367   0.180628    1.84302    41.3045    66.8237    39.4917     147.62          0          0          0          0
-2001          8    66.1632    87.9192    16.6507    170.733   0.635166   0.844024   0.159847    1.63904    36.7212    58.6751    34.5799    129.976          0          0          0          0
-2001          9    43.4327    57.6089    10.8646    111.906   0.416954   0.553045     0.1043     1.0743    20.8003    34.0221    20.0963    74.9187          0          0          0          0
-2001         10    27.4821    34.9464    5.77755     68.206   0.263828   0.335485  0.0554644   0.654778    17.7401    24.3015     14.976    57.0176          0          0          0          0
-2001         11    2.82519    3.67287   0.657022    7.15508  0.0271218  0.0352595 0.00630741  0.0686888    5.66912    6.16769    4.13746    15.9743          0          0          0          0
-2001         12          0          0          0          0          0          0          0          0          0          0          0          0          0          0          0          0

-YEAR      MONTH     GPP(2)     GPP(1)     GPP(0)  GPP (tot)     NPP(2)     NPP(1)     NPP(0)  NPP (tot)      ET(2)      ET(1)      ET(0)    ET(tot) DEAD TREE(2) DEAD TREE(1) DEAD TREE(0) DEAD TREE(tot)

-2002          1          0          0          0          0          0          0          0          0          0          0          0          0          0          0          0          0
-2002          2          0          0          0          0          0          0          0          0          0          0          0          0          0          0          0          0
-2002          3          0          0          0          0          0          0          0          0          0          0          0          0          0          0          0          0
-2002          4          0          0          0          0          0          0          0          0          0          0          0          0          0          0          0          0
-2002          5          0          0          0          0          0          0          0          0          0          0          0          0          0          0          0          0
-2002          6    65.4118    81.0628      13.82    160.295   0.627954   0.778203   0.132672    1.53883    38.1073    55.3578     32.953    126.418          0          0          0          0
-2002          7    73.6909    94.1512    15.6225    183.465   0.707433   0.903851   0.149976    1.76126    37.9821    59.7729     34.225     131.98          0          0          0          0
-2002          8    64.7804    85.7289    14.2175    164.727   0.621892   0.822997   0.136488    1.58138    30.6882    50.7787    28.5825    110.049          0          0          0          0
-2002          9     52.016    68.7622    11.8916     132.67   0.499354   0.660117    0.11416    1.27363    24.2661     41.085    23.4199    88.7709          0          0          0          0
-2002         10    22.2767     29.754    5.44545    57.4762   0.213857   0.285639  0.0522763   0.551772    15.5941    23.1148    14.2002    52.9091          0          0          0          0
-2002         11    3.62529    5.14726    1.09101    9.86355  0.0348027  0.0494137  0.0104737    0.09469     5.9495    6.51725    4.79714    17.2639          0          0          0          0
-2002         12          0          0          0          0          0          0          0          0          0          0          0          0          0          0          0          0

-YEAR      MONTH     GPP(2)     GPP(1)     GPP(0)  GPP (tot)     NPP(2)     NPP(1)     NPP(0)  NPP (tot)      ET(2)      ET(1)      ET(0)    ET(tot) DEAD TREE(2) DEAD TREE(1) DEAD TREE(0) DEAD TREE(tot)

-2003          1          0          0          0          0          0          0          0          0          0          0          0          0          0          0          0          0
-2003          2          0          0          0          0          0          0          0          0          0          0          0          0          0          0          0          0
-2003          3          0          0          0          0          0          0          0          0          0          0          0          0          0          0          0          0
-2003          4          0          0          0          0          0          0          0          0          0          0          0          0          0          0          0          0
-2003          5    25.2734    29.5084    1.89177    56.6736   0.242625   0.283281   0.018161   0.544066     18.424    25.4798    8.98811    52.8919          0          0          0          0
-2003          6    74.6406     92.885    17.2165    184.742    0.71655   0.891696   0.165278    1.77352    51.8954    71.7343    44.4314    168.061          0          0          0          0
-2003          7    70.9473     88.164    15.7084     174.82   0.681094   0.846375     0.1508    1.67827    42.2982    66.5589    39.2817    148.139          0          0          0          0
-2003          8    64.1682    81.5907    13.9281    159.687   0.616014   0.783271    0.13371    1.53299    39.6332    62.8306    35.6064     138.07          0          0          0          0
-2003          9    53.0059    69.3214    11.7341    134.061   0.508857   0.665485   0.112647    1.28699    26.8738    44.6446    24.9563    96.4747          0          0          0          0
-2003         10    28.1926    37.2825    6.63001    72.1051   0.270649   0.357912  0.0636481   0.692209    18.3036    28.1019    16.9262    63.3317          0          0          0          0
-2003         11    5.93542    8.28507    1.67922    15.8997    0.05698  0.0795367  0.0161205   0.152637    7.01425    8.53987    6.08462    21.6387          0          0          0          0
-2003         12          0          0          0          0          0          0          0          0          0          0          0          0          0          0          0          0

-YEAR      MONTH     GPP(2)     GPP(1)     GPP(0)  GPP (tot)     NPP(2)     NPP(1)     NPP(0)  NPP (tot)      ET(2)      ET(1)      ET(0)    ET(tot) DEAD TREE(2) DEAD TREE(1) DEAD TREE(0) DEAD TREE(tot)

-2004          1          0          0          0          0          0          0          0          0          0          0          0          0          0          0          0          0
-2004          2          0          0          0          0          0          0          0          0          0          0          0          0          0          0          0          0
-2004          3          0          0          0          0          0          0          0          0          0          0          0          0          0          0          0          0
-2004          4          0          0          0          0          0          0          0          0          0          0          0          0          0          0          0          0
-2004          5    10.9997    9.40683   0.727957    21.1345   0.105597  0.0903056 0.00698838   0.202891     10.273    10.6056    3.99331     24.872          0          0          0          0
-2004          6    65.9894    86.6548    13.8207    166.465   0.633498   0.831886   0.132679    1.59806    43.1493      63.23    36.1393    142.519          0          0          0          0
-2004          7    72.6613     93.817    15.9606    182.439   0.697548   0.900644   0.153222    1.75141    37.5356    60.1571    34.8247    132.517          0          0          0          0
-2004          8    71.6051    92.1339    15.0598    178.799   0.687409   0.884485   0.144574    1.71647    34.3363    56.9429    31.5943    122.874          0          0          0          0
-2004          9    50.6914    65.7956    10.8899    127.377   0.486638   0.631637   0.104543    1.22282    25.3927    41.9566    23.0813    90.4306          0          0          0          0
-2004         10    26.9056    35.2445    6.18143    68.3316   0.258294   0.338348  0.0593417   0.655983    15.4231    23.9656    14.2862    53.6749          0          0          0          0
-2004         11    4.09326    5.69758    1.15925    10.9501  0.0392953  0.0546968  0.0111288   0.105121    6.16164    7.47089    5.38419    19.0167          0          0          0          0
-2004         12          0          0          0          0          0          0          0          0          0          0          0          0          0          0          0          0

-YEAR      MONTH     GPP(2)     GPP(1)     GPP(0)  GPP (tot)     NPP(2)     NPP(1)     NPP(0)  NPP (tot)      ET(2)      ET(1)      ET(0)    ET(tot) DEAD TREE(2) DEAD TREE(1) DEAD TREE(0) DEAD TREE(tot)

-2005          1          0          0          0          0          0          0          0          0          0          0          0          0          0          0          0          0
-2005          2          0          0          0          0          0          0          0          0          0          0          0          0          0          0          0          0
-2005          3          0          0          0          0          0          0          0          0          0          0          0          0          0          0          0          0
-2005          4    22.6674    26.8505    1.93848    51.4564   0.217607   0.257765  0.0186094   0.493981    19.2577    23.7913    9.12408    52.1731          0          0          0          0
-2005          5    68.2489    87.0412    15.2374    170.528    0.65519   0.835595   0.146279    1.63706    43.8494    66.1678    39.7152    149.732          0          0          0          0
-2005          6    76.4483    96.0608    16.2869    188.796   0.733904   0.922184   0.156355    1.81244    45.6386    71.1258    40.5806    157.345          0          0          0          0
-2005          7    79.8991    101.117    16.3697    197.386   0.767032   0.970725   0.157149    1.89491    38.3224     63.686    34.9095    136.918          0          0          0          0
-2005          8    70.9999    91.1601    14.9556    177.116   0.681599   0.875137   0.143574    1.70031    31.1546    55.7373    30.3699    117.262          0          0          0          0
-2005          9    55.5557    71.1849    12.0707    138.811   0.533335   0.683375   0.115879    1.33259    26.9185    44.9083    24.6766    96.5034          0          0          0          0
-2005         10    32.6966    42.1204     7.5459     82.363   0.313888   0.404356  0.0724406   0.790684    16.9631    27.7145    16.1571    60.8348          0          0          0          0
-2005         11    7.40335    9.94714     2.0524    19.4029  0.0710722  0.0954926  0.0197031   0.186268    6.76316     8.9021    6.19527    21.8605          0          0          0          0
-2005         12   0.278346   0.405801   0.099875   0.784022 0.00267212 0.00389569  0.0009588 0.00752661   0.774753   0.662805   0.530962    1.96852          0          0          0          0

-YEAR      MONTH     GPP(2)     GPP(1)     GPP(0)  GPP (tot)     NPP(2)     NPP(1)     NPP(0)  NPP (tot)      ET(2)      ET(1)      ET(0)    ET(tot) DEAD TREE(2) DEAD TREE(1) DEAD TREE(0) DEAD TREE(tot)

-2006          1          0          0          0          0          0          0          0          0          0          0          0          0          0          0          0          0
-2006          2          0          0          0          0          0          0          0          0          0          0          0          0          0          0          0          0
-2006          3          0          0          0          0          0          0          0          0          0          0          0          0          0          0          0          0
-2006          4          0          0          0          0          0          0          0          0          0          0          0          0          0          0          0          0
-2006          5    4.55773    4.70542   0.191074    9.45423  0.0437542   0.045172 0.00183431  0.0907606    4.03608      5.165    1.39264    10.5937          0          0          0          0
-2006          6    63.6412    81.3242    11.0381    156.003   0.610955   0.780712   0.105966    1.49763    42.9768    65.8693     33.342    142.188          0          0          0          0
-2006          7    63.6183    80.1687    13.8657    157.653   0.610736   0.769619    0.13311    1.51347    46.0313    71.8089    40.8828    158.723          0          0          0          0
-2006          8    57.6606    71.8779    11.8668    141.405   0.553542   0.690028   0.113921    1.35749    25.7554    41.8531    23.3047    90.9132          0          0          0          0
-2006          9    52.1422    65.8185    10.5395      128.5   0.500565   0.631858    0.10118     1.2336    22.9329    40.8012    21.9305    85.6646          0          0          0          0
-2006         10    28.7691    37.1123    6.21527    72.0966   0.276183   0.356278  0.0596666   0.692128    15.2101    23.3476    13.5759    52.1337          0          0          0          0
-2006         11    4.02934    5.56729    1.09204    10.6887  0.0386817   0.053446  0.0104836   0.102611    5.64214    6.96808      4.902    17.5122          0          0          0          0
-2006         12          0          0          0          0          0          0          0          0          0          0          0          0          0          0          0          0

-YEAR      MONTH     GPP(2)     GPP(1)     GPP(0)  GPP (tot)     NPP(2)     NPP(1)     NPP(0)  NPP (tot)      ET(2)      ET(1)      ET(0)    ET(tot) DEAD TREE(2) DEAD TREE(1) DEAD TREE(0) DEAD TREE(tot)

-2007          1          0          0          0          0          0          0          0          0          0          0          0          0          0          0          0          0
-2007          2          0          0          0          0          0          0          0          0          0          0          0          0          0          0          0          0
-2007          3          0          0          0          0          0          0          0          0          0          0          0          0          0          0          0          0
-2007          4          0          0          0          0          0          0          0          0          0          0          0          0          0          0          0          0
-2007          5    34.2986    36.8422    4.91501    76.0558   0.329266   0.353685  0.0471841   0.730136    26.8076    31.6864    16.7332    75.2272          0          0          0          0
-2007          6    67.7479    82.2243    14.9561    164.928    0.65038   0.789353   0.143579    1.58331    38.7387    56.3819    34.4253    129.546          0          0          0          0
-2007          7    74.2634    89.3043    15.1215    178.689   0.712928   0.857322   0.145166    1.71542    36.6853    59.0628    33.8914     129.64          0          0          0          0
-2007          8    68.3839    82.5298    13.2451    164.159   0.656486   0.792286   0.127153    1.57592    32.1951    52.4273    28.6422    113.265          0          0          0          0
-2007          9    51.4103    64.0445    9.93201    125.387   0.493539   0.614828  0.0953472    1.20371    20.9631    37.9478    20.1456    79.0564          0          0          0          0
-2007         10    26.5861    33.8043    5.40846    65.7989   0.255227   0.324521  0.0519213   0.631669     14.471    23.2467    13.1608    50.8785          0          0          0          0
-2007         11    4.23993    5.77344    1.07971    11.0931  0.0407034   0.055425  0.0103652   0.106494    7.43254    8.58456    5.95804    21.9751          0          0          0          0
-2007         12          0          0          0          0          0          0          0          0          0          0          0          0          0          0          0          0

-YEAR      MONTH     GPP(2)     GPP(1)     GPP(0)  GPP (tot)     NPP(2)     NPP(1)     NPP(0)  NPP (tot)      ET(2)      ET(1)      ET(0)    ET(tot) DEAD TREE(2) DEAD TREE(1) DEAD TREE(0) DEAD TREE(tot)

-2008          1          0          0          0          0          0          0          0          0          0          0          0          0          0          0          0          0
-2008          2          0          0          0          0          0          0          0          0          0          0          0          0          0          0          0          0
-2008          3          0          0          0          0          0          0          0          0          0          0          0          0          0          0          0          0
-2008          4          0          0          0          0          0          0          0          0          0          0          0          0          0          0          0          0
-2008          5    3.16001    1.58767   0.186581    4.93426  0.0303361  0.0152417 0.00179118  0.0473689    2.21504    2.43485    1.10615    5.75604          0          0          0          0
-2008          6    65.8143    79.0424     11.377    156.234   0.631817   0.758808   0.109219    1.49984    42.8246    58.9763    31.7804    133.581          0          0          0          0
-2008          7    68.8402    88.7475    13.9868    171.574   0.660866   0.851975   0.134273    1.64711    35.7701    59.5735     32.616     127.96          0          0          0          0
-2008          8    63.9191    80.5558    12.1483    156.623   0.613623   0.773336   0.116623    1.50358    28.2525    48.6273    25.6189    102.499          0          0          0          0
-2008          9    52.3325    65.3336    9.68741    127.353   0.502392   0.627202  0.0929991    1.22259    22.5927    39.3222    20.3078    82.2227          0          0          0          0
-2008         10    27.6859    34.9301    5.44981    68.0658   0.265785   0.335329  0.0523181   0.653431    14.5938    24.0697    13.5092    52.1727          0          0          0          0
-2008         11    3.58127    4.87688   0.899615    9.35777  0.0343802  0.0468181  0.0086363  0.0898346    4.86818    5.81242    3.99313    14.6737          0          0          0          0
-2008         12          0          0          0          0          0          0          0          0          0          0          0          0          0          0          0          0

-YEAR      MONTH     GPP(2)     GPP(1)     GPP(0)  GPP (tot)     NPP(2)     NPP(1)     NPP(0)  NPP (tot)      ET(2)      ET(1)      ET(0)    ET(tot) DEAD TREE(2) DEAD TREE(1) DEAD TREE(0) DEAD TREE(tot)

-2009          1          0          0          0          0          0          0          0          0          0          0          0          0          0          0          0          0
-2009          2          0          0          0          0          0          0          0          0          0          0          0          0          0          0          0          0
-2009          3          0          0          0          0          0          0          0          0          0          0          0          0          0          0          0          0
-2009          4          0          0          0          0          0          0          0          0          0          0          0          0          0          0          0          0
-2009          5          0          0          0          0          0          0          0          0          0          0          0          0          0          0          0          0
-2009          6    72.7606    84.4172      11.56    168.738   0.698502   0.810405   0.110976    1.61988    46.7554    65.4686    33.7152    145.939          0          0          0          0
-2009          7    74.9603    87.0988    14.1666    176.226   0.719619   0.836149   0.135999    1.69177    39.3888    61.1953     34.482    135.066          0          0          0          0
-2009          8    76.1973     88.911    13.6394    178.748   0.731494   0.853546   0.130939    1.71598    36.9787    61.8183     32.924    131.721          0          0          0          0
-2009          9    56.1283    67.7611    9.98251    133.872   0.538831   0.650506  0.0958321    1.28517    23.1258    39.7954    20.5881    83.5092          0          0          0          0
-2009         10    27.8016    34.6729    5.26062    67.7351   0.266895   0.332859  0.0505019   0.650257    14.7165    23.9323    13.3523    52.0011          0          0          0          0
-2009         11    3.30008    4.43036   0.787668     8.5181  0.0316807  0.0425314 0.00756161  0.0817738    4.71022    5.40345    3.65301    13.7667          0          0          0          0
-2009         12          0          0          0          0          0          0          0          0          0          0          0          0          0          0          0          0

-YEAR      MONTH     GPP(2)     GPP(1)     GPP(0)  GPP (tot)     NPP(2)     NPP(1)     NPP(0)  NPP (tot)      ET(2)      ET(1)      ET(0)    ET(tot) DEAD TREE(2) DEAD TREE(1) DEAD TREE(0) DEAD TREE(tot)

-2010          1          0          0          0          0          0          0          0          0          0          0          0          0          0          0          0          0
-2010          2          0          0          0          0          0          0          0          0          0          0          0          0          0          0          0          0
-2010          3          0          0          0          0          0          0          0          0          0          0          0          0          0          0          0          0
-2010          4          0          0          0          0          0          0          0          0          0          0          0          0          0          0          0          0
-2010          5          0          0          0          0          0          0          0          0          0          0          0          0          0          0          0          0
-2010          6     32.302    27.1946    3.56952    63.0661   0.310099   0.261068  0.0342674   0.605434    28.9567    28.5452    14.9239    72.4258          0          0          0          0
-2010          7    68.2797     84.534    14.3395    167.153   0.655485   0.811527   0.137659    1.60467    44.1713    67.1033    38.9593    150.234          0          0          0          0
-2010          8    63.5581    76.8878    12.2058    152.652   0.610158   0.738123   0.117175    1.46546    29.0227    47.7232    26.4107    103.157          0          0          0          0
-2010          9    52.5672    62.8316     9.5229    124.922   0.504645   0.603183  0.0914198    1.19925    21.9317    37.1421    19.7792     78.853          0          0          0          0
-2010         10     28.865    34.5822    5.43028    68.8775   0.277104   0.331989  0.0521307   0.661224    16.0959    25.1987    14.5592    55.8538          0          0          0          0
-2010         11    1.56914    2.00717   0.383402    3.95971  0.0150637  0.0192689 0.00368065  0.0380132    2.78054    2.78999    1.97368    7.54421          0          0          0          0
-2010         12          0          0          0          0          0          0          0          0          0          0          0          0          0          0          0          0

-YEAR      MONTH     GPP(2)     GPP(1)     GPP(0)  GPP (tot)     NPP(2)     NPP(1)     NPP(0)  NPP (tot)      ET(2)      ET(1)      ET(0)    ET(tot) DEAD TREE(2) DEAD TREE(1) DEAD TREE(0) DEAD TREE(tot)

-2011          1          0          0          0          0          0          0          0          0          0          0          0          0          0          0          0          0
-2011          2          0          0          0          0          0          0          0          0          0          0          0          0          0          0          0          0
-2011          3          0          0          0          0          0          0          0          0          0          0          0          0          0          0          0          0
-2011          4          0          0          0          0          0          0          0          0          0          0          0          0          0          0          0          0
-2011          5    19.9927    23.2587    2.99166    46.2431    0.19193   0.223284    0.02872   0.443934    22.0838     23.124    12.3444    57.5522          0          0          0          0
-2011          6    68.9996    86.2719    14.5389     169.81   0.662396   0.828211   0.139573    1.63018     37.936    60.9476    35.2702    134.154          0          0          0          0
-2011          7    69.1934      84.09    13.3636    166.647   0.664257   0.807264    0.12829    1.59981    32.1323    53.4334     29.338    114.904          0          0          0          0
-2011          8    68.4464    81.8341    12.3124    162.593   0.657086   0.785607   0.118199    1.56089    27.9288    48.4332    25.3319    101.694          0          0          0          0
-2011          9     57.742    69.3318    10.0291    137.103   0.554323   0.665585  0.0962795    1.31619    21.0203    39.4646    19.9098    80.3947          0          0          0          0
-2011         10    32.1466    39.6362    5.97322     77.756   0.308607   0.380507  0.0573429   0.746457    15.5775    26.0345    14.1415    55.7535          0          0          0          0
-2011         11    6.95737    9.20601    1.63033    17.7937  0.0667908  0.0883777  0.0156512    0.17082    8.63289    10.1609    6.85987    25.6537          0          0          0          0
-2011         12          0          0          0          0          0          0          0          0          0          0          0          0          0          0          0          0
