monthly output file at cell level

Monthly summary output from 3D-CMCC version 'f', time 'd', spatial 'u'


Cell 0, 0, Lat = 51.18, Long  = 4.31


Monthly GPP = monthly total gross primary production (gC/m2/month)
Monthly NPP = monthly total net primary production (tDM/m2/month)
Monthly ET = monthly canopy transpiration(mm/month)
Monthly DEAD TREE = monthly dead tree (n tree/cell)



-YEAR      MONTH     GPP(2)     GPP(1)     GPP(0)  GPP (tot)     NPP(2)     NPP(1)     NPP(0)  NPP (tot)      ET(2)      ET(1)      ET(0)    ET(tot)      CC(2)      CC(1)      CC(0) DEAD TREE(2) DEAD TREE(1) DEAD TREE(0) DEAD TREE(tot)

-2001          1          0          0          0          0          0          0          0          0          0          0          0          0    42.4851    78.4097    26.7483          0          0          0          0
-2001          2          0          0          0          0          0          0          0          0          0          0          0          0    42.4851    78.4097    26.7483          0          0          0          0
-2001          3          0          0          0          0          0          0          0          0          0          0          0          0    42.4851    78.4097    26.7483          0          0          0          0
-2001          4          0          0          0          0          0          0          0          0          0          0          0          0    42.4851    78.4097    26.7483          0          0          0          0
-2001          5          0          0          0          0          0          0          0          0          0          0          0          0    42.4851    78.4097    26.7483          0          0          0          0
-2001          6    98.2825    108.083    12.9102    219.276   0.943512     1.0376   0.123938    2.10505    17.7128    46.0664    17.3668    81.1461    42.4851    78.4097    26.7483          0          0          0          0
-2001          7    117.081    128.374    15.2565    260.712    1.12398    1.23239   0.146463    2.50283    21.5448    53.9459    20.2672    95.7579    42.6274    78.5724    26.7483          0          0          0          0
-2001          8    104.614    113.937    13.3532    231.905     1.0043     1.0938   0.128191    2.22628      18.97    47.2388    17.5765    83.7853    42.9982    79.0961     26.823          0          0          0          0
-2001          9    68.8606    74.5398    8.62705    152.027   0.661062   0.715582  0.0828197    1.45946    10.6807    27.4471    10.1784    48.3062    43.3281    79.5592    26.8939          0          0          0          0
-2001         10     42.005    45.5023    5.55428    93.0616   0.403248   0.436822  0.0533211   0.893391     11.505    20.3349    9.54644    41.3863    43.5367    79.8504    26.9379          0          0          0          0
-2001         11    4.04248    4.93253   0.801251    9.77626  0.0388078  0.0473523 0.00769201  0.0938521    4.64277    5.36369    3.28191    13.2884    43.6669    80.0328    26.9672          0          0          0          0
-2001         12          0          0          0          0          0          0          0          0          0          0          0          0     43.676    80.0473    26.9704          0          0          0          0

-YEAR      MONTH     GPP(2)     GPP(1)     GPP(0)  GPP (tot)     NPP(2)     NPP(1)     NPP(0)  NPP (tot)      ET(2)      ET(1)      ET(0)    ET(tot)      CC(2)      CC(1)      CC(0) DEAD TREE(2) DEAD TREE(1) DEAD TREE(0) DEAD TREE(tot)

-2002          1          0          0          0          0          0          0          0          0          0          0          0          0     43.676    80.0473    26.9704          0          0          0          0
-2002          2          0          0          0          0          0          0          0          0          0          0          0          0     43.676    80.0473    26.9704          0          0          0          0
-2002          3          0          0          0          0          0          0          0          0          0          0          0          0     43.676    80.0473    26.9704          0          0          0          0
-2002          4          0          0          0          0          0          0          0          0          0          0          0          0     43.676    80.0473    26.9704          0          0          0          0
-2002          5          0          0          0          0          0          0          0          0          0          0          0          0     43.676    80.0473    26.9704          0          0          0          0
-2002          6     106.72    98.0783     10.951     215.75    1.02452   0.941552    0.10513     2.0712    23.4185    43.3414    18.1237    84.8836     43.676    80.0473    26.9704          0          0          0          0
-2002          7    117.385    116.311    12.0659    245.762     1.1269    1.11658   0.115833    2.35931    21.0254    47.2162    17.9642    86.2058    43.9298    80.3271    26.9971          0          0          0          0
-2002          8    103.471    108.694    9.92659    222.091   0.993318    1.04346  0.0952953    2.13207    15.6407    40.3363    13.7742    69.7512    44.3089    80.8103    27.0624          0          0          0          0
-2002          9    83.2988    88.1814    7.94028     179.42   0.799668   0.846541  0.0762267    1.72244      11.98       32.7    10.9399      55.62    44.6346    81.2529    27.1151          0          0          0          0
-2002         10    34.7123    38.6534    4.10177    77.4675   0.333239   0.371073   0.039377   0.743688    9.01718     19.049    7.83895    35.9052    44.8948    81.6094     27.157          0          0          0          0
-2002         11     5.2366    6.91935    1.07026    13.2262  0.0502714  0.0664257  0.0102745   0.126972    4.71856    5.69158     3.3949     13.805    44.9945    81.7545    27.1775          0          0          0          0
-2002         12          0          0          0          0          0          0          0          0          0          0          0          0    45.0083    81.7784    27.1825          0          0          0          0

-YEAR      MONTH     GPP(2)     GPP(1)     GPP(0)  GPP (tot)     NPP(2)     NPP(1)     NPP(0)  NPP (tot)      ET(2)      ET(1)      ET(0)    ET(tot)      CC(2)      CC(1)      CC(0) DEAD TREE(2) DEAD TREE(1) DEAD TREE(0) DEAD TREE(tot)

-2003          1          0          0          0          0          0          0          0          0          0          0          0          0    45.0083    81.7784    27.1825          0          0          0          0
-2003          2          0          0          0          0          0          0          0          0          0          0          0          0    45.0083    81.7784    27.1825          0          0          0          0
-2003          3          0          0          0          0          0          0          0          0          0          0          0          0    45.0083    81.7784    27.1825          0          0          0          0
-2003          4          0          0          0          0          0          0          0          0          0          0          0          0    45.0083    81.7784    27.1825          0          0          0          0
-2003          5    43.3483    33.2022   0.827869    77.3784   0.416144   0.318741 0.00794755   0.742832    13.3777    19.2352    3.07878    35.6916    45.0083    81.7784    27.1825          0          0          0          0
-2003          6    126.775    114.725    11.7135    253.214    1.21704    1.10136    0.11245    2.43086    31.1508    55.8505    21.8152    108.816     45.087    81.8395    27.1825          0          0          0          0
-2003          7    117.996    108.234    12.0529    238.283    1.13276    1.03905   0.115708    2.28752    23.0191    51.2298    20.1316    94.3805    45.4821    82.2968    27.2224          0          0          0          0
-2003          8    103.919    101.721    9.82395    215.463   0.997621   0.976518  0.0943099    2.06845    20.1714    48.7427    17.0605    85.9746    45.8518    82.7337    27.2861          0          0          0          0
-2003          9    86.0471    87.6217    7.63764    181.306   0.826052   0.841168  0.0733214    1.74054    12.7655    34.8368    11.1821    58.7843    46.1704    83.1377    27.3372          0          0          0          0
-2003         10    44.5487    48.1801     4.8345    97.5633   0.427667   0.462529  0.0464112   0.936608    10.2124    22.8688    8.97763    42.0588    46.4336    83.4858     27.377          0          0          0          0
-2003         11     8.7635    11.1403     1.6132     21.517  0.0841296   0.106947  0.0154868   0.206564    5.36472    7.41562     4.2236    17.0039    46.5654    83.6723    27.4018          0          0          0          0
-2003         12          0          0          0          0          0          0          0          0          0          0          0          0    46.5896    83.7128    27.4096          0          0          0          0

-YEAR      MONTH     GPP(2)     GPP(1)     GPP(0)  GPP (tot)     NPP(2)     NPP(1)     NPP(0)  NPP (tot)      ET(2)      ET(1)      ET(0)    ET(tot)      CC(2)      CC(1)      CC(0) DEAD TREE(2) DEAD TREE(1) DEAD TREE(0) DEAD TREE(tot)

-2004          1          0          0          0          0          0          0          0          0          0          0          0          0    46.5896    83.7128    27.4096          0          0          0          0
-2004          2          0          0          0          0          0          0          0          0          0          0          0          0    46.5896    83.7128    27.4096          0          0          0          0
-2004          3          0          0          0          0          0          0          0          0          0          0          0          0    46.5896    83.7128    27.4096          0          0          0          0
-2004          4          0          0          0          0          0          0          0          0          0          0          0          0    46.5896    83.7128    27.4096          0          0          0          0
-2004          5    19.7705    8.31002   0.439339    28.5199   0.189797  0.0797762 0.00421766   0.273791     8.5952    6.84257    1.69716    17.1349    46.5896    83.7128    27.4096          0          0          0          0
-2004          6    107.587    99.2578     9.5851     216.43    1.03284   0.952875   0.092017    2.07773    28.4223    48.6425    18.5679    95.6326    46.6026    83.7128    27.4096          0          0          0          0
-2004          7    121.114    107.718    12.5813    241.414     1.1627     1.0341    0.12078    2.31757    21.7402    45.4635    18.9119    86.1156    46.9267     84.067    27.4363          0          0          0          0
-2004          8    117.817    107.448    10.6803    235.946    1.13104     1.0315   0.102531    2.26508    18.1386    42.9078     15.631    76.6774    47.3026    84.4976    27.5027          0          0          0          0
-2004          9    83.2375       79.8    6.97886    170.016    0.79908    0.76608   0.066997    1.63216    12.2439    31.9199    10.3856    54.5493     47.669    84.9308    27.5593          0          0          0          0
-2004         10    42.9825    44.5701    4.37801    91.9306   0.412632   0.427873  0.0420289   0.882533    8.55093    19.1678    7.42603    35.1447    47.9191     85.243    27.5952          0          0          0          0
-2004         11    6.09146    7.51918    1.09415    14.7048   0.058478  0.0721841  0.0105039   0.141166    4.81002    6.40166     3.7099    14.9216    48.0431     85.412    27.6174          0          0          0          0
-2004         12          0          0          0          0          0          0          0          0          0          0          0          0    48.0587    85.4374    27.6224          0          0          0          0

-YEAR      MONTH     GPP(2)     GPP(1)     GPP(0)  GPP (tot)     NPP(2)     NPP(1)     NPP(0)  NPP (tot)      ET(2)      ET(1)      ET(0)    ET(tot)      CC(2)      CC(1)      CC(0) DEAD TREE(2) DEAD TREE(1) DEAD TREE(0) DEAD TREE(tot)

-2005          1          0          0          0          0          0          0          0          0          0          0          0          0    48.0587    85.4374    27.6224          0          0          0          0
-2005          2          0          0          0          0          0          0          0          0          0          0          0          0    48.0587    85.4374    27.6224          0          0          0          0
-2005          3          0          0          0          0          0          0          0          0          0          0          0          0    48.0587    85.4374    27.6224          0          0          0          0
-2005          4     37.868     17.564     1.3384    56.7705   0.363533   0.168615  0.0128486   0.544997    17.8852    13.2307    4.82474    35.9407    48.0587    85.4374    27.6224          0          0          0          0
-2005          5    110.121    102.624    11.6125    224.358    1.05717   0.985191    0.11148    2.15384    27.3179    51.4187    21.9408    100.677    48.1264    85.4386    27.6224          0          0          0          0
-2005          6    127.092    110.978    12.3093    250.379    1.22008    1.06539   0.118169    2.40364    25.2338     53.036    20.9775    99.2473    48.4652    85.8479    27.6656          0          0          0          0
-2005          7    132.673    117.524    10.9672    261.164    1.27366    1.12823   0.105285    2.50718    19.1953    47.3499     16.346    82.8912    48.8495    86.2817    27.7292          0          0          0          0
-2005          8    117.982    110.498     8.8318    237.311    1.13263    1.06078  0.0847853    2.27819    13.9651    41.9377    12.6776    68.5804    49.2511    86.7446    27.7862          0          0          0          0
-2005          9    92.5524    87.8037     6.6866    187.043   0.888503   0.842915  0.0641913    1.79561    11.4312    33.8722    9.74724    55.0506    49.6083    87.1819    27.8324          0          0          0          0
-2005         10    53.2936     52.946      4.697    110.937   0.511619   0.508282  0.0450912    1.06499    8.35792    21.6041    7.41775    37.3797    49.8933    87.5358    27.8682          0          0          0          0
-2005         11    11.3958    13.1242    1.68421    26.2042   0.109399   0.125993  0.0161684    0.25156    4.73176     7.4898    3.84733    16.0689     50.047    87.7374    27.8922          0          0          0          0
-2005         12   0.403531   0.556921  0.0968514     1.0573  0.0038739 0.00534645 0.000929773  0.0101501   0.635297   0.563825   0.352492    1.55161    50.0775    87.7842    27.9004          0          0          0          0

-YEAR      MONTH     GPP(2)     GPP(1)     GPP(0)  GPP (tot)     NPP(2)     NPP(1)     NPP(0)  NPP (tot)      ET(2)      ET(1)      ET(0)    ET(tot)      CC(2)      CC(1)      CC(0) DEAD TREE(2) DEAD TREE(1) DEAD TREE(0) DEAD TREE(tot)

-2006          1          0          0          0          0          0          0          0          0          0          0          0          0    50.0779    87.7851    27.9006          0          0          0          0
-2006          2          0          0          0          0          0          0          0          0          0          0          0          0    50.0779    87.7851    27.9006          0          0          0          0
-2006          3          0          0          0          0          0          0          0          0          0          0          0          0    50.0779    87.7851    27.9006          0          0          0          0
-2006          4          0          0          0          0          0          0          0          0          0          0          0          0    50.0779    87.7851    27.9006          0          0          0          0
-2006          5     8.2328     3.3817   0.109366    11.7239  0.0790349  0.0324643 0.00104991   0.112549    3.45511    3.13852   0.555972    7.14961    50.0779    87.7851    27.9006          0          0          0          0
-2006          6    107.566    90.0016    5.04667    202.614    1.03263   0.864015   0.048448    1.94509    27.1773     48.458    12.6368    88.2721    50.0779    87.7851    27.9006          0          0          0          0
-2006          7    109.377    90.3723    9.70708    209.457    1.05002   0.867574   0.093188    2.01079    24.9763    51.5596    19.8886    96.4245    50.3679    88.0721    27.9012          0          0          0          0
-2006          8    98.7327    80.6962    7.54156    186.971   0.947834   0.774684   0.072399    1.79492    12.8732     30.343    10.7538      53.97    50.6926    88.4203    27.9509          0          0          0          0
-2006          9    88.0073    75.1103    6.24003    169.358    0.84487   0.721059  0.0599043    1.62583    10.7397    29.6111    9.41599    49.7667     50.992    88.7389    27.9905          0          0          0          0
-2006         10    47.3971    43.5595    4.16919    95.1257   0.455012   0.418171  0.0400242   0.913207    8.44494    17.8484    6.95131    33.2446    51.2558    89.0332     28.023          0          0          0          0
-2006         11    6.22252    6.77981   0.973049    13.9754  0.0597362  0.0650862 0.00934127   0.134164    4.42296    5.69074    3.26566    13.3794     51.392    89.1984    28.0445          0          0          0          0
-2006         12          0          0          0          0          0          0          0          0          0          0          0          0    51.4068      89.22    28.0487          0          0          0          0

-YEAR      MONTH     GPP(2)     GPP(1)     GPP(0)  GPP (tot)     NPP(2)     NPP(1)     NPP(0)  NPP (tot)      ET(2)      ET(1)      ET(0)    ET(tot)      CC(2)      CC(1)      CC(0) DEAD TREE(2) DEAD TREE(1) DEAD TREE(0) DEAD TREE(tot)

-2007          1          0          0          0          0          0          0          0          0          0          0          0          0    51.4068      89.22    28.0487          0          0          0          0
-2007          2          0          0          0          0          0          0          0          0          0          0          0          0    51.4068      89.22    28.0487          0          0          0          0
-2007          3          0          0          0          0          0          0          0          0          0          0          0          0    51.4068      89.22    28.0487          0          0          0          0
-2007          4          0          0          0          0          0          0          0          0          0          0          0          0    51.4068      89.22    28.0487          0          0          0          0
-2007          5    61.6572    35.0303    2.25537    98.9428   0.591909    0.33629  0.0216515    0.94985    21.2608    20.7013    6.89831    48.8604    51.4068      89.22    28.0487          0          0          0          0
-2007          6    116.785    99.9915    10.2444    227.021    1.12114   0.959918  0.0983464     2.1794    20.9842    42.6605    16.7858    80.4304    51.5421    89.2827    28.0487          0          0          0          0
-2007          7    129.681    104.328    9.86759    243.877    1.24494    1.00155  0.0947289    2.34122    17.7428    42.9186    15.3025    75.9639    51.8903     89.672    28.0877          0          0          0          0
-2007          8    116.884    96.3351    7.78363    221.003    1.12209   0.924817  0.0747228    2.12163    14.2814    37.9283    11.8372     64.047    52.2821    90.0833    28.1395          0          0          0          0
-2007          9    87.6371     75.092    5.34368    168.073   0.841316   0.720883  0.0512993     1.6135    8.64856    27.5529    7.76434    43.9658    52.6252    90.4545    28.1793          0          0          0          0
-2007         10     44.226    40.9441    3.33081    88.5009   0.424569   0.393063  0.0319758   0.849609    7.08595    17.7547    6.11974    30.9604    52.8782    90.7399    28.2064          0          0          0          0
-2007         11    6.58134    7.47155   0.963626    15.0165  0.0631808  0.0717269 0.00925081   0.144159    5.62612     7.2119    3.96956    16.8076    53.0074    90.8983    28.2237          0          0          0          0
-2007         12          0          0          0          0          0          0          0          0          0          0          0          0    53.0244    90.9242    28.2283          0          0          0          0

-YEAR      MONTH     GPP(2)     GPP(1)     GPP(0)  GPP (tot)     NPP(2)     NPP(1)     NPP(0)  NPP (tot)      ET(2)      ET(1)      ET(0)    ET(tot)      CC(2)      CC(1)      CC(0) DEAD TREE(2) DEAD TREE(1) DEAD TREE(0) DEAD TREE(tot)

-2008          1          0          0          0          0          0          0          0          0          0          0          0          0    53.0244    90.9242    28.2283          0          0          0          0
-2008          2          0          0          0          0          0          0          0          0          0          0          0          0    53.0244    90.9242    28.2283          0          0          0          0
-2008          3          0          0          0          0          0          0          0          0          0          0          0          0    53.0244    90.9242    28.2283          0          0          0          0
-2008          4          0          0          0          0          0          0          0          0          0          0          0          0    53.0244    90.9242    28.2283          0          0          0          0
-2008          5    7.19444    1.20095   0.100105     8.4955  0.0690667  0.0115292 0.000961003  0.0815568    2.10449    1.26111   0.400037    3.76564    53.0244    90.9242    28.2283          0          0          0          0
-2008          6    114.937    80.3567    5.60638      200.9     1.1034   0.771424  0.0538213    1.92864    29.1215    40.6568    13.1966    82.9749    53.0244    90.9242    28.2283          0          0          0          0
-2008          7    121.103    96.6882    9.50138    227.293    1.16259   0.928207  0.0912132    2.18201    18.5965    42.1456    15.5749    76.3171    53.3333    91.1647    28.2318          0          0          0          0
-2008          8    112.641    86.6288    7.29407    206.564    1.08135   0.831636  0.0700231    1.98301    13.2184    33.7401    11.0245     57.983    53.6915    91.5391     28.281          0          0          0          0
-2008          9    90.3196    71.8789     5.3363    167.535   0.867068   0.690037  0.0512285    1.60833    9.78482    27.5979    8.12849    45.5112    54.0207    91.8713    28.3183          0          0          0          0
-2008         10    46.6323    39.9511    3.43331    90.0168    0.44767   0.383531  0.0329598   0.864161    7.66814    17.8926    6.53861    32.0994    54.2851    92.1485    28.3459          0          0          0          0
-2008         11    5.61888    5.90801    0.81095    12.3378  0.0539413  0.0567169 0.00778512   0.118443     3.7975    4.71824    2.67328     11.189    54.4148    92.2961    28.3631          0          0          0          0
-2008         12          0          0          0          0          0          0          0          0          0          0          0          0    54.4294    92.3166    28.3669          0          0          0          0

-YEAR      MONTH     GPP(2)     GPP(1)     GPP(0)  GPP (tot)     NPP(2)     NPP(1)     NPP(0)  NPP (tot)      ET(2)      ET(1)      ET(0)    ET(tot)      CC(2)      CC(1)      CC(0) DEAD TREE(2) DEAD TREE(1) DEAD TREE(0) DEAD TREE(tot)

-2009          1          0          0          0          0          0          0          0          0          0          0          0          0    54.4294    92.3166    28.3669          0          0          0          0
-2009          2          0          0          0          0          0          0          0          0          0          0          0          0    54.4294    92.3166    28.3669          0          0          0          0
-2009          3          0          0          0          0          0          0          0          0          0          0          0          0    54.4294    92.3166    28.3669          0          0          0          0
-2009          4          0          0          0          0          0          0          0          0          0          0          0          0    54.4294    92.3166    28.3669          0          0          0          0
-2009          5          0          0          0          0          0          0          0          0          0          0          0          0    54.4294    92.3166    28.3669          0          0          0          0
-2009          6    123.422    90.2176    5.81555    219.456    1.18485   0.866089  0.0558293    2.10677    32.1295    44.9634    13.9406    91.0334    54.4294    92.3166    28.3669          0          0          0          0
-2009          7    126.028    106.418    9.03194    241.479    1.20987    1.02161  0.0867066    2.31819    18.0049    45.4738    15.0211    78.4998    54.7447    92.5838    28.3707          0          0          0          0
-2009          8    131.837    103.475    7.39912    242.711    1.26563    0.99336  0.0710315    2.33002    14.9846    43.7437    12.4127     71.141    55.1091      92.99    28.4168          0          0          0          0
-2009          9    97.8979     77.876    4.83323    180.607    0.93982    0.74761   0.046399    1.73383     8.6075    27.9177    7.12139    43.6466    55.4889    93.3834    28.4545          0          0          0          0
-2009         10    47.2777    41.3947    3.15407    91.8265   0.453866   0.397389   0.030279   0.881534    7.08001    17.9006    6.01818    30.9988    55.7774    93.6874    28.4799          0          0          0          0
-2009         11    5.26143    5.78766   0.711264    11.7604  0.0505098  0.0555616 0.00682814   0.112899    3.53736    4.52365    2.41134    10.4724    55.9093    93.8419    28.4959          0          0          0          0
-2009         12          0          0          0          0          0          0          0          0          0          0          0          0     55.922     93.861    28.4991          0          0          0          0

-YEAR      MONTH     GPP(2)     GPP(1)     GPP(0)  GPP (tot)     NPP(2)     NPP(1)     NPP(0)  NPP (tot)      ET(2)      ET(1)      ET(0)    ET(tot)      CC(2)      CC(1)      CC(0) DEAD TREE(2) DEAD TREE(1) DEAD TREE(0) DEAD TREE(tot)

-2010          1          0          0          0          0          0          0          0          0          0          0          0          0     55.922     93.861    28.4991          0          0          0          0
-2010          2          0          0          0          0          0          0          0          0          0          0          0          0     55.922     93.861    28.4991          0          0          0          0
-2010          3          0          0          0          0          0          0          0          0          0          0          0          0     55.922     93.861    28.4991          0          0          0          0
-2010          4          0          0          0          0          0          0          0          0          0          0          0          0     55.922     93.861    28.4991          0          0          0          0
-2010          5          0          0          0          0          0          0          0          0          0          0          0          0     55.922     93.861    28.4991          0          0          0          0
-2010          6    57.9562     26.076    1.36755    85.3997   0.556379   0.250329  0.0131285   0.819837    22.1304    18.3364    4.82978    45.2966     55.922     93.861    28.4991          0          0          0          0
-2010          7    123.773     98.039    7.38368    229.196    1.18822   0.941175  0.0708833    2.20028    22.1088    48.0495    15.0881    85.2464    56.0375    93.8786    28.4991          0          0          0          0
-2010          8    116.118    84.9941    7.04166    208.154    1.11473   0.815943  0.0675999    1.99827     12.901    32.8719     10.814     56.587    56.3942    94.2524    28.5177          0          0          0          0
-2010          9    95.0897    68.2219    4.95424    168.266   0.912862    0.65493  0.0475607    1.61535      8.926    25.1819    7.44751    41.5554    56.7366    94.5828    28.5545          0          0          0          0
-2010         10    50.2068    39.1752    3.41679    92.7987   0.481985   0.376082  0.0328012   0.890868    8.49359     18.387     7.0694      33.95      57.01    94.8424    28.5798          0          0          0          0
-2010         11    2.56864    2.52258   0.360405    5.45162  0.0246589  0.0242168 0.00345989  0.0523356    2.21706    2.27409    1.33981    5.83096     57.144    94.9822    28.5967          0          0          0          0
-2010         12          0          0          0          0          0          0          0          0          0          0          0          0    57.1497    94.9899    28.5982          0          0          0          0

-YEAR      MONTH     GPP(2)     GPP(1)     GPP(0)  GPP (tot)     NPP(2)     NPP(1)     NPP(0)  NPP (tot)      ET(2)      ET(1)      ET(0)    ET(tot)      CC(2)      CC(1)      CC(0) DEAD TREE(2) DEAD TREE(1) DEAD TREE(0) DEAD TREE(tot)

-2011          1          0          0          0          0          0          0          0          0          0          0          0          0    57.1497    94.9899    28.5982          0          0          0          0
-2011          2          0          0          0          0          0          0          0          0          0          0          0          0    57.1497    94.9899    28.5982          0          0          0          0
-2011          3          0          0          0          0          0          0          0          0          0          0          0          0    57.1497    94.9899    28.5982          0          0          0          0
-2011          4          0          0          0          0          0          0          0          0          0          0          0          0    57.1497    94.9899    28.5982          0          0          0          0
-2011          5    45.4718    19.4611    1.23376    66.1667   0.436529   0.186827  0.0118441     0.6352    19.9626    13.8512    4.30444    38.1183    57.1497    94.9899    28.5982          0          0          0          0
-2011          6    119.156    105.314    6.85555    231.325     1.1439    1.01101  0.0658133    2.22072    18.3857    45.5405    13.4023    77.3285    57.2422    94.9899    28.5982          0          0          0          0
-2011          7    122.499    97.2893     7.1106    226.899    1.17599   0.933977  0.0682618    2.17823    13.5187    37.8917    11.3448    62.7552    57.5771    95.3804    28.6136          0          0          0          0
-2011          8     122.89    90.5929    5.64913    219.132    1.17975   0.869692  0.0542317    2.10367    10.3735    32.8771    8.58396    51.8346    57.9353    95.7584    28.6508          0          0          0          0
-2011          9    102.639     76.326    4.15151    183.116   0.985335   0.732729  0.0398545    1.75792     7.1701    26.6234    6.17674    39.9702    58.2883     96.104    28.6797          0          0          0          0
-2011         10    55.7398    45.6792     3.0737    104.493   0.535102   0.438521  0.0295075    1.00313    6.81809    18.7488    5.70125    31.2682    58.5777    96.3912    28.7007          0          0          0          0
-2011         11    11.3749    11.6578    1.26302    24.2957   0.109199   0.111914   0.012125   0.233239    6.29042    8.32808    4.17785    18.7963    58.7303    96.5604    28.7166          0          0          0          0
-2011         12          0          0          0          0          0          0          0          0          0          0          0          0    58.7561    96.5967    28.7221          0          0          0          0
