monthly output file at cell level

Monthly summary output from 3D-CMCC version 'f', time 'd', spatial 'u'


Cell 0, 0, Lat = 51.18, Long  = 4.31


Monthly GPP = monthly total gross primary production (gC/m2/month)
Monthly NPP = monthly total net primary production (tDM/m2/month)
Monthly ET = monthly canopy transpiration(mm/month)
Monthly DEAD TREE = monthly dead tree (n tree/cell)



-YEAR      MONTH     GPP(1)     GPP(0)  GPP (tot)     NPP(1)     NPP(0)  NPP (tot)      ET(1)      ET(0)    ET(tot)      CC(1)      CC(0) DEAD TREE(1) DEAD TREE(0) DEAD TREE(tot)

-2001          1          0          0          0          0          0          0          0          0          0     55.273    28.2397          0          0          0
-2001          2          0          0          0          0          0          0          0          0          0     55.273    28.2397          0          0          0
-2001          3          0          0          0          0          0          0          0          0          0     55.273    28.2397          0          0          0
-2001          4          0          0          0          0          0          0          0          0          0     55.273    28.2397          0          0          0
-2001          5          0          0          0          0          0          0          0          0          0     55.273    28.2397          0          0          0
-2001          6    131.026    32.7647    163.791    1.25785   0.314541    1.57239    74.0609    37.9593     112.02     55.273    28.2397          0          0          0
-2001          7    155.962    38.8564    194.818    1.49724   0.373021    1.87026    86.9147    44.4396    131.354    55.4113    28.2646          0          0          0
-2001          8    139.013    34.3761     173.39    1.33453    0.33001    1.66454    76.4313    38.8797    115.311    55.7523    28.3813          0          0          0
-2001          9    91.3007    22.4247    113.725   0.876486   0.215277    1.09176    44.3394    22.5347    66.8741    56.0551    28.4841          0          0          0
-2001         10    51.9992    15.4018     67.401   0.499192   0.147858    0.64705    30.1276    18.5938    48.7215    56.2462    28.5487          0          0          0
-2001         11    4.87602    1.83704    6.71306  0.0468098  0.0176356  0.0644454    6.75731    5.40939    12.1667    56.3566    28.5944          0          0          0
-2001         12          0          0          0          0          0          0          0          0          0    56.3641    28.5985          0          0          0

-YEAR      MONTH     GPP(1)     GPP(0)  GPP (tot)     NPP(1)     NPP(0)  NPP (tot)      ET(1)      ET(0)    ET(tot)      CC(1)      CC(0) DEAD TREE(1) DEAD TREE(0) DEAD TREE(tot)

-2002          1          0          0          0          0          0          0          0          0          0    56.3641    28.5985          0          0          0
-2002          2          0          0          0          0          0          0          0          0          0    56.3641    28.5985          0          0          0
-2002          3          0          0          0          0          0          0          0          0          0    56.3641    28.5985          0          0          0
-2002          4          0          0          0          0          0          0          0          0          0    56.3641    28.5985          0          0          0
-2002          5          0          0          0          0          0          0          0          0          0    56.3641    28.5985          0          0          0
-2002          6    140.367    26.9477    167.315    1.34753   0.258698    1.60623    73.7529    34.8148    108.568    56.3641    28.5985          0          0          0
-2002          7    156.676    31.2187    187.895    1.50409   0.299699    1.80379    79.2041    37.2127    116.417     56.595    28.6509          0          0          0
-2002          8    137.781    29.0926    166.873    1.32269   0.279289    1.60198    66.6497    31.7803      98.43    56.9458    28.7462          0          0          0
-2002          9    110.692    24.3284     135.02    1.06264   0.233553     1.2962    53.9755    26.0165     79.992    57.2467    28.8331          0          0          0
-2002         10    46.7721    11.2146    57.9868   0.449012   0.107661   0.556673    29.4437    15.7922    45.2359    57.4867    28.9056          0          0          0
-2002         11    7.33011    2.22096    9.55107  0.0703691  0.0213212  0.0916902     7.4303    5.23445    12.6648    57.5803    28.9368          0          0          0
-2002         12          0          0          0          0          0          0          0          0          0    57.5937    28.9425          0          0          0

-YEAR      MONTH     GPP(1)     GPP(0)  GPP (tot)     NPP(1)     NPP(0)  NPP (tot)      ET(1)      ET(0)    ET(tot)      CC(1)      CC(0) DEAD TREE(1) DEAD TREE(0) DEAD TREE(tot)

-2003          1          0          0          0          0          0          0          0          0          0    57.5937    28.9425          0          0          0
-2003          2          0          0          0          0          0          0          0          0          0    57.5937    28.9425          0          0          0
-2003          3          0          0          0          0          0          0          0          0          0    57.5937    28.9425          0          0          0
-2003          4          0          0          0          0          0          0          0          0          0    57.5937    28.9425          0          0          0
-2003          5    53.0139    3.98514    56.9991   0.508934  0.0382573   0.547191    33.6593    10.0501    43.7094    57.5937    28.9425          0          0          0
-2003          6    156.925    33.5279    190.453    1.50648   0.321868    1.82835    94.0934    47.4868     141.58    57.6623    28.9425          0          0          0
-2003          7    151.407    30.1966    181.604    1.45351   0.289888     1.7434    89.3061    41.5795    130.886    57.9989    29.0352          0          0          0
-2003          8    136.761    27.3442    164.105     1.3129   0.262504    1.57541    84.2413    38.4031    122.644     58.328    29.1248          0          0          0
-2003          9    113.015    23.5158    136.531    1.08495   0.225752     1.3107     59.137    27.4786    86.6156    58.6183    29.2045          0          0          0
-2003         10    59.4311    13.3659     72.797   0.570539   0.128312   0.698851    36.1347    18.6678    54.8025    58.8579    29.2731          0          0          0
-2003         11    12.1092    3.34091    15.4501   0.116248  0.0320727   0.148321    9.95639    6.58857     16.545    58.9806    29.3113          0          0          0
-2003         12          0          0          0          0          0          0          0          0          0    59.0039    29.3204          0          0          0

-YEAR      MONTH     GPP(1)     GPP(0)  GPP (tot)     NPP(1)     NPP(0)  NPP (tot)      ET(1)      ET(0)    ET(tot)      CC(1)      CC(0) DEAD TREE(1) DEAD TREE(0) DEAD TREE(tot)

-2004          1          0          0          0          0          0          0          0          0          0    59.0039    29.3204          0          0          0
-2004          2          0          0          0          0          0          0          0          0          0    59.0039    29.3204          0          0          0
-2004          3          0          0          0          0          0          0          0          0          0    59.0039    29.3204          0          0          0
-2004          4          0          0          0          0          0          0          0          0          0    59.0039    29.3204          0          0          0
-2004          5    24.5828    1.25012    25.8329   0.235995  0.0120011   0.247996    16.5545    3.78107    20.3356    59.0039    29.3204          0          0          0
-2004          6    146.545    25.5957    172.141    1.40683   0.245719    1.65255    82.6457    37.4732    120.119     59.011    29.3204          0          0          0
-2004          7    160.548    29.5271    190.075    1.54126    0.28346    1.82472    80.1374    36.0926     116.23    59.3199    29.3801          0          0          0
-2004          8    153.597    29.0067    182.603    1.47453   0.278465    1.75299    76.1116    33.9434    110.055    59.6675    29.4676          0          0          0
-2004          9    108.288    21.3293    129.617    1.03957   0.204762    1.24433    55.9181    25.1625    81.0806    60.0005    29.5541          0          0          0
-2004         10    56.6343    12.1522    68.7866    0.54369   0.116661   0.660351    30.9744    15.6066    46.5811    60.2276    29.6159          0          0          0
-2004         11    8.29772    2.22308    10.5208  0.0796581  0.0213416      0.101    8.60144     5.7102    14.3116    60.3419    29.6501          0          0          0
-2004         12          0          0          0          0          0          0          0          0          0    60.3567    29.6557          0          0          0

-YEAR      MONTH     GPP(1)     GPP(0)  GPP (tot)     NPP(1)     NPP(0)  NPP (tot)      ET(1)      ET(0)    ET(tot)      CC(1)      CC(0) DEAD TREE(1) DEAD TREE(0) DEAD TREE(tot)

-2005          1          0          0          0          0          0          0          0          0          0    60.3567    29.6557          0          0          0
-2005          2          0          0          0          0          0          0          0          0          0    60.3567    29.6557          0          0          0
-2005          3          0          0          0          0          0          0          0          0          0    60.3567    29.6557          0          0          0
-2005          4    49.6807    3.75081    53.4315   0.476935  0.0360078   0.512942    31.6881    9.50794    41.1961    60.3567    29.6557          0          0          0
-2005          5     142.75    29.6725    172.422     1.3704   0.284856    1.65525     85.973    42.9551    128.928    60.4171    29.6557          0          0          0
-2005          6    162.793    31.2156    194.009    1.56282    0.29967    1.86249    95.2386    43.2292    138.468    60.7235    29.7358          0          0          0
-2005          7     171.06    31.6887    202.749    1.64218   0.304212    1.94639    85.8755    37.4647     123.34    61.0667    29.8264          0          0          0
-2005          8    151.933    29.4052    181.338    1.45856    0.28229    1.74085    74.8658    33.0237     107.89    61.4285     29.919          0          0          0
-2005          9    118.946    23.7527    142.698    1.14188   0.228026     1.3699    60.4202    26.8163    87.2365    61.7502    30.0053          0          0          0
-2005         10    69.3395    14.9295     84.269   0.665659   0.143323   0.808982     36.543    17.6166    54.1596    62.0065    30.0765          0          0          0
-2005         11    15.2505    4.04684    19.2974   0.146405  0.0388497   0.185255    10.7721    6.70018    17.4723    62.1469     30.119          0          0          0
-2005         12   0.555874     0.1894   0.745274 0.00533639 0.00181824 0.00715463   0.723645   0.555101    1.27875    62.1756    30.1299          0          0          0

-YEAR      MONTH     GPP(1)     GPP(0)  GPP (tot)     NPP(1)     NPP(0)  NPP (tot)      ET(1)      ET(0)    ET(tot)      CC(1)      CC(0) DEAD TREE(1) DEAD TREE(0) DEAD TREE(tot)

-2006          1          0          0          0          0          0          0          0          0          0    62.1761    30.1301          0          0          0
-2006          2          0          0          0          0          0          0          0          0          0    62.1761    30.1301          0          0          0
-2006          3          0          0          0          0          0          0          0          0          0    62.1761    30.1301          0          0          0
-2006          4          0          0          0          0          0          0          0          0          0    62.1761    30.1301          0          0          0
-2006          5    9.93051    0.35957    10.2901  0.0953329 0.00345187  0.0987847    7.09213    1.42716    8.51929    62.1761    30.1301          0          0          0
-2006          6    130.644    21.8116    152.456    1.25418   0.209392    1.46357    84.9631    37.3694    122.333    62.1761    30.1301          0          0          0
-2006          7     133.58    25.5123    159.093    1.28237   0.244918    1.52729    95.5944    43.1508    138.745    62.4221    30.1755          0          0          0
-2006          8    122.849     21.746    144.595    1.17935   0.208762    1.38811    56.5668    24.5052     81.072     62.698    30.2486          0          0          0
-2006          9    112.088    19.4891    131.577    1.07604   0.187095    1.26314    55.4153    23.1277     78.543    62.9584    30.3124          0          0          0
-2006         10    61.0797    11.5676    72.6474   0.586365   0.111049   0.697415    30.5459    14.4596    45.0055     63.194    30.3692          0          0          0
-2006         11    8.27236    1.96168     10.234  0.0794146  0.0188322  0.0982468    8.13464    5.04087    13.1755    63.3176     30.402          0          0          0
-2006         12          0          0          0          0          0          0          0          0          0    63.3314    30.4066          0          0          0

-YEAR      MONTH     GPP(1)     GPP(0)  GPP (tot)     NPP(1)     NPP(0)  NPP (tot)      ET(1)      ET(0)    ET(tot)      CC(1)      CC(0) DEAD TREE(1) DEAD TREE(0) DEAD TREE(tot)

-2007          1          0          0          0          0          0          0          0          0          0    63.3314    30.4066          0          0          0
-2007          2          0          0          0          0          0          0          0          0          0    63.3314    30.4066          0          0          0
-2007          3          0          0          0          0          0          0          0          0          0    63.3314    30.4066          0          0          0
-2007          4          0          0          0          0          0          0          0          0          0    63.3314    30.4066          0          0          0
-2007          5    73.5714    8.74933    82.3207   0.706285  0.0839935   0.790279    44.3895    16.5045     60.894    63.3314    30.4066          0          0          0
-2007          6    146.938    29.1354    176.073     1.4106     0.2797     1.6903    75.7919     35.872    111.664    63.4435    30.4113          0          0          0
-2007          7    162.188    28.9516     191.14    1.55701   0.277935    1.83494    81.2316    34.8595    116.091    63.7505    30.4961          0          0          0
-2007          8    148.117    25.5821      173.7    1.42193   0.245589    1.66752    72.7011    29.8106    102.512    64.0943    30.5812          0          0          0
-2007          9    110.867    19.7129    130.579    1.06432   0.189243    1.25356    51.9416    21.5762    73.5178    64.3999    30.6548          0          0          0
-2007         10     56.619    10.9972    67.6162   0.543543   0.105573   0.649116    30.7675    14.3787    45.1463     64.625    30.7107          0          0          0
-2007         11    8.71815    2.21987     10.938  0.0836942  0.0213108   0.105005    10.0175    6.52929    16.5468    64.7416    30.7426          0          0          0
-2007         12          0          0          0          0          0          0          0          0          0    64.7576    30.7483          0          0          0

-YEAR      MONTH     GPP(1)     GPP(0)  GPP (tot)     NPP(1)     NPP(0)  NPP (tot)      ET(1)      ET(0)    ET(tot)      CC(1)      CC(0) DEAD TREE(1) DEAD TREE(0) DEAD TREE(tot)

-2008          1          0          0          0          0          0          0          0          0          0    64.7576    30.7483          0          0          0
-2008          2          0          0          0          0          0          0          0          0          0    64.7576    30.7483          0          0          0
-2008          3          0          0          0          0          0          0          0          0          0    64.7576    30.7483          0          0          0
-2008          4          0          0          0          0          0          0          0          0          0    64.7576    30.7483          0          0          0
-2008          5    8.06576   0.309696    8.37545  0.0774313 0.00297308  0.0804043    5.35067     1.0048    6.35547    64.7576    30.7483          0          0          0
-2008          6    144.945     21.187    166.132    1.39147   0.203395    1.59487    80.3038    32.3579    112.662    64.7576    30.7483          0          0          0
-2008          7    151.348    27.3702    178.718    1.45294   0.262754     1.7157    79.8338    34.6739    114.508     65.029    30.7889          0          0          0
-2008          8    140.526    23.4777    164.004    1.34905   0.225386    1.57444    66.4899    26.9078    93.3977    65.3437    30.8683          0          0          0
-2008          9    113.079    19.0504     132.13    1.08556   0.182884    1.26844    53.9736    21.7115    75.6851    65.6327    30.9357          0          0          0
-2008         10    58.9951    10.8993    69.8944   0.566353   0.104633   0.670986    31.9557    14.6383    46.5939    65.8659    30.9907          0          0          0
-2008         11    7.34372    1.81293    9.15665  0.0704997  0.0174041  0.0879038    6.80252    4.33694    11.1394    65.9818    31.0209          0          0          0
-2008         12          0          0          0          0          0          0          0          0          0    65.9953    31.0257          0          0          0

-YEAR      MONTH     GPP(1)     GPP(0)  GPP (tot)     NPP(1)     NPP(0)  NPP (tot)      ET(1)      ET(0)    ET(tot)      CC(1)      CC(0) DEAD TREE(1) DEAD TREE(0) DEAD TREE(tot)

-2009          1          0          0          0          0          0          0          0          0          0    65.9953    31.0257          0          0          0
-2009          2          0          0          0          0          0          0          0          0          0    65.9953    31.0257          0          0          0
-2009          3          0          0          0          0          0          0          0          0          0    65.9953    31.0257          0          0          0
-2009          4          0          0          0          0          0          0          0          0          0    65.9953    31.0257          0          0          0
-2009          5          0          0          0          0          0          0          0          0          0    65.9953    31.0257          0          0          0
-2009          6    152.922    22.8051    175.727    1.46805   0.218929    1.68698    89.0607     35.883    124.944    65.9953    31.0257          0          0          0
-2009          7     155.88    27.7737    183.654    1.49645   0.266627    1.76307    84.1973    36.6458    120.843    66.2698    31.0719          0          0          0
-2009          8    162.372    26.0695    188.442    1.55877   0.250267    1.80904    86.8307    34.1777    121.008    66.5871    31.1511          0          0          0
-2009          9    121.425     19.154    140.579    1.16568   0.183878    1.34955    55.4925    21.4406    76.9331    66.9166    31.2251          0          0          0
-2009         10     59.332    10.4399    69.7719   0.569587   0.100223    0.66981    31.8993    14.3356    46.2349     67.169     31.281          0          0          0
-2009         11    6.80149    1.58019    8.38167  0.0652943  0.0151698  0.0804641    6.35489    3.95098    10.3059    67.2861    31.3101          0          0          0
-2009         12          0          0          0          0          0          0          0          0          0    67.2978     31.314          0          0          0

-YEAR      MONTH     GPP(1)     GPP(0)  GPP (tot)     NPP(1)     NPP(0)  NPP (tot)      ET(1)      ET(0)    ET(tot)      CC(1)      CC(0) DEAD TREE(1) DEAD TREE(0) DEAD TREE(tot)

-2010          1          0          0          0          0          0          0          0          0          0    67.2978     31.314          0          0          0
-2010          2          0          0          0          0          0          0          0          0          0    67.2978     31.314          0          0          0
-2010          3          0          0          0          0          0          0          0          0          0    67.2978     31.314          0          0          0
-2010          4          0          0          0          0          0          0          0          0          0    67.2978     31.314          0          0          0
-2010          5          0          0          0          0          0          0          0          0          0    67.2978     31.314          0          0          0
-2010          6     67.244    5.83649    73.0805   0.645543  0.0560303   0.701573    46.0783    13.8338    59.9121    67.2978     31.314          0          0          0
-2010          7     146.66    28.2744    174.934    1.40793   0.271434    1.67937    89.7192    41.4729    131.192    67.3926     31.314          0          0          0
-2010          8     138.02    23.6164    161.636    1.32499   0.226718    1.55171    65.4708    27.4672     92.938    67.6893    31.3899          0          0          0
-2010          9    114.933    18.0556    132.989    1.10336   0.173334    1.27669    51.8226    20.1888    72.0114    67.9753    31.4588          0          0          0
-2010         10    62.6541    10.4358    73.0899   0.601479   0.100184   0.701663    34.0577    15.0487    49.1064    68.2087    31.5102          0          0          0
-2010         11    3.32121   0.761876    4.08309  0.0318836 0.00731401  0.0391976    3.35664    2.10649    5.46313    68.3274    31.5383          0          0          0
-2010         12          0          0          0          0          0          0          0          0          0    68.3326    31.5401          0          0          0

-YEAR      MONTH     GPP(1)     GPP(0)  GPP (tot)     NPP(1)     NPP(0)  NPP (tot)      ET(1)      ET(0)    ET(tot)      CC(1)      CC(0) DEAD TREE(1) DEAD TREE(0) DEAD TREE(tot)

-2011          1          0          0          0          0          0          0          0          0          0    68.3326    31.5401          0          0          0
-2011          2          0          0          0          0          0          0          0          0          0    68.3326    31.5401          0          0          0
-2011          3          0          0          0          0          0          0          0          0          0    68.3326    31.5401          0          0          0
-2011          4          0          0          0          0          0          0          0          0          0    68.3326    31.5401          0          0          0
-2011          5     44.807    5.47297      50.28   0.430147  0.0525405   0.482688    31.7569    12.4398    44.1967    68.3326    31.5401          0          0          0
-2011          6    149.373    27.8485    177.222    1.43398   0.267345    1.70133    81.2966    37.0655    118.362      68.39    31.5401          0          0          0
-2011          7    151.201    24.9881    176.189    1.45153   0.239886    1.69141    73.4606     30.097    103.558    68.6877    31.6144          0          0          0
-2011          8    150.297    22.5738    172.871    1.44285   0.216709    1.65956    68.0088    25.4893    93.4981    69.0007    31.6872          0          0          0
-2011          9    125.482    18.7333    144.215    1.20463   0.179839    1.38447    55.4934    20.4262    75.9196    69.3064    31.7517          0          0          0
-2011         10    68.8801    11.5282    80.4083   0.661249   0.110671    0.77192    35.1997    14.9704    50.1701    69.5571    31.8046          0          0          0
-2011         11    14.4345    3.19266    17.6271   0.138571  0.0306495   0.169221    12.0722    7.32783       19.4    69.6911    31.8368          0          0          0
-2011         12          0          0          0          0          0          0          0          0          0    69.7145    31.8443          0          0          0
