Year	Month	n_days	Rg_f	Ta_f	Tmax	Tmin	VPD_f	Ts_f	Precip	SWC	LAI	ET	Litterfall
2002	1	1	0.842934	1.33776	4.8668	-2.8588	0.192451	1.83068	6.8	29.5619	-9999	-9999	-9999
2002	1	2	3.13979	-2.46505	4.8418	-6.4934	1.14492	1.77734	0	29.8229	-9999	-9999	-9999
2002	1	3	2.99063	-4.00298	-1.8702	-6.7461	0.506954	1.24908	0	27.6325	-9999	-9999	-9999
2002	1	4	3.0426	-3.49529	-2.2062	-4.9802	0.7146	0.701792	0	27.4435	-9999	-9999	-9999
2002	1	5	2.82379	-1.1476	2.1459	-3.1803	0.683618	0.271792	0	27.2717	-9999	-9999	-9999
2002	1	6	0.71883	2.76087	4.0396	0.5334	-0.138514	0.336144	2	29.1624	-9999	-9999	-9999
2002	1	7	0.955116	-0.0305417	1.8953	-1.8481	-0.220029	0.542292	0.6	29.7521	-9999	-9999	-9999
2002	1	8	0.195372	2.45239	3.2074	1.788	0.278674	0.737379	0	29.7119	-9999	-9999	-9999
2002	1	9	0.40104	0.964673	2.3637	-0.2476	0.088051	0.939456	0	29.6358	-9999	-9999	-9999
2002	1	10	0.261036	1.20923	2.1902	-0.1879	0.0824636	1.29821	0	29.4804	-9999	-9999	-9999
2002	1	11	0.30537	-1.14232	-0.1983	-1.9888	-0.0473983	1.27865	0	29.2464	-9999	-9999	-9999
2002	1	12	0.650376	-0.419694	0.0608	-1.0044	0.255177	1.37335	0.2	29.3085	-9999	-9999	-9999
2002	1	13	0.490536	-0.171529	1.4725	-2.4456	-0.650539	1.70484	0	29.2855	-9999	-9999	-9999
2002	1	14	0.712152	0.0154125	1.1192	-1.0812	-0.221147	1.67819	0	29.3015	-9999	-9999	-9999
2002	1	15	0.6336	-0.815121	-0.2032	-1.9388	-0.287583	1.68743	0.6	29.1999	-9999	-9999	-9999
2002	1	16	0.47781	-0.0572708	1.8069	-1.6293	-0.0925397	1.62188	2.8	29.0263	-9999	-9999	-9999
2002	1	17	0.250128	1.74523	2.1076	1.1784	-0.120483	2.18777	1.2	29.0702	-9999	-9999	-9999
2002	1	18	1.04859	2.89343	4.5517	1.5192	0.110345	2.61754	2.6	29.1706	-9999	-9999	-9999
2002	1	19	0.244476	2.77313	4.523	0.5872	0.063554	2.77234	2	29.2317	-9999	-9999	-9999
2002	1	20	1.24171	4.46786	6.444	3.4738	0.142311	3.28538	7	29.425	-9999	-9999	-9999
2002	1	21	0.762696	6.32797	7.094	5.4552	0.471341	3.99978	1	29.4907	-9999	-9999	-9999
2002	1	22	1.84437	5.99622	7.0438	4.5255	0.484921	4.39851	1.2	29.4049	-9999	-9999	-9999
2002	1	23	1.0652	5.1834	6.2755	3.9517	0.549363	4.2681	3	29.3489	-9999	-9999	-9999
2002	1	24	0.77112	5.09258	6.8829	-0.1518	0.160148	4.53934	10.2	29.9708	-9999	-9999	-9999
2002	1	25	3.65454	0.812167	1.6477	-0.0973	1.10945	3.25164	0	29.9972	-9999	-9999	-9999
2002	1	26	0.59661	4.54206	7.2434	-0.4647	0.112173	3.33511	27.4	30.8872	-9999	-9999	-9999
2002	1	27	0.81558	3.7854	6.7511	1.1218	0.484676	4.03204	0.2	30.8642	-9999	-9999	-9999
2002	1	28	0.952722	6.53167	8.144	1.8851	0.760057	4.30543	11.5454	31.1621	-9999	-9999	-9999
2002	1	29	2.31667	5.12212	7.3748	4.3021	1.58346	4.21886	0	30.4063	-9999	-9999	-9999
2002	1	30	2.46888	6.18307	7.9668	3.641	0.651165	4.50723	3.8	30.214	-9999	-9999	-9999
2002	1	31	2.21402	6.1891	7.7729	4.507	0.350014	5.10934	11	31.058	-9999	-9999	-9999
2002	2	1	3.53065	6.46437	8.6894	4.0685	0.598181	5.03036	4.4	30.9157	-9999	-9999	-9999
2002	2	2	5.09504	9.5705	11.3755	8.3202	2.55658	5.71393	0.2	30.4582	-9999	-9999	-9999
2002	2	3	5.3759	7.81746	9.3615	6.0233	2.25516	5.06414	0	29.9485	-9999	-9999	-9999
2002	2	4	1.76656	6.41849	9.329	4.9475	1.63969	4.95962	1.6	29.8211	-9999	-9999	-9999
2002	2	5	0.450918	6.93157	8.5842	4.8302	0.119136	5.39839	4.8	30.3592	-9999	-9999	-9999
2002	2	6	1.7881	5.99218	7.0774	5.3018	0.35469	5.34506	1.4	30.2185	-9999	-9999	-9999
2002	2	7	2.15228	4.90985	6.1301	3.6215	0.699777	5.18499	1.2	30.0112	-9999	-9999	-9999
2002	2	8	3.56661	5.7199	8.0516	2.6947	0.628889	5.1496	1	29.8496	-9999	-9999	-9999
2002	2	9	1.62018	7.34275	9.1699	4.6271	0.785322	5.66437	6	30.2734	-9999	-9999	-9999
2002	2	10	3.86134	5.17412	6.2577	4.1799	0.786252	5.15892	0	29.8848	-9999	-9999	-9999
2002	2	11	0.55116	7.52393	10.7502	3.8899	0.364024	5.50604	6.8	30.3838	-9999	-9999	-9999
2002	2	12	1.60915	6.35846	7.9058	3.806	1.04136	5.51822	0.4	30.0352	-9999	-9999	-9999
2002	2	13	6.41115	2.20089	3.9541	0.0255	1.27118	4.22097	0	29.79	-9999	-9999	-9999
2002	2	14	8.08972	1.22623	3.3469	-0.8501	1.70395	3.01956	0	29.4815	-9999	-9999	-9999
2002	2	15	2.83234	1.71738	3.3072	-0.2692	0.585882	2.68738	0	29.2559	-9999	-9999	-9999
2002	2	16	1.68889	2.38327	3.7676	0.8837	0.293789	3.45	0	29.1347	-9999	-9999	-9999
2002	2	17	7.02135	1.54259	4.4253	-0.7859	0.263116	3.16893	0	29.1168	-9999	-9999	-9999
2002	2	18	3.04965	2.67399	5.2764	0.0804	0.406802	3.04895	0.6	29.1101	-9999	-9999	-9999
2002	2	19	4.25741	1.12308	2.3318	-0.8992	0.608065	2.90097	11	30.131	-9999	-9999	-9999
2002	2	20	2.01557	-0.129879	2.17992	-1.8685	-0.0169331	2.4204	3.88085	30.2884	-9999	-9999	-9999
2002	2	21	8.77655	-1.64512	0.0328	-3.4739	1.25187	2.25525	0.8	30.2349	-9999	-9999	-9999
2002	2	22	1.85476	1.21386	4.9891	-1.2917	0.49095	2.09222	5.4	30.702	-9999	-9999	-9999
2002	2	23	3.66952	1.28688	3.2872	-0.425	0.925837	2.05105	1	30.863	-9999	-9999	-9999
2002	2	24	9.21494	0.640108	2.2645	-1.2559	1.15238	1.90671	0	30.5142	-9999	-9999	-9999
2002	2	25	8.81915	0.385585	2.3595	-1.0123	0.852512	1.73127	0.2	30.3222	-9999	-9999	-9999
2002	2	26	1.78242	4.14538	8.2059	-0.3827	0.184629	1.82338	22.4727	32.1921	-9999	-9999	-9999
2002	2	27	2.75256	3.28084	4.6004	1.5911	0.859405	2.42322	7	35.2549	-9999	-9999	-9999
2002	2	28	3.46923	2.75668	4.0995	0.3232	0.519511	2.4524	4.4	34.1656	-9999	-9999	-9999
2002	3	1	6.72404	0.648452	1.7468	-0.5998	0.668836	2.37637	4.8	33.9552	-9999	-9999	-9999
2002	3	2	6.36502	0.622365	3.9794	-1.5151	0.807821	1.78752	0	33.1065	-9999	-9999	-9999
2002	3	3	4.33737	0.982223	4.9321	-1.9334	0.55849	1.73225	2.65532	33.0631	-9999	-9999	-9999
2002	3	4	8.0638	2.31084	4.12073	0.88586	0.808697	2.19639	-9999	-9999	-9999	-9999	-9999
2002	3	5	7.05757	3.12383	6.01325	2.36792	0.828165	2.72526	-9999	-9999	-9999	-9999	-9999
2002	3	6	0.891774	2.83694	3.40964	2.73237	0.628003	2.92646	-9999	-9999	-9999	-9999	-9999
2002	3	7	7.56596	3.37794	8.41167	2.62309	1.07333	3.39201	-9999	-9999	-9999	-9999	-9999
2002	3	8	9.75897	3.24602	6.57826	2.55873	1.32842	3.4921	-9999	-9999	-9999	-9999	-9999
2002	3	9	10.7055	3.39204	5.59304	2.68512	1.46005	3.63307	-9999	-9999	-9999	-9999	-9999
2002	3	10	9.73429	3.7133	5.99678	2.95166	1.44798	3.87088	-9999	-9999	-9999	-9999	-9999
2002	3	11	6.59101	6.99572	8.1846	5.8259	1.23156	4.54918	4.6	31.5369	-9999	-9999	-9999
2002	3	12	10.1851	7.13481	9.5045	4.5982	1.79668	4.99676	2.2	31.7826	-9999	-9999	-9999
2002	3	13	9.20768	3.57907	4.9047	2.2703	1.10096	4.32783	0.4	31.2347	-9999	-9999	-9999
2002	3	14	6.96942	1.30082	2.9205	-0.1367	1.43612	3.76461	0	30.8802	-9999	-9999	-9999
2002	3	15	13.7209	1.52488	4.0175	-0.3954	2.07211	3.02905	0	30.3494	-9999	-9999	-9999
2002	3	16	5.03159	1.92305	3.0698	1.0637	1.17763	3.24061	0	29.9476	-9999	-9999	-9999
2002	3	17	3.24119	1.66834	2.8758	0.598	0.21178	3.20033	0	29.8387	-9999	-9999	-9999
2002	3	18	6.12878	7.04073	11.2244	2.8374	0.169126	4.42947	2.6	30.232	-9999	-9999	-9999
2002	3	19	1.86824	5.80852	8.6866	2.9721	0.523578	4.96959	4	30.7256	-9999	-9999	-9999
2002	3	20	15.4503	4.04861	6.6933	2.4955	2.02739	4.16674	0	30.2267	-9999	-9999	-9999
2002	3	21	14.8288	3.21631	5.6183	1.661	2.01128	3.79384	0	29.7378	-9999	-9999	-9999
2002	3	22	10.7178	2.66004	4.1063	1.3711	1.07106	3.62666	0.4	29.5358	-9999	-9999	-9999
2002	3	23	9.3303	2.58327	4.6016	0.188	1.43924	3.6339	0	29.2361	-9999	-9999	-9999
2002	3	24	17.4671	0.623894	3.8936	-2.3913	1.96572	3.05613	0	29.1144	-9999	-9999	-9999
2002	3	25	15.0505	1.3925	4.1569	-0.6052	1.63325	2.72048	0	28.9556	-9999	-9999	-9999
2002	3	26	16.8411	1.58579	4.1386	-0.1068	1.91814	2.56375	0	28.9247	-9999	-9999	-9999
2002	3	27	14.5426	3.50761	6.5444	0.1108	1.33506	2.92302	0	28.7736	-9999	-9999	-9999
2002	3	28	15.3591	3.95939	8.347	0.137	0.962945	3.50612	0	28.6017	-9999	-9999	-9999
2002	3	29	16.8725	7.52453	11.994	3.4339	3.59343	3.84117	0	28.5448	-9999	-9999	-9999
2002	3	30	15.5655	8.63873	13.3646	4.7391	4.07157	4.44845	0	28.4614	-9999	-9999	-9999
2002	3	31	13.0097	8.29209	13.1229	3.7806	3.32956	4.86076	0	28.3808	-9999	-9999	-9999
2002	4	1	13.4076	10.4053	13.9311	6.4822	3.90375	5.6697	0	28.3122	-9999	-9999	-9999
2002	4	2	14.8631	10.7417	15.3269	6.5877	5.27246	6.21674	0	28.2589	-9999	-9999	-9999
2002	4	3	16.9625	6.11975	10.2405	2.0208	3.44559	5.7017	0	28.246	-9999	-9999	-9999
2002	4	4	18.6252	5.10295	8.6469	1.8867	3.33353	5.14737	0	28.2545	-9999	-9999	-9999
2002	4	5	13.732	3.43638	5.9242	1.1391	2.60165	4.91021	0	28.2081	-9999	-9999	-9999
2002	4	6	18.8994	3.40333	6.7226	0.1478	2.81542	4.1193	0	28.2272	-9999	-9999	-9999
2002	4	7	5.27665	3.70836	7.4053	1.118	0.898211	4.32395	2.8	28.193	-9999	-9999	-9999
2002	4	8	15.1862	2.37187	5.221	-0.0182	1.62502	4.13316	0	28.1976	-9999	-9999	-9999
2002	4	9	18.9883	4.11409	7.2641	0.4372	3.26076	3.9061	0	28.1897	-9999	-9999	-9999
2002	4	10	19.4596	6.1662	10.3965	1.6791	4.82952	4.25355	0	28.1826	-9999	-9999	-9999
2002	4	11	6.76753	6.17827	10.3309	2.3736	3.11312	4.3878	0.2	28.1226	-9999	-9999	-9999
2002	4	12	7.50179	7.48309	9.9431	5.2688	1.79249	5.41991	0	27.9638	-9999	-9999	-9999
2002	4	13	2.92577	5.53235	6.678	3.9466	-0.0368458	5.42978	2.2	27.8163	-9999	-9999	-9999
2002	4	14	3.09942	6.8976	7.8884	5.9161	0.53215	5.72335	0	27.651	-9999	-9999	-9999
2002	4	15	2.94223	6.75751	7.8879	5.436	0.953154	5.92882	0.2	27.4983	-9999	-9999	-9999
2002	4	16	2.91906	4.32731	6.1064	3.3976	1.16108	5.55523	0.4	27.5138	-9999	-9999	-9999
2002	4	17	1.80459	3.53526	4.343	2.5998	-0.0353693	5.2428	2.2	27.8123	-9999	-9999	-9999
2002	4	18	2.48796	4.18174	5.0693	3.6486	-0.111899	5.30172	0.6	27.78	-9999	-9999	-9999
2002	4	19	9.38907	5.59284	7.2691	4.1161	0.813497	5.76221	0	27.6097	-9999	-9999	-9999
2002	4	20	15.3419	7.8857	13.6068	1.6347	1.93859	6.252	0	27.5534	-9999	-9999	-9999
2002	4	21	16.4248	10.8553	14.8927	6.6041	3.82381	6.57886	0	27.6013	-9999	-9999	-9999
2002	4	22	17.1899	11.4455	14.7845	7.2295	4.84267	7.15682	0	27.6023	-9999	-9999	-9999
2002	4	23	10.4991	10.5096	13.0506	8.1612	2.71859	7.7987	0.2	27.4701	-9999	-9999	-9999
2002	4	24	6.03338	10.2228	12.2004	8.2764	1.34623	7.89382	0	27.5104	-9999	-9999	-9999
2002	4	25	17.1859	10.6468	12.218	8.9506	1.89083	8.17037	0	27.5133	-9999	-9999	-9999
2002	4	26	3.49664	7.62371	8.7998	6.4106	0.385596	7.59493	1.8	27.3492	-9999	-9999	-9999
2002	4	27	9.93377	6.18848	8.0619	3.588	1.6232	7.10709	14.2	28.5881	-9999	-9999	-9999
2002	4	28	9.33174	5.8475	8.4466	2.5656	0.735882	6.49479	5.2	28.6322	-9999	-9999	-9999
2002	4	29	12.9977	7.52121	10.9485	5.2708	1.44672	7.2688	10.4	29.5139	-9999	-9999	-9999
2002	4	30	14.6882	8.71359	11.096	6.6509	2.11353	7.48113	0.4	28.9849	-9999	-9999	-9999
2002	5	1	13.3621	10.5128	13.1128	7.7471	2.74828	8.11581	2.2	28.7669	-9999	-9999	-9999
2002	5	2	16.3524	9.53663	12.5002	5.8905	2.79343	8.07664	0	28.4426	-9999	-9999	-9999
2002	5	3	4.34763	9.55241	12.0424	7.727	0.142075	8.43332	11.6	29.3511	-9999	-9999	-9999
2002	5	4	4.95295	8.88188	11.1995	7.428	0.244881	8.4021	9.2	29.7047	-9999	-9999	-9999
2002	5	5	3.00544	8.45135	9.7506	7.5139	-0.225528	8.39361	7.6	30.1202	-9999	-9999	-9999
2002	5	6	19.123	11.067	16.5299	7.407	2.48994	8.86035	0.2	29.5225	-9999	-9999	-9999
2002	5	7	9.07686	10.5382	12.4027	8.6706	3.42324	8.85373	0	28.9413	-9999	-9999	-9999
2002	5	8	16.5446	11.3048	17.3119	6.1043	1.83106	8.95009	0	28.5842	-9999	-9999	-9999
2002	5	9	24.7456	14.244	18.4198	10.5461	4.62504	9.83157	0	28.3444	-9999	-9999	-9999
2002	5	10	25.5403	13.4152	17.6181	9.5676	5.74073	9.87006	0	28.2257	-9999	-9999	-9999
2002	5	11	24.5682	14.4139	18.5189	10.2616	4.15805	10.3405	0	28.073	-9999	-9999	-9999
2002	5	12	8.15553	11.7427	14.145	9.5631	0.789362	10.2378	0	28.0306	-9999	-9999	-9999
2002	5	13	27.6708	11.6648	15.9689	6.7479	5.38731	9.81494	0	27.7428	-9999	-9999	-9999
2002	5	14	11.9898	12.1817	14.9396	8.5633	2.31404	9.73514	0	27.5693	-9999	-9999	-9999
2002	5	15	16.1808	11.736	14.6161	8.9727	2.27025	9.88425	1	27.4501	-9999	-9999	-9999
2002	5	16	9.12859	12.6224	15.6197	10.5723	1.52717	10.0572	0.4	27.3716	-9999	-9999	-9999
2002	5	17	23.5792	11.3372	14.6182	8.8616	3.1255	9.91565	0	27.3069	-9999	-9999	-9999
2002	5	18	28.9963	14.1746	18.366	8.9036	6.85602	10.0087	0	27.0177	-9999	-9999	-9999
2002	5	19	4.90441	11.9922	13.9749	11.0118	1.69075	9.87059	0	26.8801	-9999	-9999	-9999
2002	5	20	19.3259	11.5893	15.4624	7.3603	2.12478	10.1427	0.4	26.7515	-9999	-9999	-9999
2002	5	21	28.2286	12.3133	17.4527	6.5783	4.24401	10.0477	0	26.5903	-9999	-9999	-9999
2002	5	22	25.4448	15.5885	20.297	11.0631	5.14564	10.8206	0	26.3668	-9999	-9999	-9999
2002	5	23	9.14699	14.6511	19.004	11.0963	1.49549	11.1279	2	26.2483	-9999	-9999	-9999
2002	5	24	13.7297	13.2613	16.7702	11.2169	1.66584	11.3319	22.4	28.4187	-9999	-9999	-9999
2002	5	25	19.0051	12.5468	14.6507	10.7432	2.2565	11.1639	1.4	28.1678	-9999	-9999	-9999
2002	5	26	27.5962	12.3062	15.7271	9.2336	2.7255	10.9055	12.4	27.7528	-9999	-9999	-9999
2002	5	27	22.0669	14.2542	18.2311	9.9129	3.39245	11.2744	0.612766	28.723	-9999	-9999	-9999
2002	5	28	21.4805	14.7218	17.7306	11.526	2.36465	11.6994	0.6	27.869	-9999	-9999	-9999
2002	5	29	14.1059	14.0749	17.8947	11.694	2.29497	11.8416	0.2	27.5194	-9999	-9999	-9999
2002	5	30	21.2261	12.7874	15.851	10.2791	3.2061	11.3458	0	27.0984	-9999	-9999	-9999
2002	5	31	16.0596	11.0978	13.9084	8.3516	1.59323	10.7746	3.6	27.1565	-9999	-9999	-9999
2002	6	1	26.0892	12.5147	15.6518	8.9283	3.03872	10.7833	0	26.9794	-9999	-9999	-9999
2002	6	2	25.834	15.2098	18.9445	10.461	4.33648	11.3121	0	26.561	-9999	-9999	-9999
2002	6	3	30.4184	15.5829	18.5717	12.1589	6.67982	11.5413	0	26.2847	-9999	-9999	-9999
2002	6	4	24.9737	15.5872	18.9397	12.2351	5.63217	11.7767	0	26.144	-9999	-9999	-9999
2002	6	5	27.7144	17.3547	21.3777	12.5119	6.85651	12.2173	0	25.7319	-9999	-9999	-9999
2002	6	6	29.6087	17.8262	21.9033	14.3782	7.93069	12.6744	0	25.3603	-9999	-9999	-9999
2002	6	7	25.3743	16.2401	18.765	13.2947	6.29816	12.4629	0	24.8458	-9999	-9999	-9999
2002	6	8	26.6908	15.5202	18.6431	11.7105	5.97836	12.2561	0	24.4578	-9999	-9999	-9999
2002	6	9	23.8278	15.7073	18.8885	12.3968	4.31299	12.4299	0	23.9545	-9999	-9999	-9999
2002	6	10	13.674	14.4805	19.0434	11.4632	1.54465	12.5068	17.2	23.8943	-9999	-9999	-9999
2002	6	11	16.8947	12.6501	15.0523	10.3576	1.42951	12.0892	5.4	27.3144	-9999	-9999	-9999
2002	6	12	19.1986	12.5894	15.4948	9.0384	2.07074	11.8733	19.6	28.1955	-9999	-9999	-9999
2002	6	13	13.4707	12.1272	14.1466	10.9623	1.19096	11.7563	2	28.6309	-9999	-9999	-9999
2002	6	14	26.8409	13.8577	16.5393	9.712	3.66428	11.7187	0	27.5726	-9999	-9999	-9999
2002	6	15	11.0928	14.9095	19.0378	10.5528	1.2468	12.1553	6.8	27.6794	-9999	-9999	-9999
2002	6	16	22.2207	16.1546	18.706	12.9117	3.3071	12.8472	0	27.2674	-9999	-9999	-9999
2002	6	17	20.0227	18.2474	22.2957	14.5786	2.40816	13.5847	0	26.5698	-9999	-9999	-9999
2002	6	18	27.3553	20.7556	25.9231	17.4161	3.69025	14.2017	-9999	-9999	-9999	-9999	-9999
2002	6	19	27.3676	20.9114	25.8623	17.5809	3.77027	14.2463	-9999	-9999	-9999	-9999	-9999
2002	6	20	27.3676	20.9114	25.8623	17.5809	3.77027	14.2463	-9999	-9999	-9999	-9999	-9999
2002	6	21	24.4988	18.6668	25.8623	14.1549	3.75279	13.6506	-9999	-9999	-9999	-9999	-9999
2002	6	22	18.5064	14.9484	16.8078	12.9589	3.00583	12.8329	-9999	-9999	-9999	-9999	-9999
2002	6	23	18.9697	14.3763	16.8078	11.9668	3.35596	12.8114	-9999	-9999	-9999	-9999	-9999
2002	6	24	18.9697	14.3763	16.8078	11.9668	3.35596	12.8114	-9999	-9999	-9999	-9999	-9999
2002	6	25	19.0387	14.3704	17.3648	11.9668	3.34825	12.811	-9999	-9999	-9999	-9999	-9999
2002	6	26	17.286	14.5381	17.6041	11.7402	3.34193	12.8061	0	25.6528	-9999	-9999	-9999
2002	6	27	17.1592	12.6735	14.9172	9.7631	1.91741	12.4935	11.8	26.7183	-9999	-9999	-9999
2002	6	28	18.1793	13.1538	15.0671	10.7534	1.92874	12.0195	1.6	26.5778	-9999	-9999	-9999
2002	6	29	18.135	14.9622	17.9266	13.0385	3.49056	12.006	0.4	26.0021	-9999	-9999	-9999
2002	6	30	16.5705	15.7899	18.4325	12.3165	2.08768	12.0342	5.2	26.2758	-9999	-9999	-9999
2002	7	1	9.86364	15.2758	18.49	13.4258	0.640657	12.1172	8	27.1484	-9999	-9999	-9999
2002	7	2	17.3924	14.2034	16.7943	12.3962	1.71611	12.3644	2.6	27.0201	-9999	-9999	-9999
2002	7	3	8.43023	13.9314	14.9407	12.1407	0.464901	12.2048	12.2	26.9229	-9999	-9999	-9999
2002	7	4	14.2835	15.1613	17.6559	12.6582	0.768362	12.9173	1.4	27.9499	-9999	-9999	-9999
2002	7	5	15.5263	14.8139	19.5255	10.2693	2.34117	12.6332	0	27.1494	-9999	-9999	-9999
2002	7	6	10.0876	14.8604	18.2479	11.5943	0.772527	12.914	10.6	28.0936	-9999	-9999	-9999
2002	7	7	17.1116	14.7918	16.681	13.3868	2.49645	13.1328	5.4	28.4694	-9999	-9999	-9999
2002	7	8	21.7049	17.195	21.2179	13.4762	3.0021	13.6438	0	27.6169	-9999	-9999	-9999
2002	7	9	26.7614	21.2728	26.0992	15.4479	6.20649	14.8487	0	26.4572	-9999	-9999	-9999
2002	7	10	12.4933	20.4064	24.1648	14.0003	3.44162	15.358	7.6	26.0711	-9999	-9999	-9999
2002	7	11	24.0205	15.5718	18.5075	12.6416	3.55179	14.4867	0	27.306	-9999	-9999	-9999
2002	7	12	24.8812	16.4903	19.5905	13.2101	4.70013	13.9966	0	26.2792	-9999	-9999	-9999
2002	7	13	19.2513	17.4378	20.6589	14.5005	4.46808	14.1993	0.2	25.5399	-9999	-9999	-9999
2002	7	14	10.6438	17.4902	21.2717	14.63	5.24559	14.0703	0	24.9494	-9999	-9999	-9999
2002	7	15	24.4924	19.963	24.1139	15.3864	7.11359	14.6287	0	24.3744	-9999	-9999	-9999
2002	7	16	27.0467	20.4408	24.5761	15.8302	7.7933	15.0171	0	23.7093	-9999	-9999	-9999
2002	7	17	18.6586	19.6532	23.1603	16.9374	5.12067	15.344	0	22.904	-9999	-9999	-9999
2002	7	18	3.69904	17.5238	19.0016	15.6377	0.097943	15.2838	13.8	24.616	-9999	-9999	-9999
2002	7	19	7.11128	17.9916	20.4707	16.3699	0.346985	15.6524	17.6	25.5016	-9999	-9999	-9999
2002	7	20	17.072	16.4372	19.1493	14.2837	2.18867	15.291	0.4	27.1962	-9999	-9999	-9999
2002	7	21	9.0549	14.4692	18.7696	11.9701	1.25718	14.3748	27.2	27.4709	-9999	-9999	-9999
2002	7	22	3.95867	13.4553	14.6726	12.3046	0.717582	13.7776	15	30.1949	-9999	-9999	-9999
2002	7	23	17.7531	15.3875	18.8828	12.3589	3.42275	13.6509	1.8	28.686	-9999	-9999	-9999
2002	7	24	16.1301	14.666	16.9742	12.4086	2.63574	13.7318	3.6	28.4764	-9999	-9999	-9999
2002	7	25	17.194	14.7005	17.0156	12.4127	3.47005	13.39	0	27.5331	-9999	-9999	-9999
2002	7	26	5.28004	14.8646	16.8492	11.092	0.540749	13.4667	0.426667	27.0268	-9999	-9999	-9999
2002	7	27	24.8487	17.4613	22.2002	12.463	4.13576	14.0874	0	26.5651	-9999	-9999	-9999
2002	7	28	25.9584	19.7675	25.3611	13.8677	5.70285	14.8917	0	25.7962	-9999	-9999	-9999
2002	7	29	24.9331	21.9869	27.7579	15.6602	8.79773	15.7211	0	25.0481	-9999	-9999	-9999
2002	7	30	16.066	20.8922	25.3127	17.6163	6.5551	15.8443	0	24.4529	-9999	-9999	-9999
2002	7	31	22.9025	22.4412	27.8794	15.995	6.65748	16.3111	0	23.6807	-9999	-9999	-9999
2002	8	1	17.7477	22.2747	28.0446	17.1397	5.46289	17.2294	20.4255	25.1477	-9999	-9999	-9999
2002	8	2	5.25476	18.9844	21.2586	16.0034	1.37928	17.0411	13.6	26.0022	-9999	-9999	-9999
2002	8	3	4.51177	16.7998	17.8665	15.5813	-0.244388	16.239	35.4	29.6505	-9999	-9999	-9999
2002	8	4	11.0666	18.5814	20.8245	16.6154	2.81324	16.2983	0	28.5558	-9999	-9999	-9999
2002	8	5	20.106	19.2513	22.6637	16.1087	5.52788	16.1529	0	27.6735	-9999	-9999	-9999
2002	8	6	14.0603	18.3165	21.0394	15.3204	4.66539	15.713	0	26.9529	-9999	-9999	-9999
2002	8	7	23.0856	18.7858	22.2467	15.1693	5.97682	15.5808	0	26.4009	-9999	-9999	-9999
2002	8	8	22.6565	18.9077	21.6765	15.7165	6.05447	15.5098	0	25.8702	-9999	-9999	-9999
2002	8	9	15.0288	19.4202	23.3189	16.5186	3.83449	15.7818	0.2	25.3867	-9999	-9999	-9999
2002	8	10	11.0957	19.9111	22.3668	17.2134	3.90467	15.84	0	24.9939	-9999	-9999	-9999
2002	8	11	14.788	21.1796	25.7623	17.5597	3.47333	16.3445	0.4	24.3872	-9999	-9999	-9999
2002	8	12	4.7673	18.0816	20.0237	16.5248	-0.173499	16.3906	16.487	24.9776	-9999	-9999	-9999
2002	8	13	14.6506	17.5786	20.3687	15.0866	2.61655	16.0511	10	27.6124	-9999	-9999	-9999
2002	8	14	19.5319	20.0132	24.2974	16.5134	4.09589	16.184	0	26.464	-9999	-9999	-9999
2002	8	15	24.3092	20.3942	26.2745	15.2301	3.89178	16.0108	0	25.5185	-9999	-9999	-9999
2002	8	16	20.4795	21.334	26.339	16.802	3.82909	16.069	0	24.7554	-9999	-9999	-9999
2002	8	17	19.2251	21.9256	26.066	18.2706	5.10963	16.5347	0	24.0264	-9999	-9999	-9999
2002	8	18	19.9391	23.0289	26.5515	19.0642	4.92285	16.4544	0	23.3755	-9999	-9999	-9999
2002	8	19	21.9088	24.513	28.7844	20.5762	7.57362	16.6498	0	22.3819	-9999	-9999	-9999
2002	8	20	21.5796	25.0173	29.0311	20.8138	9.65786	16.6406	0	21.2597	-9999	-9999	-9999
2002	8	21	20.8965	24.6034	29.3002	20.5164	7.67272	16.6563	0	20.0872	-9999	-9999	-9999
2002	8	22	19.4561	23.9069	27.3898	20.9287	6.12111	16.645	0	18.9485	-9999	-9999	-9999
2002	8	23	19.1809	23.4812	28.2644	19.7948	6.16951	16.4007	0	17.897	-9999	-9999	-9999
2002	8	24	19.4824	23.1187	26.6455	19.7157	6.9744	16.2081	0	16.8665	-9999	-9999	-9999
2002	8	25	10.1173	23.4304	27.1076	21.0252	5.82507	16.2592	0	16.0518	-9999	-9999	-9999
2002	8	26	10.4585	22.8122	26.9485	18.9625	2.9836	16.1559	1.82857	15.4093	-9999	-9999	-9999
2002	8	27	12.67	21.5575	24.514	15.8109	3.24671	16.2936	-9999	-9999	-9999	-9999	-9999
2002	8	28	17.1186	18.4648	22.5095	14.3584	3.58744	16.3591	-9999	-9999	-9999	-9999	-9999
2002	8	29	20.158	18.0109	21.9356	14.0671	3.97893	15.9971	0	13.6634	-9999	-9999	-9999
2002	8	30	12.4892	19.0722	22.2101	16.2253	2.56128	16.3461	0	12.7515	-9999	-9999	-9999
2002	8	31	9.59087	17.5858	20.8447	13.2221	2.85525	16.112	0.612766	12.1183	-9999	-9999	-9999
2002	9	1	17.998	15.432	18.8276	12.4424	4.59265	14.6442	0	11.5651	-9999	-9999	-9999
2002	9	2	18.293	15.3748	20.1864	11.9004	3.57974	14.2305	0	10.986	-9999	-9999	-9999
2002	9	3	17.85	16.7138	20.9962	11.7677	4.66351	14.2645	0	10.588	-9999	-9999	-9999
2002	9	4	15.0216	19.9081	23.8112	16.7815	4.56086	15.6885	0	10.0559	-9999	-9999	-9999
2002	9	5	14.7516	17.5651	20.7783	14.2627	4.47448	15.1299	0	9.74382	-9999	-9999	-9999
2002	9	6	15.5253	16.9354	20.3145	12.3575	3.42413	14.5349	0	9.47875	-9999	-9999	-9999
2002	9	7	13.7826	17.3713	21.0107	14.0116	3.79392	14.8188	0	9.15785	-9999	-9999	-9999
2002	9	8	13.4715	18.292	22.5738	14.2679	4.78223	15.0448	0	8.95417	-9999	-9999	-9999
2002	9	9	13.3287	18.4552	21.5613	16.1303	2.62673	15.4585	0	8.78889	-9999	-9999	-9999
2002	9	10	13.5632	18.7717	22.376	15.4043	2.34372	15.8979	0	8.65409	-9999	-9999	-9999
2002	9	11	15.5199	17.1187	20.7849	14.5103	3.29791	15.1569	0	8.54785	-9999	-9999	-9999
2002	9	12	17.1889	16.8738	21.1372	13.6068	4.02434	14.5414	0	8.46709	-9999	-9999	-9999
2002	9	13	16.4186	17.5022	22.4609	12.4268	4.49518	14.6607	0	8.33395	-9999	-9999	-9999
2002	9	14	15.0568	14.9413	16.8429	11.9305	3.47956	14.1529	0	8.19486	-9999	-9999	-9999
2002	9	15	16.0965	11.9926	14.4306	9.5754	3.78408	12.6078	0	8.17999	-9999	-9999	-9999
2002	9	16	7.29772	13.0296	16.3666	9.6105	2.29902	12.3046	0	8.07006	-9999	-9999	-9999
2002	9	17	11.4344	14.2082	17.3239	11.1351	2.0145	12.6905	0	8.01209	-9999	-9999	-9999
2002	9	18	14.1766	14.366	17.7724	11.6172	2.52623	13.1151	0	7.93257	-9999	-9999	-9999
2002	9	19	13.8631	14.2048	17.8839	10.8471	3.91131	12.5074	0	7.94326	-9999	-9999	-9999
2002	9	20	12.2889	13.0144	16.1786	10.4971	2.40816	12.5867	6.2	7.99361	-9999	-9999	-9999
2002	9	21	9.31417	11.2704	14.1725	8.5464	1.4037	11.998	3	8.36493	-9999	-9999	-9999
2002	9	22	0.75681	8.93147	9.9561	7.9332	0.344822	10.601	73	10.9908	-9999	-9999	-9999
2002	9	23	14.3754	9.05993	12.169	5.697	2.66089	10.3177	0	13.2265	-9999	-9999	-9999
2002	9	24	9.54396	10.3253	13.2222	6.5249	1.9369	10.1156	0	13.697	-9999	-9999	-9999
2002	9	25	9.60152	12.8072	15.6037	10.9406	1.07398	11.5666	0	14.0465	-9999	-9999	-9999
2002	9	26	3.15911	9.11244	11.7256	5.9941	0.141364	10.9299	17.1574	15.5779	-9999	-9999	-9999
2002	9	27	14.16	8.40137	11.1686	4.6438	2.77473	9.49693	0	17.1065	-9999	-9999	-9999
2002	9	28	5.72881	11.3907	14.2096	7.1769	1.57376	10.4528	0	17.1659	-9999	-9999	-9999
2002	9	29	3.6094	12.7142	14.3107	10.125	1.77994	11.2809	0	17.135	-9999	-9999	-9999
2002	9	30	10.3221	13.7072	17.0382	11.661	2.13571	11.7815	0	17.053	-9999	-9999	-9999
2002	10	1	10.947	13.1801	16.4988	10.9748	1.56862	11.7524	0	16.9201	-9999	-9999	-9999
2002	10	2	10.8362	13.0467	17.2143	9.0872	2.09209	11.1321	0	16.8847	-9999	-9999	-9999
2002	10	3	9.48841	11.8427	16.6657	8.2546	0.814978	11.3726	0	16.8092	-9999	-9999	-9999
2002	10	4	7.99632	12.5334	14.5635	10.8541	2.02991	11.5267	3	17.1528	-9999	-9999	-9999
2002	10	5	7.11961	10.3294	13.5645	6.797	1.27249	11.0763	11	17.35	-9999	-9999	-9999
2002	10	6	11.0716	6.45526	8.9766	4.5769	1.59638	9.66451	2.8	19.1521	-9999	-9999	-9999
2002	10	7	10.2792	4.19352	6.6541	1.6357	1.8521	8.46666	0	19.4318	-9999	-9999	-9999
2002	10	8	2.85235	6.02088	7.2984	2.8963	1.22397	8.29452	0	19.1669	-9999	-9999	-9999
2002	10	9	6.68977	5.83742	7.6352	4.3717	1.76106	8.33611	0	18.9602	-9999	-9999	-9999
2002	10	10	10.2366	5.56121	8.2845	3.0694	2.1916	7.99403	0	18.6127	-9999	-9999	-9999
2002	10	11	10.1527	5.13085	7.9372	2.2187	1.85836	7.55365	0	18.4427	-9999	-9999	-9999
2002	10	12	2.25877	5.38622	6.8882	3.4027	1.0402	7.50653	6	18.6678	-9999	-9999	-9999
2002	10	13	0.913662	5.8156	6.8051	3.4521	1.72324	7.39121	8.4	18.9762	-9999	-9999	-9999
2002	10	14	1.10837	3.81567	5.68862	2.8516	0.154824	6.83349	22.4	22.1212	-9999	-9999	-9999
2002	10	15	6.0469	4.74629	7.0483	2.3631	0.308616	6.79451	0.2	22.7738	-9999	-9999	-9999
2002	10	16	1.12162	5.78222	10.7172	3.5027	-0.0309531	6.93421	6	22.2903	-9999	-9999	-9999
2002	10	17	2.09363	6.5729	8.9561	4.5553	-0.0442489	7.81664	32.2723	25.2755	-9999	-9999	-9999
2002	10	18	3.1165	3.71297	4.6274	2.7096	-0.00917176	6.95912	8.4	25.7671	-9999	-9999	-9999
2002	10	19	6.84956	2.5574	4.4406	0.4009	0.822265	6.17846	0.2	25.2925	-9999	-9999	-9999
2002	10	20	7.06633	3.30231	7.1562	-2.116	0.936922	5.63741	0.2	24.8107	-9999	-9999	-9999
2002	10	21	1.61557	3.31912	4.7408	0.2499	0.0479185	5.5731	10	24.7266	-9999	-9999	-9999
2002	10	22	0.46188	7.2412	10.3899	4.5799	-0.286958	6.7545	13	26.4471	-9999	-9999	-9999
2002	10	23	1.86658	9.52916	11.0851	6.3731	0.464778	8.2531	6	26.6342	-9999	-9999	-9999
2002	10	24	5.50939	6.06566	8.0854	4.3813	0.970194	7.34237	0.6	25.5854	-9999	-9999	-9999
2002	10	25	1.78353	7.44862	9.409	5.6928	0.511302	7.38935	10.2	25.2138	-9999	-9999	-9999
2002	10	26	4.01067	8.43445	10.053	6.9534	0.934962	8.0507	3.4	26.6889	-9999	-9999	-9999
2002	10	27	0.728424	7.52845	9.7667	5.3284	0.394177	7.69587	10.6	26.6472	-9999	-9999	-9999
2002	10	28	4.66688	7.14777	8.4922	5.2485	1.8448	7.50975	0.2	26.2431	-9999	-9999	-9999
2002	10	29	5.04171	6.44577	8.6482	4.3134	0.885009	7.19949	0	25.6103	-9999	-9999	-9999
2002	10	30	4.8195	5.86203	8.3224	4.235	0.554259	7.09018	0	25.4522	-9999	-9999	-9999
2002	10	31	2.79416	4.8479	7.5274	-0.0031	0.0998203	6.368	0	25.4147	-9999	-9999	-9999
2002	11	1	2.05756	6.00915	8.3373	4.599	0.439431	6.8767	3.4	25.3253	-9999	-9999	-9999
2002	11	2	5.58083	2.09822	4.3962	0.2063	0.753199	6.089	0	25.584	-9999	-9999	-9999
2002	11	3	1.8322	3.43212	5.2253	-0.3863	0.957609	5.65529	0.4	25.399	-9999	-9999	-9999
2002	11	4	1.35977	4.00958	4.7077	3.3425	2.18797	5.77621	0	25.2262	-9999	-9999	-9999
2002	11	5	4.18253	2.24004	4.4554	-0.2728	1.56403	5.42093	0	25.1868	-9999	-9999	-9999
2002	11	6	5.10327	0.742181	2.0246	-0.2923	0.80141	4.49867	0	25.1809	-9999	-9999	-9999
2002	11	7	0.926856	1.84519	2.109	1.2838	0.0417645	4.89907	0	25.0353	-9999	-9999	-9999
2002	11	8	3.65378	4.44118	7.4676	1.9919	0.180274	5.40336	12.4	25.2023	-9999	-9999	-9999
2002	11	9	1.11069	3.78329	4.9448	2.8437	0.268127	5.35482	17.4	28.2005	-9999	-9999	-9999
2002	11	10	2.5459	1.41343	3.2745	-1.0013	0.996755	4.901	0	26.9037	-9999	-9999	-9999
2002	11	11	0.941706	0.748369	1.6038	-0.319	0.259619	4.39095	0	26.5184	-9999	-9999	-9999
2002	11	12	0.430704	4.58446	7.1756	1.6033	-0.115194	4.99246	1.2	26.2583	-9999	-9999	-9999
2002	11	13	0.411822	7.22547	7.7069	6.4792	0.0258227	6.12326	7.8	26.5216	-9999	-9999	-9999
2002	11	14	1.36802	6.76579	7.8793	6.0471	-0.111635	6.52465	4	26.9608	-9999	-9999	-9999
2002	11	15	1.44023	5.33792	6.29	4.2777	-0.277877	6.52014	1.4	26.9561	-9999	-9999	-9999
2002	11	16	1.03435	6.02007	7.0984	5.027	-0.105249	6.60261	8.2	26.661	-9999	-9999	-9999
2002	11	17	0.455904	4.55986	5.4224	4.1543	-0.0611118	6.18171	24.2	28.9795	-9999	-9999	-9999
2002	11	18	0.345636	4.91895	6.9104	3.1461	-0.18211	6.0784	3.4	27.9442	-9999	-9999	-9999
2002	11	19	4.16178	1.14477	3.5823	-0.8269	0.815805	4.95005	0	27.4533	-9999	-9999	-9999
2002	11	20	1.00516	0.1532	0.9816	-0.5956	0.844743	4.45432	0	27.0369	-9999	-9999	-9999
2002	11	21	1.55102	0.31859	3.2301	-1.6075	0.69742	4.12944	0	26.7336	-9999	-9999	-9999
2002	11	22	1.4953	3.89459	4.5025	2.6177	0.942984	4.57102	0.4	26.2699	-9999	-9999	-9999
2002	11	23	0.063324	4.60289	5.5883	3.5298	-0.237733	5.24976	24.6	27.7674	-9999	-9999	-9999
2002	11	24	0.605862	4.71968	5.366	4.2626	-0.220234	5.61376	2.2	27.9153	-9999	-9999	-9999
2002	11	25	0.258426	5.87455	6.8004	4.5785	0.00465243	5.84356	0.4	27.1049	-9999	-9999	-9999
2002	11	26	0.264906	5.022	5.8301	4.5136	0.124957	5.92668	0.2	26.9042	-9999	-9999	-9999
2002	11	27	1.45375	4.6591	6.878	2.2225	0.360084	5.6375	0	26.6106	-9999	-9999	-9999
2002	11	28	0.176346	4.29793	5.2516	2.1744	0.244965	5.20979	0	26.3344	-9999	-9999	-9999
2002	11	29	0.0918504	4.99935	6.2767	3.79183	0.498461	5.83586	3.06383	26.3678	-9999	-9999	-9999
2002	11	30	0.14067	3.03414	4.431	0.9569	0.264807	5.3893	5.6	27.4046	-9999	-9999	-9999
2002	12	1	0.391428	1.64205	2.6554	0.5845	0.159463	4.81401	0	27.1308	-9999	-9999	-9999
2002	12	2	0.860112	4.23653	5.0023	2.4012	0.70655	5.08051	0	26.6355	-9999	-9999	-9999
2002	12	3	0.131778	4.31251	4.8489	2.5389	0.265432	5.40322	1.8	26.5924	-9999	-9999	-9999
2002	12	4	0.059256	2.58189	3.4509	1.3782	0.533798	5.01658	0.6	26.6853	-9999	-9999	-9999
2002	12	5	0.129546	1.55518	2.7908	-0.2626	0.81158	4.62246	0	26.6431	-9999	-9999	-9999
2002	12	6	0.368676	0.448375	1.7513	-0.3224	1.38278	3.94376	0	26.5056	-9999	-9999	-9999
2002	12	7	1.13821	0.838877	1.2802	0.5326	1.49147	3.55784	0	26.2472	-9999	-9999	-9999
2002	12	8	0.657648	0.788871	1.8954	-0.6337	0.994633	3.385	0	26.164	-9999	-9999	-9999
2002	12	9	0.294174	-0.715329	-0.2152	-1.0469	0.956433	3.16383	0	26.1302	-9999	-9999	-9999
2002	12	10	0.72585	-1.75184	-1.0462	-3.5157	0.80162	2.83202	0	26.0218	-9999	-9999	-9999
2002	12	11	1.38011	-1.8992	2.4474	-4.5781	0.198677	2.46129	0	25.9831	-9999	-9999	-9999
2002	12	12	2.21781	-2.07774	1.2073	-5.8027	0.310491	2.29658	0	25.9294	-9999	-9999	-9999
2002	12	13	0.604404	-4.78391	-2.8629	-5.6457	-0.0148551	1.88646	0	25.8948	-9999	-9999	-9999
2002	12	14	1.91714	-1.11161	0.8093	-3.5412	0.152819	1.768	0	26.0228	-9999	-9999	-9999
2002	12	15	0.14895	-0.581604	0.3046	-1.3212	0.834012	1.85329	0	25.8923	-9999	-9999	-9999
2002	12	16	0.195156	-0.0174312	0.5273	-0.7866	0.453647	2.03497	0	25.7203	-9999	-9999	-9999
2002	12	17	0.428292	-0.504723	0.3526	-2.6681	0.415828	2.40388	0	25.6865	-9999	-9999	-9999
2002	12	18	1.05739	0.861221	3.7509	-2.2203	0.199433	2.44074	0	25.6451	-9999	-9999	-9999
2002	12	19	0.575244	-1.20334	-0.1576	-3.5249	-0.115704	1.92728	0	25.5376	-9999	-9999	-9999
2002	12	20	0.558738	0.0694417	1.2442	-0.4123	0.126626	2.28301	0	25.5699	-9999	-9999	-9999
2002	12	21	0.477684	0.899856	2.2569	-1.3173	0.50715	2.80308	0.2	25.5042	-9999	-9999	-9999
2002	12	22	1.0881	-2.30188	-0.9914	-4.7923	0.755635	1.88431	0	25.5075	-9999	-9999	-9999
2002	12	23	2.07056	-1.07119	0.3056	-2.1934	1.0946	1.59547	0	25.6979	-9999	-9999	-9999
2002	12	24	1.2359	-2.01054	-1.7145	-2.3237	2.33425	1.3265	0	25.8119	-9999	-9999	-9999
2002	12	25	0.682848	-2.22812	-2.0108	-2.5966	1.81961	1.0628	0	25.8608	-9999	-9999	-9999
2002	12	26	0.199044	-0.415385	0.7963	-2.0375	0.639851	1.17184	1.6	25.6464	-9999	-9999	-9999
2002	12	27	0.28494	0.872733	2.3412	-1.11625	0.969286	1.88363	13.4	26.2603	-9999	-9999	-9999
2002	12	28	0.213084	2.93404	5.0591	-1.33646	1.99191	2.80592	9.80426	27.7777	-9999	-9999	-9999
2002	12	29	0.337518	0.781204	4.3757	-1.2964	1.94418	3.05827	0.6	27.6213	-9999	-9999	-9999
2002	12	30	1.0537	-4.22104	-1.3259	-8.7739	0.345015	2.11682	0	26.9572	-9999	-9999	-9999
2002	12	31	2.86304	-7.91875	-1.09084	-9.9872	0.750784	1.05262	0	26.0992	-9999	-9999	-9999
