Year	Month	n_days	Rg_f	Ta_f	Tmax	Tmin	VPD_f	Ts_f	Precip	SWC	LAI 	ET	LITTERFALL
2000	1	1	3.633405	-9.905980	-5.753810	-14.811500	0.847060	-9999	0.000000	-9999	-9999	-9999	-9999
2000	1	2	3.642244	-6.571020	-3.310550	-10.406000	1.355249	-9999	0.000000	-9999	-9999	-9999	-9999
2000	1	3	3.576709	-4.221620	-1.388820	-7.644290	1.993147	-9999	0.000000	-9999	-9999	-9999	-9999
2000	1	4	3.027206	-4.242990	-0.816223	-6.346080	0.976274	-9999	0.103055	-9999	-9999	-9999	-9999
2000	1	5	2.647512	-7.883150	-4.332610	-11.171600	0.602511	-9999	0.460433	-9999	-9999	-9999	-9999
2000	1	6	3.792225	-11.160300	-8.378540	-12.993300	0.942665	-9999	0.000000	-9999	-9999	-9999	-9999
2000	1	7	3.100075	-8.638620	-5.027440	-12.605100	0.525869	-9999	4.880250	-9999	-9999	-9999	-9999
2000	1	8	2.333068	-7.526190	-4.493100	-10.508300	0.615350	-9999	2.570830	-9999	-9999	-9999	-9999
2000	1	9	3.269186	-1.714120	1.748140	-8.526530	1.051735	-9999	1.070610	-9999	-9999	-9999	-9999
2000	1	10	2.751572	1.078000	3.612210	-1.860570	0.665559	-9999	2.700040	-9999	-9999	-9999	-9999
2000	1	11	2.359333	-0.999028	2.963680	-3.716100	0.454774	-9999	7.062870	-9999	-9999	-9999	-9999
2000	1	12	1.587799	1.792720	4.056550	-3.617440	0.226208	-9999	22.733900	-9999	-9999	-9999	-9999
2000	1	13	1.565300	2.706720	4.143250	1.687950	0.150709	-9999	10.530700	-9999	-9999	-9999	-9999
2000	1	14	3.194329	2.786190	4.530730	1.241910	0.550282	-9999	6.802890	-9999	-9999	-9999	-9999
2000	1	15	1.692248	-2.483830	4.164950	-4.820990	0.585806	-9999	6.107560	-9999	-9999	-9999	-9999
2000	1	16	1.229101	-3.629370	-2.150020	-4.722480	0.477403	-9999	6.100310	-9999	-9999	-9999	-9999
2000	1	17	3.095945	-4.274300	-1.624690	-6.126170	0.438860	-9999	7.952570	-9999	-9999	-9999	-9999
2000	1	18	2.453345	-6.161840	-2.942660	-9.035290	0.424317	-9999	4.847100	-9999	-9999	-9999	-9999
2000	1	19	3.992259	-8.461770	-5.496220	-10.689200	0.430624	-9999	0.338297	-9999	-9999	-9999	-9999
2000	1	20	2.964505	-10.186500	-7.927120	-12.515300	0.454024	-9999	1.100820	-9999	-9999	-9999	-9999
2000	1	21	3.562955	-12.265800	-9.556980	-14.050000	0.388851	-9999	1.117150	-9999	-9999	-9999	-9999
2000	1	22	4.203913	-14.248500	-11.345900	-16.294000	0.378871	-9999	0.301873	-9999	-9999	-9999	-9999
2000	1	23	3.887905	-16.458800	-13.347400	-18.211500	0.328603	-9999	2.899590	-9999	-9999	-9999	-9999
2000	1	24	3.675922	-15.024800	-11.840200	-18.025000	0.337935	-9999	3.376970	-9999	-9999	-9999	-9999
2000	1	25	4.388558	-13.873800	-9.593870	-16.676800	0.381141	-9999	0.565510	-9999	-9999	-9999	-9999
2000	1	26	4.462439	-12.525500	-8.675750	-17.813400	0.371931	-9999	1.596350	-9999	-9999	-9999	-9999
2000	1	27	4.000933	-10.113200	-7.550020	-12.180500	0.434573	-9999	2.749480	-9999	-9999	-9999	-9999
2000	1	28	3.879732	-5.552560	-1.756810	-11.128400	0.383980	-9999	4.083310	-9999	-9999	-9999	-9999
2000	1	29	5.278824	-0.740331	3.324340	-6.764990	1.566207	-9999	0.003899	-9999	-9999	-9999	-9999
2000	1	30	5.001065	-0.132543	4.324740	-4.030160	1.636625	-9999	0.000000	-9999	-9999	-9999	-9999
2000	1	31	4.061318	-1.087100	2.035280	-4.257330	0.681126	-9999	1.592020	-9999	-9999	-9999	-9999
2000	2	1	5.310446	-1.470950	2.406670	-5.324190	0.765660	-9999	1.370690	-9999	-9999	-9999	-9999
2000	2	2	4.262855	1.150780	4.410640	-2.356080	0.796193	-9999	6.226990	-9999	-9999	-9999	-9999
2000	2	3	3.215912	-1.879160	0.555749	-4.404230	0.510208	-9999	4.070420	-9999	-9999	-9999	-9999
2000	2	4	4.571873	0.349297	3.724910	-3.029420	0.572259	-9999	7.651780	-9999	-9999	-9999	-9999
2000	2	5	1.879217	-1.492500	1.205590	-3.512050	0.488138	-9999	2.633130	-9999	-9999	-9999	-9999
2000	2	6	5.793215	0.173455	3.332820	-3.647700	0.912585	-9999	0.579945	-9999	-9999	-9999	-9999
2000	2	7	5.686390	2.380460	5.326680	-1.536040	1.176090	-9999	0.073665	-9999	-9999	-9999	-9999
2000	2	8	6.028482	2.272330	4.745870	-0.343230	0.991645	-9999	0.000000	-9999	-9999	-9999	-9999
2000	2	9	5.374261	1.840810	5.573820	-1.250730	0.564352	-9999	0.330656	-9999	-9999	-9999	-9999
2000	2	10	3.345045	-1.997200	2.851650	-5.231230	0.450951	-9999	9.778420	-9999	-9999	-9999	-9999
2000	2	11	6.977828	-3.005710	2.228230	-6.566190	0.611280	-9999	0.494477	-9999	-9999	-9999	-9999
2000	2	12	6.882762	-2.869610	1.937040	-8.040620	0.697837	-9999	0.000000	-9999	-9999	-9999	-9999
2000	2	13	6.545414	1.305290	4.402610	-3.598450	1.203765	-9999	0.000008	-9999	-9999	-9999	-9999
2000	2	14	7.140546	2.453360	4.480130	0.538331	1.399427	-9999	0.000000	-9999	-9999	-9999	-9999
2000	2	15	7.055347	3.472010	6.732570	0.239351	1.405743	-9999	0.000000	-9999	-9999	-9999	-9999
2000	2	16	5.129896	2.240960	6.475550	0.903016	0.491059	-9999	0.293483	-9999	-9999	-9999	-9999
2000	2	17	6.688120	3.298390	6.149990	0.525605	1.343271	-9999	0.000000	-9999	-9999	-9999	-9999
2000	2	18	7.263743	2.403800	4.752740	0.444185	1.001486	-9999	0.002519	-9999	-9999	-9999	-9999
2000	2	19	6.223737	1.788570	3.512480	-0.406310	0.471116	-9999	0.196780	-9999	-9999	-9999	-9999
2000	2	20	6.746121	1.043690	3.249170	-1.615020	0.144751	-9999	0.005033	-9999	-9999	-9999	-9999
2000	2	21	8.253593	1.001270	4.478480	-3.451290	1.850128	-9999	0.000279	-9999	-9999	-9999	-9999
2000	2	22	8.573654	2.936970	6.962790	-0.858245	4.072312	-9999	0.000000	-9999	-9999	-9999	-9999
2000	2	23	7.504963	0.107415	3.691920	-3.979310	1.065044	-9999	1.160190	-9999	-9999	-9999	-9999
2000	2	24	5.330534	-3.545940	-0.679114	-6.046570	0.481801	-9999	1.579420	-9999	-9999	-9999	-9999
2000	2	25	2.707258	-4.397650	-1.922890	-6.570100	0.472724	-9999	3.279800	-9999	-9999	-9999	-9999
2000	2	26	4.318065	-2.133430	1.048520	-6.955630	0.303828	-9999	6.751310	-9999	-9999	-9999	-9999
2000	2	27	1.941088	-0.385627	1.802910	-2.808470	0.218286	-9999	4.504430	-9999	-9999	-9999	-9999
2000	2	28	9.247306	0.171776	2.961820	-1.829160	0.531398	-9999	5.017370	-9999	-9999	-9999	-9999
2000	2	29	6.478065	0.075463	2.396200	-2.399780	93.649000	-9999	13.024700	-9999	-9999	-9999	-9999
2000	3	1	4.967594	-5.603210	3.576990	-11.345600	0.587205	-9999	12.448200	-9999	-9999	-9999	-9999
2000	3	2	5.126095	-5.926540	-3.429730	-11.072400	0.537947	-9999	13.830400	-9999	-9999	-9999	-9999
2000	3	3	5.466537	-4.559230	-2.245770	-6.732840	0.571270	-9999	11.696500	-9999	-9999	-9999	-9999
2000	3	4	7.609905	-0.897732	2.922540	-6.905600	0.614360	-9999	8.061210	-9999	-9999	-9999	-9999
2000	3	5	9.640599	2.156130	5.048760	-0.744192	0.753854	-9999	2.197860	-9999	-9999	-9999	-9999
2000	3	6	10.448266	2.382970	6.434320	-1.222740	1.106648	-9999	0.000000	-9999	-9999	-9999	-9999
2000	3	7	9.580378	2.212710	5.131550	-0.819113	0.780757	-9999	2.033340	-9999	-9999	-9999	-9999
2000	3	8	8.767872	2.750860	5.866930	-0.649313	0.739204	-9999	0.121436	-9999	-9999	-9999	-9999
2000	3	9	5.143902	1.923830	4.390220	0.185496	0.460427	-9999	6.878720	-9999	-9999	-9999	-9999
2000	3	10	7.039112	2.586060	4.707850	-0.596975	0.455060	-9999	9.697580	-9999	-9999	-9999	-9999
2000	3	11	5.634170	2.414370	4.780480	0.215861	0.483961	-9999	2.338610	-9999	-9999	-9999	-9999
2000	3	12	12.023337	2.156590	6.007220	-1.721180	1.034241	-9999	0.000000	-9999	-9999	-9999	-9999
2000	3	13	10.869034	3.037420	6.001490	-0.497183	1.256527	-9999	1.647070	-9999	-9999	-9999	-9999
2000	3	14	11.998713	3.497170	6.760310	0.938852	0.806814	-9999	0.537233	-9999	-9999	-9999	-9999
2000	3	15	11.243751	3.865910	6.043080	0.994791	0.858307	-9999	0.000002	-9999	-9999	-9999	-9999
2000	3	16	7.628982	5.546270	7.298360	2.170300	1.134548	-9999	0.139123	-9999	-9999	-9999	-9999
2000	3	17	10.229846	4.869300	7.026180	2.818740	0.551300	-9999	1.431530	-9999	-9999	-9999	-9999
2000	3	18	12.733718	4.367590	7.435600	-0.389730	1.025769	-9999	0.653194	-9999	-9999	-9999	-9999
2000	3	19	8.615609	3.146980	6.125390	-0.458639	0.740725	-9999	0.507272	-9999	-9999	-9999	-9999
2000	3	20	11.394864	3.452430	5.910880	0.993113	0.878514	-9999	3.942480	-9999	-9999	-9999	-9999
2000	3	21	9.810115	3.060580	5.480800	0.644205	0.625282	-9999	2.013900	-9999	-9999	-9999	-9999
2000	3	22	13.986432	3.059850	7.758960	0.214213	1.042332	-9999	0.039377	-9999	-9999	-9999	-9999
2000	3	23	13.583721	3.424320	8.878780	0.133158	1.504557	-9999	2.598310	-9999	-9999	-9999	-9999
2000	3	24	12.584506	4.574410	9.128290	0.133524	1.142223	-9999	14.702400	-9999	-9999	-9999	-9999
2000	3	25	4.986317	1.303930	4.058620	-0.685049	0.302049	-9999	15.836800	-9999	-9999	-9999	-9999
2000	3	26	10.185610	2.597320	5.512380	-1.430470	0.501747	-9999	3.918070	-9999	-9999	-9999	-9999
2000	3	27	6.165634	3.178810	5.145870	1.551460	0.288948	-9999	19.800900	-9999	-9999	-9999	-9999
2000	3	28	14.202432	3.722870	6.611530	0.146006	1.008193	-9999	0.705508	-9999	-9999	-9999	-9999
2000	3	29	12.906432	4.544590	9.599810	-0.138815	1.527578	-9999	4.062260	-9999	-9999	-9999	-9999
2000	3	30	8.869392	2.107460	4.947680	0.241617	0.867468	-9999	3.823400	-9999	-9999	-9999	-9999
2000	3	31	7.892372	1.032050	4.169460	-1.611870	0.790215	-9999	9.201430	-9999	-9999	-9999	-9999
2000	4	1	7.170552	-1.421130	1.589450	-4.260540	0.559667	-9999	3.659610	-9999	-9999	-9999	-9999
2000	4	2	4.328588	0.555674	3.127840	-3.262220	0.204653	-9999	6.202170	-9999	-9999	-9999	-9999
2000	4	3	4.428778	1.046820	3.228150	-2.108040	0.150140	-9999	2.648900	-9999	-9999	-9999	-9999
2000	4	4	9.572947	-2.708240	0.174380	-5.130170	0.619535	-9999	0.600358	-9999	-9999	-9999	-9999
2000	4	5	16.738013	-0.548635	3.617010	-9.566870	1.885685	-9999	0.002675	-9999	-9999	-9999	-9999
2000	4	6	17.446925	3.928870	10.907100	-1.548990	2.393583	-9999	0.000000	-9999	-9999	-9999	-9999
2000	4	7	17.641411	3.407240	8.847930	-1.366040	1.081937	-9999	0.000044	-9999	-9999	-9999	-9999
2000	4	8	16.176586	4.713850	10.952900	-0.120310	1.814095	-9999	0.000013	-9999	-9999	-9999	-9999
2000	4	9	10.993104	5.621350	10.646700	0.995291	1.476647	-9999	1.992320	-9999	-9999	-9999	-9999
2000	4	10	9.711446	0.857065	5.795600	-2.110700	1.103078	-9999	4.248820	-9999	-9999	-9999	-9999
2000	4	11	10.490601	0.886057	4.323890	-2.920480	1.769928	-9999	0.102043	-9999	-9999	-9999	-9999
2000	4	12	15.060729	1.276830	6.210670	-3.682320	1.594933	-9999	0.055453	-9999	-9999	-9999	-9999
2000	4	13	13.899773	3.682690	8.101590	-2.037000	1.614423	-9999	2.309250	-9999	-9999	-9999	-9999
2000	4	14	9.498556	5.338570	9.865270	2.283380	1.271215	-9999	4.827500	-9999	-9999	-9999	-9999
2000	4	15	12.005367	5.274670	9.908720	0.982412	1.029152	-9999	4.371680	-9999	-9999	-9999	-9999
2000	4	16	15.377644	4.936810	10.563900	0.793905	1.619559	-9999	3.183900	-9999	-9999	-9999	-9999
2000	4	17	13.123036	5.904250	11.357700	1.105030	1.111224	-9999	9.182320	-9999	-9999	-9999	-9999
2000	4	18	15.663975	4.545360	10.177800	0.568380	1.415022	-9999	2.039700	-9999	-9999	-9999	-9999
2000	4	19	7.035302	3.060160	6.249000	0.668112	0.598250	-9999	13.717700	-9999	-9999	-9999	-9999
2000	4	20	16.751318	3.886090	9.272770	-0.103983	1.613791	-9999	2.253130	-9999	-9999	-9999	-9999
2000	4	21	17.496432	6.073190	10.588000	0.714498	1.631606	-9999	1.033140	-9999	-9999	-9999	-9999
2000	4	22	18.824400	6.731360	12.568100	2.686090	1.903469	-9999	1.677870	-9999	-9999	-9999	-9999
2000	4	23	19.096819	9.855360	16.328600	2.629720	2.133053	-9999	0.000000	-9999	-9999	-9999	-9999
2000	4	24	19.217520	13.445400	19.559500	6.024740	4.363828	-9999	3.724470	-9999	-9999	-9999	-9999
2000	4	25	19.055175	14.140500	21.439900	9.616020	3.634975	-9999	0.165105	-9999	-9999	-9999	-9999
2000	4	26	16.978464	11.897500	16.384700	8.148060	2.255347	-9999	5.623690	-9999	-9999	-9999	-9999
2000	4	27	11.817274	11.448400	16.727100	6.971090	1.612154	-9999	5.161440	-9999	-9999	-9999	-9999
2000	4	28	21.409748	9.899180	17.443800	4.846790	4.480965	-9999	0.000000	-9999	-9999	-9999	-9999
2000	4	29	21.053002	10.966300	18.210400	4.413530	6.137607	-9999	0.000000	-9999	-9999	-9999	-9999
2000	4	30	17.030995	10.392500	17.438500	5.760920	3.598804	-9999	3.904750	-9999	-9999	-9999	-9999
2000	5	1	14.028077	6.023130	11.556100	-0.801903	2.503983	-9999	1.906170	-9999	-9999	-9999	-9999
2000	5	2	7.555602	-0.160588	2.641790	-2.870630	0.697613	-9999	8.143490	-9999	-9999	-9999	-9999
2000	5	3	14.787274	1.378780	6.239850	-3.691550	1.141200	-9999	0.155995	-9999	-9999	-9999	-9999
2000	5	4	18.017252	4.966300	9.549200	-0.624596	1.840026	-9999	0.541617	-9999	-9999	-9999	-9999
2000	5	5	16.139520	7.518980	11.931300	2.072150	1.908640	-9999	0.849086	-9999	-9999	-9999	-9999
2000	5	6	16.490822	9.623680	14.983800	5.104040	2.586578	-9999	0.024414	-9999	-9999	-9999	-9999
2000	5	7	20.887027	13.349400	20.307200	5.601230	5.175797	-9999	0.004038	-9999	-9999	-9999	-9999
2000	5	8	10.750320	12.061300	16.566800	8.238900	1.610298	-9999	6.025610	-9999	-9999	-9999	-9999
2000	5	9	17.496000	14.066800	19.255300	8.061410	4.514204	-9999	0.428233	-9999	-9999	-9999	-9999
2000	5	10	14.811898	12.989800	18.359000	8.004770	2.332550	-9999	2.011440	-9999	-9999	-9999	-9999
2000	5	11	17.922471	14.846900	21.751500	8.445080	3.164095	-9999	0.058135	-9999	-9999	-9999	-9999
2000	5	12	20.543932	16.126900	24.051600	9.946660	4.369914	-9999	0.000632	-9999	-9999	-9999	-9999
2000	5	13	17.895860	16.451600	23.953200	9.671520	4.371272	-9999	6.791890	-9999	-9999	-9999	-9999
2000	5	14	4.973901	13.437700	17.090600	10.710400	1.060433	-9999	12.302300	-9999	-9999	-9999	-9999
2000	5	15	17.275334	14.095100	19.317500	9.394420	2.390708	-9999	5.419780	-9999	-9999	-9999	-9999
2000	5	16	6.041589	8.846800	13.419000	4.364690	1.504844	-9999	11.669200	-9999	-9999	-9999	-9999
2000	5	17	9.642326	7.649650	12.099600	2.614200	1.585008	-9999	2.840160	-9999	-9999	-9999	-9999
2000	5	18	22.019904	9.511650	14.989400	3.070440	2.580796	-9999	0.000000	-9999	-9999	-9999	-9999
2000	5	19	21.442061	13.058400	18.858800	5.789860	3.826760	-9999	0.000000	-9999	-9999	-9999	-9999
2000	5	20	22.161858	15.438200	23.280200	7.192120	3.920135	-9999	0.165937	-9999	-9999	-9999	-9999
2000	5	21	22.264071	17.071800	25.424000	10.675900	5.033575	-9999	0.000000	-9999	-9999	-9999	-9999
2000	5	22	23.439889	16.292400	24.343700	9.602700	5.886784	-9999	0.235306	-9999	-9999	-9999	-9999
2000	5	23	5.182341	7.534170	13.162200	3.133090	1.401846	-9999	19.836800	-9999	-9999	-9999	-9999
2000	5	24	15.780356	7.201050	11.347500	1.534550	2.409481	-9999	2.504470	-9999	-9999	-9999	-9999
2000	5	25	14.296348	7.362420	11.698300	2.750860	2.606485	-9999	1.967990	-9999	-9999	-9999	-9999
2000	5	26	19.275321	11.165700	16.890100	2.839090	2.786066	-9999	0.433073	-9999	-9999	-9999	-9999
2000	5	27	10.842163	11.378100	15.407100	6.928170	1.838612	-9999	5.145470	-9999	-9999	-9999	-9999
2000	5	28	12.023252	6.655480	10.632700	1.992870	1.852689	-9999	5.675600	-9999	-9999	-9999	-9999
2000	5	29	22.472121	10.226300	18.043000	1.857760	3.064693	-9999	0.002539	-9999	-9999	-9999	-9999
2000	5	30	20.168006	13.378600	19.836000	5.884650	3.237115	-9999	0.173067	-9999	-9999	-9999	-9999
2000	5	31	11.841811	14.194400	18.330800	8.107280	2.012723	-9999	4.105510	-9999	-9999	-9999	-9999
2000	6	1	17.547235	14.089000	19.859900	9.614840	3.186168	-9999	0.216139	-9999	-9999	-9999	-9999
2000	6	2	18.584899	10.515100	15.484600	5.476140	3.094938	-9999	7.631520	-9999	-9999	-9999	-9999
2000	6	3	13.804474	8.529330	12.745400	4.709570	1.815639	-9999	11.308900	-9999	-9999	-9999	-9999
2000	6	4	8.679312	6.931370	10.120500	4.712950	1.520038	-9999	7.657520	-9999	-9999	-9999	-9999
2000	6	5	8.405459	6.446630	10.291900	3.338810	1.656559	-9999	3.519770	-9999	-9999	-9999	-9999
2000	6	6	11.225175	5.590920	7.992510	2.087860	1.229915	-9999	5.640880	-9999	-9999	-9999	-9999
2000	6	7	18.980351	11.730400	17.483900	4.062620	2.752348	-9999	0.730450	-9999	-9999	-9999	-9999
2000	6	8	10.971072	12.283300	16.313200	8.176330	1.642339	-9999	4.171100	-9999	-9999	-9999	-9999
2000	6	9	8.560754	12.150700	15.655700	8.485050	1.661296	-9999	5.860100	-9999	-9999	-9999	-9999
2000	6	10	16.788816	12.921600	17.454400	8.108280	2.444487	-9999	0.481186	-9999	-9999	-9999	-9999
2000	6	11	5.586063	11.168200	14.454400	6.753240	1.713831	-9999	11.116800	-9999	-9999	-9999	-9999
2000	6	12	10.859097	10.445800	14.182900	5.757450	1.565646	-9999	17.743800	-9999	-9999	-9999	-9999
2000	6	13	5.164569	8.597140	10.721800	6.518830	1.313870	-9999	3.095080	-9999	-9999	-9999	-9999
2000	6	14	8.487547	8.901590	12.379800	5.295020	1.799459	-9999	0.219242	-9999	-9999	-9999	-9999
2000	6	15	5.286695	8.435130	10.953200	5.206390	1.207201	-9999	6.852440	-9999	-9999	-9999	-9999
2000	6	16	20.570976	11.147100	16.420500	6.010960	2.839782	-9999	0.145080	-9999	-9999	-9999	-9999
2000	6	17	24.090049	14.952700	21.671600	7.738280	3.912396	-9999	0.000000	-9999	-9999	-9999	-9999
2000	6	18	19.393690	15.814700	21.866000	9.863130	3.493149	-9999	0.543948	-9999	-9999	-9999	-9999
2000	6	19	16.544822	17.060200	23.845600	11.431500	5.469926	-9999	0.079491	-9999	-9999	-9999	-9999
2000	6	20	10.482221	12.620300	19.774900	9.916450	1.517673	-9999	3.130850	-9999	-9999	-9999	-9999
2000	6	21	7.519919	10.089000	14.860600	5.700010	1.282259	-9999	0.620002	-9999	-9999	-9999	-9999
2000	6	22	23.289984	12.600900	18.503800	5.174960	3.319976	-9999	0.298354	-9999	-9999	-9999	-9999
2000	6	23	16.338586	14.579900	19.527200	9.666080	3.123626	-9999	1.741670	-9999	-9999	-9999	-9999
2000	6	24	22.951727	16.139100	23.544900	9.261200	4.636662	-9999	0.000000	-9999	-9999	-9999	-9999
2000	6	25	17.503603	14.862500	23.202600	9.783140	2.952280	-9999	4.158910	-9999	-9999	-9999	-9999
2000	6	26	7.854356	11.940700	15.267300	9.460210	1.051721	-9999	27.556700	-9999	-9999	-9999	-9999
2000	6	27	5.294117	12.443500	15.105200	10.700800	0.609287	-9999	21.360200	-9999	-9999	-9999	-9999
2000	6	28	5.141630	12.510000	17.513100	10.196100	1.118590	-9999	24.840900	-9999	-9999	-9999	-9999
2000	6	29	23.369041	14.281000	19.619100	8.754580	3.557098	-9999	0.000000	-9999	-9999	-9999	-9999
2000	6	30	19.747325	15.487600	21.888600	9.715090	3.870539	-9999	0.359964	-9999	-9999	-9999	-9999
2000	7	1	16.212701	15.234400	19.852800	10.444200	2.134123	-9999	5.363700	-9999	-9999	-9999	-9999
2000	7	2	12.406435	15.928300	19.747100	10.519000	2.061461	-9999	15.696500	-9999	-9999	-9999	-9999
2000	7	3	20.939904	15.840100	21.470500	10.566300	2.577684	-9999	3.314290	-9999	-9999	-9999	-9999
2000	7	4	11.085206	9.943470	13.599700	7.406530	3.054255	-9999	16.266600	-9999	-9999	-9999	-9999
2000	7	5	18.656784	13.240100	17.488100	6.942870	2.452786	-9999	3.553390	-9999	-9999	-9999	-9999
2000	7	6	10.063526	15.209000	17.860500	11.128800	2.056986	-9999	9.779760	-9999	-9999	-9999	-9999
2000	7	7	6.671912	13.346800	18.412300	10.347400	1.011196	-9999	13.822700	-9999	-9999	-9999	-9999
2000	7	8	2.833186	11.324400	13.327000	9.505950	0.743797	-9999	23.820500	-9999	-9999	-9999	-9999
2000	7	9	6.292529	11.479400	13.916500	9.039830	1.393548	-9999	2.754840	-9999	-9999	-9999	-9999
2000	7	10	4.428536	12.074400	14.115800	9.402310	0.980027	-9999	9.762710	-9999	-9999	-9999	-9999
2000	7	11	9.314611	11.941300	15.451000	10.046000	1.738353	-9999	10.682500	-9999	-9999	-9999	-9999
2000	7	12	5.640053	11.934100	15.040500	9.351930	1.345734	-9999	3.419670	-9999	-9999	-9999	-9999
2000	7	13	18.082915	13.568600	17.951900	8.855410	2.267221	-9999	0.851826	-9999	-9999	-9999	-9999
2000	7	14	20.729951	16.344700	21.627200	9.740720	3.359439	-9999	0.174706	-9999	-9999	-9999	-9999
2000	7	15	21.815827	16.851700	22.862900	11.437600	3.588917	-9999	1.109540	-9999	-9999	-9999	-9999
2000	7	16	11.518329	14.523700	18.447300	10.794400	1.958196	-9999	16.005000	-9999	-9999	-9999	-9999
2000	7	17	19.274112	12.878800	17.091500	9.434820	2.708221	-9999	6.469810	-9999	-9999	-9999	-9999
2000	7	18	18.452189	15.706600	22.871700	9.152590	3.299279	-9999	22.682600	-9999	-9999	-9999	-9999
2000	7	19	12.421123	12.710500	17.380200	9.292080	2.031896	-9999	1.612970	-9999	-9999	-9999	-9999
2000	7	20	17.240602	16.728300	22.389000	9.759370	3.680167	-9999	1.346110	-9999	-9999	-9999	-9999
2000	7	21	22.360235	18.299500	24.691500	11.597900	4.971676	-9999	0.122586	-9999	-9999	-9999	-9999
2000	7	22	12.125894	17.679600	22.461600	13.659500	2.706167	-9999	8.517630	-9999	-9999	-9999	-9999
2000	7	23	19.342887	19.090700	24.172700	14.405600	3.051232	-9999	0.382897	-9999	-9999	-9999	-9999
2000	7	24	20.292077	20.971800	27.143000	14.306500	4.552109	-9999	0.176784	-9999	-9999	-9999	-9999
2000	7	25	14.812934	20.858600	26.032400	15.767100	2.882028	-9999	5.387000	-9999	-9999	-9999	-9999
2000	7	26	10.748592	20.664100	25.591400	16.339700	3.131584	-9999	7.335080	-9999	-9999	-9999	-9999
2000	7	27	19.229616	20.995900	28.006800	15.665800	5.016280	-9999	0.063523	-9999	-9999	-9999	-9999
2000	7	28	20.192112	20.244300	26.691300	15.207200	6.832791	-9999	0.000035	-9999	-9999	-9999	-9999
2000	7	29	5.068328	10.441800	18.234400	7.544620	1.922987	-9999	40.699900	-9999	-9999	-9999	-9999
2000	7	30	12.455683	11.760700	15.466600	7.959840	2.986421	-9999	0.091706	-9999	-9999	-9999	-9999
2000	7	31	19.510589	15.922100	22.412900	8.918310	3.795266	-9999	2.016720	-9999	-9999	-9999	-9999
2000	8	1	17.393529	17.837700	22.818500	12.764800	2.992027	-9999	0.450338	-9999	-9999	-9999	-9999
2000	8	2	21.349181	19.654100	26.504400	13.598200	4.350872	-9999	0.000000	-9999	-9999	-9999	-9999
2000	8	3	17.161805	20.255700	27.413600	14.882000	2.908608	-9999	0.000007	-9999	-9999	-9999	-9999
2000	8	4	2.392727	12.745600	18.004700	10.798000	2.073722	-9999	1.142140	-9999	-9999	-9999	-9999
2000	8	5	20.131460	15.791700	23.224900	8.694960	4.081327	-9999	0.235191	-9999	-9999	-9999	-9999
2000	8	6	11.249452	15.086600	20.196800	11.833300	2.518942	-9999	0.001683	-9999	-9999	-9999	-9999
2000	8	7	19.219507	19.696400	27.427700	11.923300	6.140674	-9999	0.354486	-9999	-9999	-9999	-9999
2000	8	8	20.537194	19.899100	27.995900	13.814600	6.795899	-9999	0.000000	-9999	-9999	-9999	-9999
2000	8	9	2.524375	13.766900	18.518400	10.023400	1.198224	-9999	0.833278	-9999	-9999	-9999	-9999
2000	8	10	1.041172	10.732400	12.279600	9.360120	0.670865	-9999	6.029380	-9999	-9999	-9999	-9999
2000	8	11	2.245398	10.804000	12.704500	8.951650	0.651023	-9999	19.627700	-9999	-9999	-9999	-9999
2000	8	12	3.067330	11.313000	13.460600	8.966450	0.672584	-9999	22.279200	-9999	-9999	-9999	-9999
2000	8	13	5.130648	9.929180	12.789500	6.683270	1.557218	-9999	1.096440	-9999	-9999	-9999	-9999
2000	8	14	20.169562	12.301900	18.021700	5.992420	1.823728	-9999	0.000000	-9999	-9999	-9999	-9999
2000	8	15	18.372874	15.200700	20.676400	9.193960	3.226957	-9999	0.000002	-9999	-9999	-9999	-9999
2000	8	16	7.162992	14.242800	18.788800	9.011400	2.709925	-9999	1.645270	-9999	-9999	-9999	-9999
2000	8	17	8.683805	11.221700	14.639000	7.704270	2.284498	-9999	2.174570	-9999	-9999	-9999	-9999
2000	8	18	4.019078	11.608900	13.909200	9.431140	1.087113	-9999	16.053700	-9999	-9999	-9999	-9999
2000	8	19	13.345345	13.584900	17.882600	9.566730	2.451587	-9999	0.359898	-9999	-9999	-9999	-9999
2000	8	20	17.830195	16.984800	22.462900	10.883300	2.808973	-9999	1.244160	-9999	-9999	-9999	-9999
2000	8	21	6.786763	15.643400	19.625500	13.367600	1.628743	-9999	5.263550	-9999	-9999	-9999	-9999
2000	8	22	11.802759	15.506200	22.700100	12.082600	1.839217	-9999	14.995500	-9999	-9999	-9999	-9999
2000	8	23	2.564119	12.503200	14.021200	10.421300	0.986828	-9999	17.466700	-9999	-9999	-9999	-9999
2000	8	24	10.035360	11.632300	15.278900	9.051290	1.837880	-9999	1.503560	-9999	-9999	-9999	-9999
2000	8	25	9.397469	13.668700	17.743100	9.058400	1.996731	-9999	2.792330	-9999	-9999	-9999	-9999
2000	8	26	2.449552	9.804480	13.902900	6.078600	1.412265	-9999	14.397000	-9999	-9999	-9999	-9999
2000	8	27	11.041834	8.906600	12.688100	5.251720	2.612604	-9999	0.136936	-9999	-9999	-9999	-9999
2000	8	28	15.234998	12.625000	17.741000	6.571120	2.719540	-9999	3.265940	-9999	-9999	-9999	-9999
2000	8	29	8.562465	11.184100	13.682600	9.049030	2.116196	-9999	2.381770	-9999	-9999	-9999	-9999
2000	8	30	4.718269	12.504600	16.012300	9.417980	1.356083	-9999	8.602820	-9999	-9999	-9999	-9999
2000	8	31	8.850384	10.632700	13.621700	8.118450	1.795417	-9999	2.051040	-9999	-9999	-9999	-9999
2000	9	1	12.118723	12.465000	17.155900	8.275220	1.677806	-9999	0.856463	-9999	-9999	-9999	-9999
2000	9	2	2.787705	8.965960	12.004200	5.579200	1.162761	-9999	1.116510	-9999	-9999	-9999	-9999
2000	9	3	8.585724	5.771620	9.382450	2.658490	1.502564	-9999	1.207380	-9999	-9999	-9999	-9999
2000	9	4	16.515532	7.519090	14.606500	1.337630	2.835837	-9999	0.000289	-9999	-9999	-9999	-9999
2000	9	5	5.206775	6.809530	9.522370	4.187300	1.278419	-9999	8.919370	-9999	-9999	-9999	-9999
2000	9	6	7.545666	6.047140	10.050300	1.264050	1.021598	-9999	15.559200	-9999	-9999	-9999	-9999
2000	9	7	7.685306	5.115310	8.155580	2.954230	1.112748	-9999	10.150500	-9999	-9999	-9999	-9999
2000	9	8	4.938667	7.127340	9.745120	2.037670	0.842734	-9999	4.905980	-9999	-9999	-9999	-9999
2000	9	9	11.945578	12.340900	17.536000	6.461040	2.519931	-9999	2.326910	-9999	-9999	-9999	-9999
2000	9	10	12.040790	14.729300	20.326300	9.560620	3.280643	-9999	0.849797	-9999	-9999	-9999	-9999
2000	9	11	3.659775	13.249900	16.941300	11.054500	1.182104	-9999	2.977040	-9999	-9999	-9999	-9999
2000	9	12	4.676314	14.992900	18.739700	11.773600	1.628749	-9999	0.317614	-9999	-9999	-9999	-9999
2000	9	13	8.550731	16.423900	20.265800	12.086500	1.712364	-9999	1.130060	-9999	-9999	-9999	-9999
2000	9	14	6.537845	12.738100	20.004200	7.908060	1.860348	-9999	3.314380	-9999	-9999	-9999	-9999
2000	9	15	6.034323	9.758200	13.768400	6.319770	1.879410	-9999	0.000000	-9999	-9999	-9999	-9999
2000	9	16	14.179277	14.192100	20.805700	6.168740	2.916034	-9999	0.000000	-9999	-9999	-9999	-9999
2000	9	17	9.367488	16.088900	21.123000	11.503800	2.544129	-9999	0.000000	-9999	-9999	-9999	-9999
2000	9	18	3.235196	11.064000	18.200000	8.158000	0.834332	-9999	3.842700	-9999	-9999	-9999	-9999
2000	9	19	3.435351	10.576900	12.547700	8.129280	0.742671	-9999	4.912280	-9999	-9999	-9999	-9999
2000	9	20	3.203384	11.216300	15.531900	8.461650	0.925528	-9999	3.350440	-9999	-9999	-9999	-9999
2000	9	21	2.756160	9.513480	11.230700	7.164930	1.017736	-9999	1.828700	-9999	-9999	-9999	-9999
2000	9	22	8.748086	11.033100	14.981400	8.514170	1.251608	-9999	0.903682	-9999	-9999	-9999	-9999
2000	9	23	12.861849	11.963400	17.325300	8.074050	2.032935	-9999	0.000000	-9999	-9999	-9999	-9999
2000	9	24	11.791441	14.863800	19.342600	8.103280	3.413169	-9999	0.287919	-9999	-9999	-9999	-9999
2000	9	25	5.218646	13.779700	16.337300	10.097400	1.762457	-9999	3.952440	-9999	-9999	-9999	-9999
2000	9	26	6.258142	15.731500	20.045500	12.260100	1.656292	-9999	1.242440	-9999	-9999	-9999	-9999
2000	9	27	4.945458	13.138700	18.270300	9.033430	1.319702	-9999	0.385751	-9999	-9999	-9999	-9999
2000	9	28	11.017037	13.820800	19.655500	8.715890	2.465985	-9999	0.011473	-9999	-9999	-9999	-9999
2000	9	29	11.709014	14.911300	20.949100	10.968300	2.231530	-9999	0.025079	-9999	-9999	-9999	-9999
2000	9	30	10.369901	15.187000	20.797900	10.513300	2.777228	-9999	0.000000	-9999	-9999	-9999	-9999
2000	10	1	8.431223	17.161700	21.790900	13.798400	3.552179	-9999	0.748284	-9999	-9999	-9999	-9999
2000	10	2	5.626290	16.434100	19.113600	13.294300	3.058874	-9999	5.678350	-9999	-9999	-9999	-9999
2000	10	3	10.974615	11.490200	17.948600	5.760740	2.412148	-9999	5.731400	-9999	-9999	-9999	-9999
2000	10	4	10.117440	9.386700	14.197600	5.611390	2.209588	-9999	0.001863	-9999	-9999	-9999	-9999
2000	10	5	5.785016	8.221970	11.507300	4.252530	1.115341	-9999	0.298347	-9999	-9999	-9999	-9999
2000	10	6	6.174282	7.954050	11.761800	5.075650	0.999849	-9999	0.319910	-9999	-9999	-9999	-9999
2000	10	7	10.074672	7.311450	12.367100	3.541170	1.135901	-9999	0.000047	-9999	-9999	-9999	-9999
2000	10	8	4.275400	5.722730	8.953570	2.555850	0.796420	-9999	0.026001	-9999	-9999	-9999	-9999
2000	10	9	10.768464	4.616380	10.790300	0.765044	1.851487	-9999	0.000000	-9999	-9999	-9999	-9999
2000	10	10	9.695722	6.915690	13.649800	0.466643	1.208084	-9999	0.004082	-9999	-9999	-9999	-9999
2000	10	11	9.947059	6.222580	11.047500	2.947330	1.586277	-9999	0.101420	-9999	-9999	-9999	-9999
2000	10	12	9.755251	9.609790	16.420300	3.862790	3.750238	-9999	0.000000	-9999	-9999	-9999	-9999
2000	10	13	9.742378	10.239600	17.832800	5.856200	5.039474	-9999	0.000000	-9999	-9999	-9999	-9999
2000	10	14	9.681120	9.618760	17.595500	5.268460	5.534500	-9999	0.000000	-9999	-9999	-9999	-9999
2000	10	15	9.578909	9.932570	18.141300	4.965510	6.414169	-9999	0.000000	-9999	-9999	-9999	-9999
2000	10	16	9.100512	9.870220	16.950500	5.551820	4.417764	-9999	0.000000	-9999	-9999	-9999	-9999
2000	10	17	4.951117	9.378710	13.941900	4.802490	1.329701	-9999	1.491730	-9999	-9999	-9999	-9999
2000	10	18	6.000601	10.580700	16.700700	5.321930	1.673417	-9999	1.553430	-9999	-9999	-9999	-9999
2000	10	19	8.721216	7.567090	13.797300	3.630610	2.536577	-9999	0.021034	-9999	-9999	-9999	-9999
2000	10	20	8.491383	8.834490	15.054400	3.986020	3.451739	-9999	0.000000	-9999	-9999	-9999	-9999
2000	10	21	6.849265	8.940780	15.715000	4.238070	2.224520	-9999	0.000000	-9999	-9999	-9999	-9999
2000	10	22	7.757260	9.420120	16.769900	4.970340	1.862742	-9999	0.000000	-9999	-9999	-9999	-9999
2000	10	23	7.754745	10.113100	16.844700	5.531280	1.971960	-9999	0.000000	-9999	-9999	-9999	-9999
2000	10	24	6.996879	10.909900	16.742000	5.349940	2.226209	-9999	0.000000	-9999	-9999	-9999	-9999
2000	10	25	0.624863	8.147410	11.568300	5.706360	0.198060	-9999	0.475367	-9999	-9999	-9999	-9999
2000	10	26	3.055821	8.676560	12.268100	5.099910	0.582283	-9999	0.002669	-9999	-9999	-9999	-9999
2000	10	27	7.323229	10.035600	16.140500	4.780910	1.699784	-9999	0.000002	-9999	-9999	-9999	-9999
2000	10	28	1.354173	6.502700	9.359630	3.832090	0.608015	-9999	3.812960	-9999	-9999	-9999	-9999
2000	10	29	3.752689	0.633772	6.721420	-3.540650	0.896555	-9999	1.726300	-9999	-9999	-9999	-9999
2000	10	30	7.188471	0.202772	3.660570	-4.320710	1.962529	-9999	0.013639	-9999	-9999	-9999	-9999
2000	10	31	6.813227	4.957960	8.388720	-1.716490	4.042523	-9999	0.000000	-9999	-9999	-9999	-9999
2000	11	1	6.707517	8.623960	14.402200	4.826640	3.247536	-9999	0.000000	-9999	-9999	-9999	-9999
2000	11	2	6.591654	9.247070	15.337300	5.327370	2.632847	-9999	0.000000	-9999	-9999	-9999	-9999
2000	11	3	6.157676	7.730190	13.621500	4.819370	2.881746	-9999	0.000000	-9999	-9999	-9999	-9999
2000	11	4	6.201853	7.881040	14.492800	4.674570	1.629150	-9999	0.000000	-9999	-9999	-9999	-9999
2000	11	5	5.673206	8.068080	12.702700	4.233590	0.975917	-9999	0.000000	-9999	-9999	-9999	-9999
2000	11	6	5.503758	8.574160	14.452500	5.311130	1.063005	-9999	0.000000	-9999	-9999	-9999	-9999
2000	11	7	4.528958	9.775020	14.146700	5.519320	1.899409	-9999	1.809670	-9999	-9999	-9999	-9999
2000	11	8	5.546578	6.907960	11.812600	4.231880	1.459610	-9999	0.323569	-9999	-9999	-9999	-9999
2000	11	9	5.316175	7.864010	12.242400	3.840460	1.040972	-9999	16.720400	-9999	-9999	-9999	-9999
2000	11	10	1.886665	2.368100	5.575920	0.066047	0.159845	-9999	19.527900	-9999	-9999	-9999	-9999
2000	11	11	4.422868	-1.429470	3.576830	-3.981960	0.716797	-9999	0.096959	-9999	-9999	-9999	-9999
2000	11	12	3.937551	3.663940	5.802240	-3.674340	0.772114	-9999	6.453230	-9999	-9999	-9999	-9999
2000	11	13	1.044913	3.478760	5.975790	2.065960	0.124207	-9999	8.254260	-9999	-9999	-9999	-9999
2000	11	14	1.093729	6.467830	8.575430	3.295540	0.365022	-9999	1.452930	-9999	-9999	-9999	-9999
2000	11	15	3.131611	8.243620	12.448400	3.894200	2.007058	-9999	0.012548	-9999	-9999	-9999	-9999
2000	11	16	1.462519	7.257570	10.307500	4.741980	0.558466	-9999	11.466800	-9999	-9999	-9999	-9999
2000	11	17	1.700585	3.977540	7.061730	1.905560	0.861599	-9999	5.746690	-9999	-9999	-9999	-9999
2000	11	18	1.246458	1.103180	3.807390	-0.783226	0.536129	-9999	14.915600	-9999	-9999	-9999	-9999
2000	11	19	1.000789	2.808350	4.994440	-0.803582	0.241924	-9999	1.302390	-9999	-9999	-9999	-9999
2000	11	20	4.359346	4.946170	7.366780	0.945472	2.404389	-9999	0.000000	-9999	-9999	-9999	-9999
2000	11	21	4.262285	5.763030	9.969410	3.580540	2.666904	-9999	0.000000	-9999	-9999	-9999	-9999
2000	11	22	2.749429	5.318180	7.968500	2.969250	1.014420	-9999	2.009930	-9999	-9999	-9999	-9999
2000	11	23	1.179593	3.981380	6.685660	1.397160	0.795505	-9999	1.854090	-9999	-9999	-9999	-9999
2000	11	24	3.858806	4.920350	7.699060	1.395330	2.788460	-9999	0.000042	-9999	-9999	-9999	-9999
2000	11	25	2.692051	4.273040	8.039240	1.778510	0.869847	-9999	2.879960	-9999	-9999	-9999	-9999
2000	11	26	4.253748	2.773220	5.495780	1.053990	0.979337	-9999	0.024053	-9999	-9999	-9999	-9999
2000	11	27	2.108575	2.756680	4.814780	0.843788	0.666840	-9999	8.571130	-9999	-9999	-9999	-9999
2000	11	28	4.045982	0.774445	4.116510	-2.289210	1.086943	-9999	0.844902	-9999	-9999	-9999	-9999
2000	11	29	1.940527	-1.823300	1.654320	-3.926320	0.753590	-9999	4.950900	-9999	-9999	-9999	-9999
2000	11	30	2.591741	-1.875550	2.884150	-4.898550	0.880817	-9999	4.315010	-9999	-9999	-9999	-9999
2000	12	1	2.283777	-1.075410	2.805270	-4.744270	0.329959	-9999	6.190940	-9999	-9999	-9999	-9999
2000	12	2	2.640643	-6.752140	-3.379390	-10.075200	0.614553	-9999	1.672770	-9999	-9999	-9999	-9999
2000	12	3	3.008958	-3.176670	0.872375	-9.411380	0.529103	-9999	7.794670	-9999	-9999	-9999	-9999
2000	12	4	1.744044	-7.531100	-3.089080	-11.139200	0.369123	-9999	7.918590	-9999	-9999	-9999	-9999
2000	12	5	3.749933	-10.933600	-5.858180	-14.331100	0.754364	-9999	0.033057	-9999	-9999	-9999	-9999
2000	12	6	3.529483	-3.956820	1.009190	-14.340500	0.904389	-9999	1.881980	-9999	-9999	-9999	-9999
2000	12	7	1.794329	0.718318	2.904570	-1.400580	0.291412	-9999	3.591900	-9999	-9999	-9999	-9999
2000	12	8	2.418768	-6.021730	-0.031952	-11.978600	0.196081	-9999	2.215880	-9999	-9999	-9999	-9999
2000	12	9	3.138013	-6.275150	-0.521301	-12.782400	0.561052	-9999	0.050305	-9999	-9999	-9999	-9999
2000	12	10	3.036096	-0.779058	2.637730	-6.238530	0.835111	-9999	0.000000	-9999	-9999	-9999	-9999
2000	12	11	2.627147	1.243490	3.304020	-0.504277	0.721949	-9999	0.951298	-9999	-9999	-9999	-9999
2000	12	12	2.759530	3.784940	5.852600	-0.306218	1.789482	-9999	0.000000	-9999	-9999	-9999	-9999
2000	12	13	3.220223	3.182340	5.731780	1.203580	1.045904	-9999	0.000000	-9999	-9999	-9999	-9999
2000	12	14	3.324948	1.277950	4.560940	-1.337800	0.497928	-9999	0.000259	-9999	-9999	-9999	-9999
2000	12	15	2.732685	2.425530	4.196810	0.760676	0.718704	-9999	0.001724	-9999	-9999	-9999	-9999
2000	12	16	2.501038	1.404660	3.892550	-1.027470	0.917993	-9999	0.033201	-9999	-9999	-9999	-9999
2000	12	17	2.833350	4.172880	6.253080	1.427520	1.458394	-9999	0.000298	-9999	-9999	-9999	-9999
2000	12	18	0.954072	1.589630	4.004730	-0.470403	0.187480	-9999	4.344650	-9999	-9999	-9999	-9999
2000	12	19	3.272409	2.528860	5.702300	-2.445780	2.644509	-9999	0.000032	-9999	-9999	-9999	-9999
2000	12	20	2.932943	7.043180	9.062990	4.175650	5.313829	-9999	0.000000	-9999	-9999	-9999	-9999
2000	12	21	2.795619	8.317350	10.348000	6.204980	5.624453	-9999	0.000000	-9999	-9999	-9999	-9999
2000	12	22	3.449010	4.823760	8.901760	2.233520	1.628339	-9999	0.289309	-9999	-9999	-9999	-9999
2000	12	23	3.020855	5.362670	9.045010	2.745510	1.270684	-9999	1.148090	-9999	-9999	-9999	-9999
2000	12	24	1.647518	3.736990	5.772060	2.288840	0.844795	-9999	1.927740	-9999	-9999	-9999	-9999
2000	12	25	3.108085	5.127560	9.470000	1.849480	1.578330	-9999	1.544820	-9999	-9999	-9999	-9999
2000	12	26	2.079173	1.591000	3.292570	0.331446	0.737627	-9999	5.738700	-9999	-9999	-9999	-9999
2000	12	27	1.360783	2.014950	3.187530	0.594600	0.416708	-9999	12.509000	-9999	-9999	-9999	-9999
2000	12	28	2.621730	2.195610	3.730930	1.149070	0.342122	-9999	4.663250	-9999	-9999	-9999	-9999
2000	12	29	3.408782	2.762600	4.913640	-0.163396	1.916889	-9999	0.414842	-9999	-9999	-9999	-9999
2000	12	30	3.380944	4.276670	6.735410	2.107870	3.311779	-9999	0.000000	-9999	-9999	-9999	-9999
2000	12	31	1.794027	1.340480	3.586640	-0.821050	0.477650	-9999	4.189980	-9999	-9999	-9999	-9999
2001	1	1	3.292401	2.332610	4.712620	-1.130840	1.375757	-9999	0.000000	-9999	-9999	-9999	-9999
2001	1	2	2.448757	1.329280	4.056240	-1.907420	0.994567	-9999	0.164275	-9999	-9999	-9999	-9999
2001	1	3	3.083737	-0.271489	3.880920	-3.383460	0.681516	-9999	3.243330	-9999	-9999	-9999	-9999
2001	1	4	3.274932	-2.218600	0.253601	-5.468420	0.612322	-9999	1.418410	-9999	-9999	-9999	-9999
2001	1	5	1.336893	-4.929140	-1.162720	-8.355420	0.361440	-9999	12.958300	-9999	-9999	-9999	-9999
2001	1	6	2.893095	-8.236180	-5.102450	-10.171100	0.397048	-9999	6.198300	-9999	-9999	-9999	-9999
2001	1	7	2.655132	-7.604650	-4.976320	-10.074800	0.394340	-9999	2.581680	-9999	-9999	-9999	-9999
2001	1	8	3.600711	-4.004370	1.133850	-10.128000	0.388028	-9999	4.742130	-9999	-9999	-9999	-9999
2001	1	9	2.087856	2.357290	4.598820	-0.793129	0.438593	-9999	11.082300	-9999	-9999	-9999	-9999
2001	1	10	1.285908	-0.403325	2.066830	-1.942050	0.398290	-9999	5.336850	-9999	-9999	-9999	-9999
2001	1	11	2.400425	1.350860	3.455840	-1.785590	0.264609	-9999	12.273100	-9999	-9999	-9999	-9999
2001	1	12	1.836337	0.444514	3.929380	-1.856730	0.566031	-9999	8.902720	-9999	-9999	-9999	-9999
2001	1	13	1.666829	-1.288520	0.647430	-2.634930	0.406268	-9999	0.792087	-9999	-9999	-9999	-9999
2001	1	14	2.150435	0.613704	3.766750	-2.422860	0.332554	-9999	1.577720	-9999	-9999	-9999	-9999
2001	1	15	1.437532	0.961909	3.650940	-1.564000	0.296979	-9999	6.606090	-9999	-9999	-9999	-9999
2001	1	16	1.980461	1.446930	3.376400	-1.538220	0.165474	-9999	2.909480	-9999	-9999	-9999	-9999
2001	1	17	1.163419	2.771510	4.305390	1.445980	0.536557	-9999	0.560998	-9999	-9999	-9999	-9999
2001	1	18	3.366066	3.879080	6.087100	2.007010	1.399422	-9999	0.167963	-9999	-9999	-9999	-9999
2001	1	19	3.213078	-0.267736	3.933290	-3.106060	0.371806	-9999	0.213021	-9999	-9999	-9999	-9999
2001	1	20	4.270398	-1.051880	3.242190	-4.330760	0.985148	-9999	0.000140	-9999	-9999	-9999	-9999
2001	1	21	4.422047	0.750727	4.943910	-3.023510	1.543133	-9999	0.000000	-9999	-9999	-9999	-9999
2001	1	22	2.538527	-0.372258	4.980990	-3.938670	0.655184	-9999	10.072500	-9999	-9999	-9999	-9999
2001	1	23	3.205924	-4.523200	-1.964810	-6.450930	0.445789	-9999	4.000610	-9999	-9999	-9999	-9999
2001	1	24	2.235496	-2.236270	0.942627	-7.274910	0.345560	-9999	9.481270	-9999	-9999	-9999	-9999
2001	1	25	2.289038	2.394280	3.939480	-0.985267	0.307216	-9999	5.128840	-9999	-9999	-9999	-9999
2001	1	26	4.790292	1.614530	4.576510	-0.768715	0.783330	-9999	0.250746	-9999	-9999	-9999	-9999
2001	1	27	1.555304	-0.455419	2.570800	-2.615000	0.639117	-9999	1.366120	-9999	-9999	-9999	-9999
2001	1	28	4.285648	1.145530	4.308290	-4.766850	0.844898	-9999	3.452530	-9999	-9999	-9999	-9999
2001	1	29	2.112670	3.113150	5.023250	1.801780	0.359695	-9999	7.366950	-9999	-9999	-9999	-9999
2001	1	30	3.489972	4.838560	6.603330	3.094750	0.923380	-9999	1.245930	-9999	-9999	-9999	-9999
2001	1	31	4.430246	5.453640	7.110750	4.202540	1.747957	-9999	0.020107	-9999	-9999	-9999	-9999
2001	2	1	5.323968	4.233300	6.237540	2.058320	1.993377	-9999	0.000000	-9999	-9999	-9999	-9999
2001	2	2	4.895554	2.743520	5.884970	0.840272	1.099827	-9999	1.299950	-9999	-9999	-9999	-9999
2001	2	3	2.934567	0.565544	3.164670	-1.643980	0.272304	-9999	3.448820	-9999	-9999	-9999	-9999
2001	2	4	5.922521	-0.760261	3.821310	-5.171170	0.887875	-9999	0.024664	-9999	-9999	-9999	-9999
2001	2	5	3.595147	-0.760078	2.673910	-3.338650	0.546285	-9999	3.720900	-9999	-9999	-9999	-9999
2001	2	6	4.508196	0.760063	3.544920	-2.658600	0.436613	-9999	5.391280	-9999	-9999	-9999	-9999
2001	2	7	6.342762	-0.720955	4.270780	-4.043180	0.825420	-9999	0.064966	-9999	-9999	-9999	-9999
2001	2	8	2.839000	0.734429	2.938320	-2.270750	0.235005	-9999	6.323440	-9999	-9999	-9999	-9999
2001	2	9	5.544746	0.320183	4.534510	-2.601380	0.601771	-9999	0.417249	-9999	-9999	-9999	-9999
2001	2	10	3.580001	0.216881	2.797170	-2.313050	0.563390	-9999	0.261655	-9999	-9999	-9999	-9999
2001	2	11	4.481844	1.246060	4.243800	-3.280330	0.474675	-9999	3.965220	-9999	-9999	-9999	-9999
2001	2	12	5.996047	3.481680	5.924340	0.894319	0.993982	-9999	2.428920	-9999	-9999	-9999	-9999
2001	2	13	3.777192	1.418450	4.835810	-1.198520	0.202906	-9999	9.576170	-9999	-9999	-9999	-9999
2001	2	14	6.151498	-0.920479	2.426290	-3.766600	0.623780	-9999	0.446801	-9999	-9999	-9999	-9999
2001	2	15	4.919711	3.170980	4.890100	-1.749360	0.918630	-9999	0.081217	-9999	-9999	-9999	-9999
2001	2	16	5.895348	1.130670	5.045500	-1.600370	0.472310	-9999	2.468280	-9999	-9999	-9999	-9999
2001	2	17	7.249642	1.605520	4.045130	-1.325990	0.752664	-9999	0.022317	-9999	-9999	-9999	-9999
2001	2	18	5.552816	1.258900	5.248530	-1.079410	0.495419	-9999	5.133840	-9999	-9999	-9999	-9999
2001	2	19	2.602765	-0.709785	1.809110	-2.659120	0.232949	-9999	7.234490	-9999	-9999	-9999	-9999
2001	2	20	3.320879	-2.587900	0.774805	-6.776980	0.363410	-9999	3.240880	-9999	-9999	-9999	-9999
2001	2	21	7.682221	-4.163550	1.800100	-8.250120	0.520751	-9999	0.357212	-9999	-9999	-9999	-9999
2001	2	22	8.321953	-3.724370	2.734340	-8.437590	1.010283	-9999	0.000000	-9999	-9999	-9999	-9999
2001	2	23	8.549876	-1.741580	4.139060	-6.764370	2.633402	-9999	0.000000	-9999	-9999	-9999	-9999
2001	2	24	8.619463	1.109220	6.581140	-3.732480	3.561413	-9999	0.000000	-9999	-9999	-9999	-9999
2001	2	25	9.032774	0.771965	4.350400	-2.034610	1.872917	-9999	0.000000	-9999	-9999	-9999	-9999
2001	2	26	7.018548	0.540154	4.719020	-3.075960	0.922810	-9999	0.026615	-9999	-9999	-9999	-9999
2001	2	27	8.192595	1.909360	6.597070	-3.044460	0.899262	-9999	0.074172	-9999	-9999	-9999	-9999
2001	2	28	7.611918	3.506040	7.795680	1.104130	0.752596	-9999	0.023382	-9999	-9999	-9999	-9999
2001	3	1	9.976435	5.247100	10.671100	2.313120	1.089987	-9999	0.012600	-9999	-9999	-9999	-9999
2001	3	2	5.658180	1.388860	4.604820	-1.114400	0.797776	-9999	11.879700	-9999	-9999	-9999	-9999
2001	3	3	9.376906	-1.011560	4.793360	-5.070490	1.225949	-9999	2.689570	-9999	-9999	-9999	-9999
2001	3	4	9.979114	0.500065	5.141720	-4.864890	1.725371	-9999	0.063194	-9999	-9999	-9999	-9999
2001	3	5	10.562659	1.111700	6.621120	-2.557550	1.702012	-9999	0.049601	-9999	-9999	-9999	-9999
2001	3	6	11.164694	0.313724	5.842920	-3.766410	1.403241	-9999	0.000000	-9999	-9999	-9999	-9999
2001	3	7	5.693423	0.101993	3.959190	-3.504630	0.901894	-9999	1.025440	-9999	-9999	-9999	-9999
2001	3	8	6.397419	-2.125730	2.199120	-5.262530	0.842169	-9999	3.204390	-9999	-9999	-9999	-9999
2001	3	9	4.690725	-2.998200	0.856803	-6.549640	0.740077	-9999	6.441990	-9999	-9999	-9999	-9999
2001	3	10	10.736496	-2.158380	3.822900	-7.085870	0.938161	-9999	0.033258	-9999	-9999	-9999	-9999
2001	3	11	11.089008	1.293740	7.121510	-4.914180	1.108650	-9999	0.739282	-9999	-9999	-9999	-9999
2001	3	12	9.592992	1.967290	5.909930	-2.028310	1.223820	-9999	0.307841	-9999	-9999	-9999	-9999
2001	3	13	12.384748	4.792730	11.171800	-0.756216	2.266634	-9999	0.000000	-9999	-9999	-9999	-9999
2001	3	14	10.172390	6.343970	11.604500	3.218520	2.334054	-9999	0.082751	-9999	-9999	-9999	-9999
2001	3	15	10.577174	6.472930	11.933600	2.766210	1.694220	-9999	1.662560	-9999	-9999	-9999	-9999
2001	3	16	12.943325	8.831910	16.097700	3.735570	4.497923	-9999	0.000000	-9999	-9999	-9999	-9999
2001	3	17	10.421914	8.827270	14.142600	4.151990	1.970887	-9999	0.525214	-9999	-9999	-9999	-9999
2001	3	18	8.383712	7.874330	13.122600	4.453470	1.167498	-9999	1.352950	-9999	-9999	-9999	-9999
2001	3	19	13.275446	6.415530	12.152700	3.160290	1.293035	-9999	0.003724	-9999	-9999	-9999	-9999
2001	3	20	13.005274	8.833870	17.001700	3.596720	2.062657	-9999	0.000000	-9999	-9999	-9999	-9999
2001	3	21	13.876964	8.532230	15.524400	3.723760	3.797260	-9999	0.000000	-9999	-9999	-9999	-9999
2001	3	22	13.395975	10.387900	16.594500	5.314160	2.956604	-9999	0.000000	-9999	-9999	-9999	-9999
2001	3	23	2.962198	8.263280	10.972000	5.774880	0.574669	-9999	5.055430	-9999	-9999	-9999	-9999
2001	3	24	9.375610	8.328160	11.974700	4.387370	1.492560	-9999	3.313090	-9999	-9999	-9999	-9999
2001	3	25	12.398055	10.678200	17.978600	6.403820	2.169621	-9999	0.538422	-9999	-9999	-9999	-9999
2001	3	26	12.514003	11.115800	17.767000	6.147930	3.037213	-9999	0.000000	-9999	-9999	-9999	-9999
2001	3	27	12.454128	9.969670	16.447000	5.156320	2.644626	-9999	0.000000	-9999	-9999	-9999	-9999
2001	3	28	15.118099	11.017800	18.943800	5.150400	2.963283	-9999	0.000000	-9999	-9999	-9999	-9999
2001	3	29	15.130195	10.474100	16.867500	6.546460	3.367245	-9999	0.000000	-9999	-9999	-9999	-9999
2001	3	30	14.972429	6.783330	12.382700	2.492260	1.556571	-9999	6.262400	-9999	-9999	-9999	-9999
2001	3	31	11.715148	7.212070	12.175100	2.332070	2.110749	-9999	0.199908	-9999	-9999	-9999	-9999
2001	4	1	11.317017	7.108190	13.041600	3.104570	1.879237	-9999	0.755965	-9999	-9999	-9999	-9999
2001	4	2	15.098832	6.483290	13.340800	2.262380	2.565846	-9999	0.000000	-9999	-9999	-9999	-9999
2001	4	3	16.593120	7.423810	15.232700	2.292840	3.446917	-9999	0.000000	-9999	-9999	-9999	-9999
2001	4	4	14.925945	8.387190	15.128400	2.961450	2.618280	-9999	0.341530	-9999	-9999	-9999	-9999
2001	4	5	6.394179	3.201180	9.106480	0.137411	0.961610	-9999	1.703610	-9999	-9999	-9999	-9999
2001	4	6	11.500013	3.001900	7.779450	-0.395396	1.255940	-9999	0.243409	-9999	-9999	-9999	-9999
2001	4	7	9.340272	4.272320	8.918790	0.763021	0.729667	-9999	7.337570	-9999	-9999	-9999	-9999
2001	4	8	7.299927	3.634780	8.028780	1.083910	0.578442	-9999	8.151540	-9999	-9999	-9999	-9999
2001	4	9	14.571532	3.670910	8.829100	0.272543	1.663297	-9999	0.046588	-9999	-9999	-9999	-9999
2001	4	10	15.834959	4.443250	11.737600	-0.550577	1.510390	-9999	11.006500	-9999	-9999	-9999	-9999
2001	4	11	12.653712	1.245070	5.510810	-1.609840	1.228580	-9999	2.244840	-9999	-9999	-9999	-9999
2001	4	12	5.823144	0.156779	2.262820	-2.273020	0.934312	-9999	5.994520	-9999	-9999	-9999	-9999
2001	4	13	18.376244	2.679700	8.803470	-4.102240	1.645108	-9999	0.031104	-9999	-9999	-9999	-9999
2001	4	14	16.666732	5.548260	12.250900	-0.873179	1.758441	-9999	0.002301	-9999	-9999	-9999	-9999
2001	4	15	7.549814	4.435920	12.086300	0.004476	1.071599	-9999	5.750400	-9999	-9999	-9999	-9999
2001	4	16	7.683604	1.782300	6.073610	-0.506815	0.861060	-9999	5.907680	-9999	-9999	-9999	-9999
2001	4	17	12.537331	1.689580	6.157140	-2.471230	1.540108	-9999	2.948140	-9999	-9999	-9999	-9999
2001	4	18	9.782294	1.045300	5.475370	-2.528020	1.535990	-9999	2.818500	-9999	-9999	-9999	-9999
2001	4	19	15.533165	2.952890	8.787570	-2.942790	1.511670	-9999	0.903016	-9999	-9999	-9999	-9999
2001	4	20	12.430195	3.161080	7.000280	0.120748	1.313976	-9999	0.869368	-9999	-9999	-9999	-9999
2001	4	21	18.756145	4.753610	11.503400	-1.144910	2.145703	-9999	0.232229	-9999	-9999	-9999	-9999
2001	4	22	8.710762	6.065710	10.300000	2.132920	1.149546	-9999	9.701660	-9999	-9999	-9999	-9999
2001	4	23	8.960112	5.467480	9.344480	1.257740	1.340401	-9999	3.255840	-9999	-9999	-9999	-9999
2001	4	24	19.435162	6.069160	12.582100	1.762140	2.172047	-9999	0.001370	-9999	-9999	-9999	-9999
2001	4	25	7.010073	2.884780	5.639960	1.088550	0.246120	-9999	17.765300	-9999	-9999	-9999	-9999
2001	4	26	9.990086	4.524450	8.411780	0.973715	1.127070	-9999	1.623160	-9999	-9999	-9999	-9999
2001	4	27	20.295532	8.173530	14.621800	1.964990	2.025227	-9999	0.000764	-9999	-9999	-9999	-9999
2001	4	28	10.146470	5.977790	12.329100	1.340200	1.384129	-9999	2.209470	-9999	-9999	-9999	-9999
2001	4	29	20.690726	7.165110	13.050700	1.486100	2.329711	-9999	0.000000	-9999	-9999	-9999	-9999
2001	4	30	18.868032	9.805220	15.461600	3.106190	2.463706	-9999	1.708200	-9999	-9999	-9999	-9999
2001	5	1	13.473994	9.950500	15.270700	4.763400	1.874063	-9999	0.042857	-9999	-9999	-9999	-9999
2001	5	2	10.611734	8.758720	13.830700	4.215740	1.326486	-9999	3.157020	-9999	-9999	-9999	-9999
2001	5	3	11.396765	6.094050	11.169100	1.431620	1.274921	-9999	8.980190	-9999	-9999	-9999	-9999
2001	5	4	9.843120	4.303220	8.787940	1.220590	0.731168	-9999	7.108800	-9999	-9999	-9999	-9999
2001	5	5	10.261037	2.445950	5.056310	0.202125	1.542859	-9999	1.865870	-9999	-9999	-9999	-9999
2001	5	6	9.345456	0.925898	3.923200	-1.679220	1.119804	-9999	3.087130	-9999	-9999	-9999	-9999
2001	5	7	8.492481	0.173640	2.931130	-2.262050	0.899558	-9999	3.442640	-9999	-9999	-9999	-9999
2001	5	8	10.033286	1.336790	4.214520	-2.127950	0.812595	-9999	2.518770	-9999	-9999	-9999	-9999
2001	5	9	13.741402	3.309260	7.835700	0.083229	1.320234	-9999	0.355460	-9999	-9999	-9999	-9999
2001	5	10	16.323638	6.875510	13.219400	0.291633	1.843352	-9999	0.030587	-9999	-9999	-9999	-9999
2001	5	11	21.996663	10.719700	18.168700	3.191440	2.945861	-9999	0.018427	-9999	-9999	-9999	-9999
2001	5	12	20.377008	12.138700	19.116000	5.539740	3.146043	-9999	0.277246	-9999	-9999	-9999	-9999
2001	5	13	19.970410	11.610200	17.942100	6.159250	2.743383	-9999	0.047286	-9999	-9999	-9999	-9999
2001	5	14	16.792617	11.069800	16.360600	4.912020	2.486383	-9999	0.737428	-9999	-9999	-9999	-9999
2001	5	15	6.686824	6.175170	10.218800	2.132510	0.803193	-9999	14.753600	-9999	-9999	-9999	-9999
2001	5	16	7.850935	3.253320	5.998640	1.048650	0.465809	-9999	17.481400	-9999	-9999	-9999	-9999
2001	5	17	0.967663	3.802760	6.365550	1.358160	0.058680	-9999	12.907400	-9999	-9999	-9999	-9999
2001	5	18	3.784381	7.592710	10.650500	4.058630	0.701412	-9999	20.368900	-9999	-9999	-9999	-9999
2001	5	19	5.773498	6.384640	10.531300	1.433360	0.951056	-9999	17.825000	-9999	-9999	-9999	-9999
2001	5	20	3.953284	7.737330	11.049100	2.194370	0.628256	-9999	6.410370	-9999	-9999	-9999	-9999
2001	5	21	1.335234	9.697020	11.632700	7.268960	0.133740	-9999	23.120800	-9999	-9999	-9999	-9999
2001	5	22	2.155749	9.818540	12.685900	8.016060	0.462025	-9999	11.797300	-9999	-9999	-9999	-9999
2001	5	23	16.648244	8.990170	15.156400	1.618050	1.672946	-9999	11.128000	-9999	-9999	-9999	-9999
2001	5	24	6.613738	2.630700	5.867750	0.521125	0.742934	-9999	8.970670	-9999	-9999	-9999	-9999
2001	5	25	7.018626	2.648370	4.913860	0.907264	0.141697	-9999	17.824700	-9999	-9999	-9999	-9999
2001	5	26	10.361174	5.973260	9.839820	1.332220	0.820871	-9999	5.193560	-9999	-9999	-9999	-9999
2001	5	27	23.173343	11.424200	17.775900	3.430950	2.565482	-9999	0.000000	-9999	-9999	-9999	-9999
2001	5	28	21.059913	13.375100	19.731800	6.930120	3.127011	-9999	0.110298	-9999	-9999	-9999	-9999
2001	5	29	17.045165	13.400600	18.929000	8.053750	2.312593	-9999	1.214820	-9999	-9999	-9999	-9999
2001	5	30	17.675280	13.908800	18.709700	6.486760	2.279625	-9999	1.031150	-9999	-9999	-9999	-9999
2001	5	31	13.674787	14.082300	18.924800	9.591470	1.909752	-9999	8.536790	-9999	-9999	-9999	-9999
2001	6	1	13.629082	12.605500	17.133600	7.930000	1.790024	-9999	3.686570	-9999	-9999	-9999	-9999
2001	6	2	13.301194	12.327400	17.682100	8.844670	1.825815	-9999	8.199260	-9999	-9999	-9999	-9999
2001	6	3	7.002625	9.742900	13.511600	6.459630	0.930667	-9999	0.239107	-9999	-9999	-9999	-9999
2001	6	4	6.458383	9.155580	11.384000	6.295290	0.723474	-9999	10.211700	-9999	-9999	-9999	-9999
2001	6	5	10.376899	12.078400	16.267700	7.283050	1.528872	-9999	0.239987	-9999	-9999	-9999	-9999
2001	6	6	11.830925	11.100300	15.691700	7.161500	1.616575	-9999	7.788150	-9999	-9999	-9999	-9999
2001	6	7	16.567027	12.045300	16.096200	6.638700	2.090923	-9999	0.218083	-9999	-9999	-9999	-9999
2001	6	8	4.425123	9.596110	12.242900	7.252440	0.864950	-9999	11.849500	-9999	-9999	-9999	-9999
2001	6	9	16.306272	9.540290	13.480900	5.518220	2.280130	-9999	0.001671	-9999	-9999	-9999	-9999
2001	6	10	24.411802	10.616200	15.688900	5.251960	2.608510	-9999	0.000000	-9999	-9999	-9999	-9999
2001	6	11	23.917852	11.878300	17.159200	6.273810	3.187552	-9999	0.000000	-9999	-9999	-9999	-9999
2001	6	12	21.168260	12.320100	17.138100	7.248450	2.786099	-9999	0.799549	-9999	-9999	-9999	-9999
2001	6	13	18.856713	12.555100	18.003000	7.066530	1.926122	-9999	14.286900	-9999	-9999	-9999	-9999
2001	6	14	4.078417	7.969790	11.135800	5.464750	0.867767	-9999	24.776000	-9999	-9999	-9999	-9999
2001	6	15	16.518384	9.880350	15.657600	5.228880	2.088410	-9999	5.224370	-9999	-9999	-9999	-9999
2001	6	16	20.299680	10.462300	15.887800	4.703950	2.157978	-9999	0.192234	-9999	-9999	-9999	-9999
2001	6	17	16.723066	10.792900	15.741700	6.433140	1.947548	-9999	0.000528	-9999	-9999	-9999	-9999
2001	6	18	24.193988	14.249400	20.277400	6.175660	3.101897	-9999	0.000000	-9999	-9999	-9999	-9999
2001	6	19	21.882874	17.377300	23.649400	10.651400	4.242756	-9999	0.353654	-9999	-9999	-9999	-9999
2001	6	20	23.110877	19.575500	26.576000	12.717000	4.755030	-9999	0.000000	-9999	-9999	-9999	-9999
2001	6	21	19.119542	18.289500	24.165200	14.202200	3.543923	-9999	0.536598	-9999	-9999	-9999	-9999
2001	6	22	3.422062	12.586100	16.444200	10.073100	1.458083	-9999	12.715500	-9999	-9999	-9999	-9999
2001	6	23	14.105578	12.471000	16.741100	8.711920	1.748727	-9999	0.000474	-9999	-9999	-9999	-9999
2001	6	24	7.705221	12.542000	15.891100	10.040900	1.413335	-9999	1.357010	-9999	-9999	-9999	-9999
2001	6	25	21.019652	13.167800	18.255300	9.517000	2.592901	-9999	0.000000	-9999	-9999	-9999	-9999
2001	6	26	24.498635	16.135200	22.281800	8.818910	4.944231	-9999	0.022063	-9999	-9999	-9999	-9999
2001	6	27	16.504301	16.476700	21.655900	12.536700	2.751909	-9999	0.927061	-9999	-9999	-9999	-9999
2001	6	28	13.669430	17.039000	20.586100	12.433900	2.492161	-9999	11.060200	-9999	-9999	-9999	-9999
2001	6	29	4.259347	14.580300	17.555000	11.408100	1.018483	-9999	27.417700	-9999	-9999	-9999	-9999
2001	6	30	5.531069	12.104100	14.279300	10.217000	1.735111	-9999	13.355200	-9999	-9999	-9999	-9999
2001	7	1	9.516182	14.889600	18.386200	11.524500	1.640720	-9999	14.349800	-9999	-9999	-9999	-9999
2001	7	2	2.958768	11.325100	14.322100	8.246920	1.078569	-9999	24.707400	-9999	-9999	-9999	-9999
2001	7	3	3.240622	10.310700	12.346800	8.009220	0.571367	-9999	71.616600	-9999	-9999	-9999	-9999
2001	7	4	2.162074	11.613800	13.516500	9.122770	0.378082	-9999	30.064100	-9999	-9999	-9999	-9999
2001	7	5	1.267013	13.614500	15.453000	10.731300	0.218646	-9999	20.475200	-9999	-9999	-9999	-9999
2001	7	6	9.984470	14.979100	18.520000	10.958200	2.050986	-9999	0.000004	-9999	-9999	-9999	-9999
2001	7	7	20.817389	16.250600	22.356700	10.271100	2.735474	-9999	1.518180	-9999	-9999	-9999	-9999
2001	7	8	16.352756	16.332800	22.102200	11.243900	2.900559	-9999	1.227530	-9999	-9999	-9999	-9999
2001	7	9	18.224956	16.511700	21.076500	10.850800	3.123547	-9999	2.005430	-9999	-9999	-9999	-9999
2001	7	10	8.916653	16.075500	19.440800	12.289000	2.077298	-9999	5.394590	-9999	-9999	-9999	-9999
2001	7	11	13.579142	15.948100	20.606500	11.898600	2.421585	-9999	0.000000	-9999	-9999	-9999	-9999
2001	7	12	22.510657	15.945300	21.172800	11.544500	3.236730	-9999	0.000000	-9999	-9999	-9999	-9999
2001	7	13	21.482064	16.625300	23.109900	10.035100	3.731388	-9999	0.024704	-9999	-9999	-9999	-9999
2001	7	14	20.078756	16.160100	22.125800	10.607900	3.228984	-9999	1.095580	-9999	-9999	-9999	-9999
2001	7	15	21.175776	17.211000	24.286000	11.070300	3.930438	-9999	0.181264	-9999	-9999	-9999	-9999
2001	7	16	12.361507	17.084900	21.698300	11.534200	2.289489	-9999	1.695660	-9999	-9999	-9999	-9999
2001	7	17	13.352948	17.485900	21.712400	13.977300	1.997340	-9999	4.747940	-9999	-9999	-9999	-9999
2001	7	18	16.055798	19.277400	24.349900	13.418900	3.400753	-9999	2.027400	-9999	-9999	-9999	-9999
2001	7	19	21.124800	20.618600	26.616600	15.075500	3.859676	-9999	0.000000	-9999	-9999	-9999	-9999
2001	7	20	13.717556	19.120100	26.532900	14.769700	2.215350	-9999	15.532700	-9999	-9999	-9999	-9999
2001	7	21	3.936203	14.734500	17.993500	12.898700	0.775631	-9999	28.698400	-9999	-9999	-9999	-9999
2001	7	22	3.228897	14.170500	16.602800	11.585100	1.010162	-9999	0.055029	-9999	-9999	-9999	-9999
2001	7	23	3.087677	12.152100	15.350900	8.199460	1.048785	-9999	5.716760	-9999	-9999	-9999	-9999
2001	7	24	16.780954	11.819700	17.615100	8.114140	2.044014	-9999	0.000000	-9999	-9999	-9999	-9999
2001	7	25	21.117802	13.437100	19.255500	7.813780	2.756535	-9999	0.000000	-9999	-9999	-9999	-9999
2001	7	26	22.491042	16.409500	23.786300	9.129820	3.505361	-9999	0.000000	-9999	-9999	-9999	-9999
2001	7	27	19.058630	18.289100	25.096400	11.032400	3.784143	-9999	1.226870	-9999	-9999	-9999	-9999
2001	7	28	8.522366	16.161000	22.285400	11.890100	2.588721	-9999	17.763900	-9999	-9999	-9999	-9999
2001	7	29	2.902038	11.771200	14.487000	8.014440	0.925460	-9999	8.126890	-9999	-9999	-9999	-9999
2001	7	30	15.821482	13.108000	17.974200	8.229310	2.103723	-9999	10.483200	-9999	-9999	-9999	-9999
2001	7	31	2.477874	11.159100	13.924700	8.225160	1.066890	-9999	33.240900	-9999	-9999	-9999	-9999
2001	8	1	13.418179	10.660400	14.568400	7.223310	2.281244	-9999	11.842100	-9999	-9999	-9999	-9999
2001	8	2	5.543821	8.711340	10.793400	6.225170	1.428678	-9999	22.526100	-9999	-9999	-9999	-9999
2001	8	3	13.002422	10.587400	14.153100	6.240040	2.264358	-9999	2.223270	-9999	-9999	-9999	-9999
2001	8	4	7.841698	11.647400	15.388000	7.750660	1.555921	-9999	4.804160	-9999	-9999	-9999	-9999
2001	8	5	11.680934	11.590400	14.964100	8.163100	1.497897	-9999	8.976250	-9999	-9999	-9999	-9999
2001	8	6	5.151635	12.302500	14.501900	8.948350	1.341581	-9999	3.256460	-9999	-9999	-9999	-9999
2001	8	7	5.560488	12.952800	16.268600	10.430900	0.727707	-9999	7.948930	-9999	-9999	-9999	-9999
2001	8	8	6.047326	14.500600	18.145600	10.692900	1.200731	-9999	0.058452	-9999	-9999	-9999	-9999
2001	8	9	16.702244	13.813600	18.907500	9.891040	2.381703	-9999	0.202049	-9999	-9999	-9999	-9999
2001	8	10	12.405658	12.682700	17.678900	8.497510	1.880534	-9999	0.046338	-9999	-9999	-9999	-9999
2001	8	11	7.723365	11.208700	14.943000	7.579360	1.620597	-9999	12.081000	-9999	-9999	-9999	-9999
2001	8	12	9.259661	7.585490	10.738000	5.246540	1.794479	-9999	6.734950	-9999	-9999	-9999	-9999
2001	8	13	11.762064	8.153700	11.514100	4.634230	1.814933	-9999	2.201020	-9999	-9999	-9999	-9999
2001	8	14	16.391808	10.754600	15.775700	5.333760	2.179298	-9999	6.277740	-9999	-9999	-9999	-9999
2001	8	15	4.409044	9.175150	11.238500	6.926650	1.011588	-9999	6.003090	-9999	-9999	-9999	-9999
2001	8	16	11.304576	11.447200	14.962300	8.316060	1.642110	-9999	12.800400	-9999	-9999	-9999	-9999
2001	8	17	14.390871	13.625900	17.200600	9.650250	1.914487	-9999	0.880742	-9999	-9999	-9999	-9999
2001	8	18	11.709706	14.606000	18.047500	10.626900	1.607586	-9999	0.868679	-9999	-9999	-9999	-9999
2001	8	19	19.162915	16.786100	22.271300	10.850100	3.106869	-9999	0.000000	-9999	-9999	-9999	-9999
2001	8	20	17.541965	18.462700	24.079300	12.488600	4.921905	-9999	0.087789	-9999	-9999	-9999	-9999
2001	8	21	14.085274	19.112300	23.272000	14.524300	4.487644	-9999	31.513300	-9999	-9999	-9999	-9999
2001	8	22	14.990745	16.821400	21.914100	13.556400	2.429796	-9999	11.666600	-9999	-9999	-9999	-9999
2001	8	23	16.398806	17.864900	23.361300	13.617100	2.711437	-9999	0.000000	-9999	-9999	-9999	-9999
2001	8	24	9.419069	17.698600	22.296600	13.398100	2.373819	-9999	2.275390	-9999	-9999	-9999	-9999
2001	8	25	5.836173	17.715500	21.895400	14.804400	1.265852	-9999	10.296300	-9999	-9999	-9999	-9999
2001	8	26	4.276446	17.702300	21.051000	15.346400	1.374556	-9999	0.000000	-9999	-9999	-9999	-9999
2001	8	27	17.924717	22.333500	27.616000	15.415300	7.392687	-9999	0.000000	-9999	-9999	-9999	-9999
2001	8	28	17.646249	22.244000	28.495000	17.875300	7.338608	-9999	0.000000	-9999	-9999	-9999	-9999
2001	8	29	16.187817	22.995300	28.686000	17.385200	6.640230	-9999	0.249720	-9999	-9999	-9999	-9999
2001	8	30	14.853110	22.237700	29.184600	17.373600	5.271645	-9999	0.000000	-9999	-9999	-9999	-9999
2001	8	31	1.115916	16.488000	20.087400	12.114500	1.233497	-9999	2.767550	-9999	-9999	-9999	-9999
2001	9	1	7.504324	11.803600	14.805100	8.838540	1.662130	-9999	3.754050	-9999	-9999	-9999	-9999
2001	9	2	2.497470	10.873800	12.300600	8.829810	1.008037	-9999	12.749000	-9999	-9999	-9999	-9999
2001	9	3	2.298456	11.622400	13.312100	9.376170	0.760959	-9999	5.681650	-9999	-9999	-9999	-9999
2001	9	4	1.739742	10.099800	12.960000	6.515790	0.858820	-9999	4.814570	-9999	-9999	-9999	-9999
2001	9	5	13.566959	6.551350	10.891200	2.101020	1.927118	-9999	0.012792	-9999	-9999	-9999	-9999
2001	9	6	16.881351	8.567190	14.472300	1.746990	2.034226	-9999	0.000000	-9999	-9999	-9999	-9999
2001	9	7	10.077264	12.062900	16.061300	6.585180	1.640421	-9999	3.427780	-9999	-9999	-9999	-9999
2001	9	8	13.416106	12.129700	16.341700	8.353130	2.190944	-9999	0.501749	-9999	-9999	-9999	-9999
2001	9	9	5.713070	9.197400	13.633500	4.443250	1.279105	-9999	3.414650	-9999	-9999	-9999	-9999
2001	9	10	5.790813	8.507590	12.178000	4.987830	1.026207	-9999	0.998717	-9999	-9999	-9999	-9999
2001	9	11	5.126535	7.419820	10.000900	4.775950	1.238367	-9999	2.383110	-9999	-9999	-9999	-9999
2001	9	12	4.306824	6.717360	9.229070	4.462380	1.247495	-9999	2.221860	-9999	-9999	-9999	-9999
2001	9	13	11.641882	6.646230	10.812900	3.352340	1.486049	-9999	0.061284	-9999	-9999	-9999	-9999
2001	9	14	14.217120	7.676710	13.241600	2.169500	1.893982	-9999	0.000000	-9999	-9999	-9999	-9999
2001	9	15	14.991783	11.621500	17.950700	4.344280	3.507223	-9999	0.000000	-9999	-9999	-9999	-9999
2001	9	16	3.351586	10.514600	13.310400	7.939830	1.331258	-9999	3.507720	-9999	-9999	-9999	-9999
2001	9	17	3.036027	10.356700	12.876200	7.809370	1.208259	-9999	2.220030	-9999	-9999	-9999	-9999
2001	9	18	3.008802	8.570820	10.665500	7.045450	1.320806	-9999	11.514700	-9999	-9999	-9999	-9999
2001	9	19	4.210471	6.501630	8.918860	3.764540	0.921213	-9999	20.137500	-9999	-9999	-9999	-9999
2001	9	20	13.333939	8.889210	14.306200	2.233070	2.346987	-9999	0.396052	-9999	-9999	-9999	-9999
2001	9	21	7.102599	8.085040	11.492400	4.984660	1.530926	-9999	7.872060	-9999	-9999	-9999	-9999
2001	9	22	5.754154	6.371020	8.162510	4.249090	1.014427	-9999	14.870100	-9999	-9999	-9999	-9999
2001	9	23	10.060675	9.341390	14.835900	3.761940	1.952752	-9999	1.350650	-9999	-9999	-9999	-9999
2001	9	24	8.937475	9.488970	13.378100	5.567790	1.520606	-9999	5.923170	-9999	-9999	-9999	-9999
2001	9	25	11.834208	13.665300	19.618500	8.036630	2.295378	-9999	0.226703	-9999	-9999	-9999	-9999
2001	9	26	12.350362	15.893300	21.308000	10.556000	4.336497	-9999	0.000000	-9999	-9999	-9999	-9999
2001	9	27	10.517559	16.988800	22.688100	12.749900	3.813901	-9999	0.000000	-9999	-9999	-9999	-9999
2001	9	28	12.307852	16.465000	22.849200	12.091500	3.017478	-9999	0.000000	-9999	-9999	-9999	-9999
2001	9	29	11.930112	15.208000	22.188400	10.691500	2.473551	-9999	0.000000	-9999	-9999	-9999	-9999
2001	9	30	10.221034	13.204700	18.346900	8.256240	1.962379	-9999	0.090255	-9999	-9999	-9999	-9999
2001	10	1	2.219150	9.580270	12.267600	7.234980	0.843629	-9999	18.913400	-9999	-9999	-9999	-9999
2001	10	2	5.441567	9.177410	13.491000	5.391940	1.183998	-9999	1.201530	-9999	-9999	-9999	-9999
2001	10	3	8.666697	11.030400	16.885800	5.055200	1.995590	-9999	1.041430	-9999	-9999	-9999	-9999
2001	10	4	2.867236	8.149950	11.613400	5.342310	0.994254	-9999	27.626100	-9999	-9999	-9999	-9999
2001	10	5	2.468854	6.698560	9.110210	3.240020	0.510763	-9999	19.564500	-9999	-9999	-9999	-9999
2001	10	6	3.908062	10.023400	13.957600	5.439880	1.039540	-9999	1.892510	-9999	-9999	-9999	-9999
2001	10	7	3.597074	10.709600	14.538000	7.707580	1.361567	-9999	0.100217	-9999	-9999	-9999	-9999
2001	10	8	10.524644	11.750000	19.111400	7.190640	2.133533	-9999	0.000000	-9999	-9999	-9999	-9999
2001	10	9	7.627591	12.226500	17.990500	7.279810	1.651287	-9999	0.041375	-9999	-9999	-9999	-9999
2001	10	10	2.085385	9.564470	12.776000	5.741210	0.933908	-9999	12.157100	-9999	-9999	-9999	-9999
2001	10	11	6.143610	7.707900	11.956200	3.440950	1.163276	-9999	1.090240	-9999	-9999	-9999	-9999
2001	10	12	9.501667	10.080900	15.175600	3.255770	3.484438	-9999	0.000000	-9999	-9999	-9999	-9999
2001	10	13	6.920061	10.452300	15.544600	5.814300	1.948887	-9999	0.006201	-9999	-9999	-9999	-9999
2001	10	14	9.610704	11.411600	17.986400	5.950190	3.333545	-9999	0.000000	-9999	-9999	-9999	-9999
2001	10	15	9.516096	13.092700	19.325900	8.324680	4.195933	-9999	0.001987	-9999	-9999	-9999	-9999
2001	10	16	4.393846	11.149900	14.697000	7.480530	1.218270	-9999	1.438430	-9999	-9999	-9999	-9999
2001	10	17	2.234451	10.427300	13.367400	6.116330	1.458103	-9999	0.746152	-9999	-9999	-9999	-9999
2001	10	18	6.937254	8.040080	14.561900	3.243500	1.536466	-9999	8.028120	-9999	-9999	-9999	-9999
2001	10	19	3.488875	2.351180	6.129160	-0.900972	1.156995	-9999	3.382760	-9999	-9999	-9999	-9999
2001	10	20	3.761528	2.903390	5.055040	-0.572755	0.783698	-9999	1.716640	-9999	-9999	-9999	-9999
2001	10	21	4.216562	3.437300	6.447490	0.650847	0.784204	-9999	0.718262	-9999	-9999	-9999	-9999
2001	10	22	7.649277	5.008070	9.796460	0.257384	1.220003	-9999	0.010902	-9999	-9999	-9999	-9999
2001	10	23	6.705556	6.680590	12.663300	1.965390	1.612882	-9999	0.005536	-9999	-9999	-9999	-9999
2001	10	24	8.372773	8.909680	14.279200	3.723270	5.144284	-9999	0.000000	-9999	-9999	-9999	-9999
2001	10	25	8.102687	11.917400	16.147900	6.272150	8.607050	-9999	0.000000	-9999	-9999	-9999	-9999
2001	10	26	7.962762	11.585200	17.756400	5.895230	6.322753	-9999	0.000000	-9999	-9999	-9999	-9999
2001	10	27	7.825999	11.837300	19.039100	7.933870	6.056842	-9999	0.000000	-9999	-9999	-9999	-9999
2001	10	28	7.748326	11.929700	19.218100	7.875610	6.443652	-9999	0.000000	-9999	-9999	-9999	-9999
2001	10	29	7.628696	11.852000	19.075400	7.417170	6.794053	-9999	0.000000	-9999	-9999	-9999	-9999
2001	10	30	7.468494	8.316020	14.125900	2.892700	3.133190	-9999	0.000000	-9999	-9999	-9999	-9999
2001	10	31	6.086431	7.308000	12.247400	2.530060	1.497633	-9999	0.000000	-9999	-9999	-9999	-9999
2001	11	1	6.907645	8.904690	13.592000	5.280280	4.270580	-9999	0.000000	-9999	-9999	-9999	-9999
2001	11	2	6.827121	9.785830	14.478800	6.719830	5.686122	-9999	0.000000	-9999	-9999	-9999	-9999
2001	11	3	5.780359	8.349270	13.928800	5.293190	2.518981	-9999	0.000000	-9999	-9999	-9999	-9999
2001	11	4	5.202222	9.875670	14.245100	5.403240	1.546830	-9999	1.670170	-9999	-9999	-9999	-9999
2001	11	5	5.025352	9.312770	13.671600	6.334600	2.370981	-9999	0.000000	-9999	-9999	-9999	-9999
2001	11	6	5.915972	8.253750	13.012800	5.624120	1.905396	-9999	0.000000	-9999	-9999	-9999	-9999
2001	11	7	3.264615	7.402130	12.315800	2.750800	0.901794	-9999	8.554190	-9999	-9999	-9999	-9999
2001	11	8	3.980690	3.325810	6.279070	1.272860	0.744437	-9999	0.589633	-9999	-9999	-9999	-9999
2001	11	9	6.096237	2.979460	7.136310	0.097694	1.779993	-9999	0.000000	-9999	-9999	-9999	-9999
2001	11	10	5.913518	3.736510	8.295000	-0.049309	1.236038	-9999	0.000000	-9999	-9999	-9999	-9999
2001	11	11	5.421928	7.875890	10.542000	2.666790	1.595733	-9999	0.011010	-9999	-9999	-9999	-9999
2001	11	12	4.936127	11.141800	14.526900	8.314370	1.965944	-9999	1.022600	-9999	-9999	-9999	-9999
2001	11	13	4.752346	9.342560	14.457800	5.286540	2.923826	-9999	1.972960	-9999	-9999	-9999	-9999
2001	11	14	3.714958	6.607270	10.950900	3.821270	1.459201	-9999	0.000000	-9999	-9999	-9999	-9999
2001	11	15	2.032197	4.596340	7.654320	2.725900	0.714392	-9999	0.125918	-9999	-9999	-9999	-9999
2001	11	16	5.280587	7.273960	10.583600	2.497470	4.159127	-9999	0.000000	-9999	-9999	-9999	-9999
2001	11	17	5.252446	8.624300	13.285600	5.781840	4.780722	-9999	0.000000	-9999	-9999	-9999	-9999
2001	11	18	5.085400	9.743100	14.544300	6.093020	4.792666	-9999	0.000000	-9999	-9999	-9999	-9999
2001	11	19	4.747369	5.354460	9.022510	2.606850	1.479890	-9999	0.285087	-9999	-9999	-9999	-9999
2001	11	20	2.009794	3.623260	6.154810	1.048260	0.930716	-9999	0.236412	-9999	-9999	-9999	-9999
2001	11	21	4.959014	0.987030	5.295370	-2.809470	1.973730	-9999	0.000000	-9999	-9999	-9999	-9999
2001	11	22	4.901610	-1.737370	3.605550	-4.996970	1.857893	-9999	0.000000	-9999	-9999	-9999	-9999
2001	11	23	4.742081	0.788177	4.310750	-4.282400	3.841998	-9999	0.000000	-9999	-9999	-9999	-9999
2001	11	24	4.501984	1.011810	3.744250	-1.411550	1.524364	-9999	0.337543	-9999	-9999	-9999	-9999
2001	11	25	3.598534	0.726623	3.812730	-1.898700	0.574907	-9999	1.205240	-9999	-9999	-9999	-9999
2001	11	26	3.043034	0.996735	3.550470	-1.548240	0.623670	-9999	1.506880	-9999	-9999	-9999	-9999
2001	11	27	4.097200	-0.260864	3.287920	-3.076930	0.838080	-9999	0.026840	-9999	-9999	-9999	-9999
2001	11	28	4.304344	1.467320	4.747790	-2.065760	1.988546	-9999	0.000000	-9999	-9999	-9999	-9999
2001	11	29	4.342931	4.750760	9.087820	0.493538	4.523368	-9999	0.000000	-9999	-9999	-9999	-9999
2001	11	30	4.264911	7.868990	11.537300	5.071940	7.475891	-9999	0.000000	-9999	-9999	-9999	-9999
2001	12	1	3.832661	1.231290	5.889680	-2.527010	2.083713	-9999	0.006289	-9999	-9999	-9999	-9999
2001	12	2	4.026586	-2.886940	1.306370	-5.124030	1.445399	-9999	0.161140	-9999	-9999	-9999	-9999
2001	12	3	3.764785	0.612727	3.491360	-4.471810	2.287724	-9999	0.000000	-9999	-9999	-9999	-9999
2001	12	4	3.867731	2.268890	4.937960	-0.499791	1.130697	-9999	0.019865	-9999	-9999	-9999	-9999
2001	12	5	2.242590	1.937370	6.537230	-3.073370	0.670620	-9999	6.643810	-9999	-9999	-9999	-9999
2001	12	6	1.412519	-4.959840	-1.715210	-5.732150	0.601463	-9999	2.834380	-9999	-9999	-9999	-9999
2001	12	7	3.609680	-5.890870	-1.855840	-9.005160	0.866586	-9999	0.034643	-9999	-9999	-9999	-9999
2001	12	8	2.223867	-4.289220	-2.156340	-5.998660	0.475544	-9999	4.499390	-9999	-9999	-9999	-9999
2001	12	9	1.443943	-3.785010	-0.823395	-6.153290	0.489208	-9999	13.295000	-9999	-9999	-9999	-9999
2001	12	10	2.478064	-4.943850	-0.829224	-6.622410	0.456193	-9999	6.823550	-9999	-9999	-9999	-9999
2001	12	11	2.675817	-2.808480	0.972504	-6.917090	0.454559	-9999	0.805345	-9999	-9999	-9999	-9999
2001	12	12	3.391909	-2.239660	1.127380	-4.335120	0.633163	-9999	0.065368	-9999	-9999	-9999	-9999
2001	12	13	3.409854	-0.377050	3.031250	-3.687170	1.377440	-9999	0.000000	-9999	-9999	-9999	-9999
2001	12	14	3.427091	1.679190	7.521700	-1.024910	3.741602	-9999	0.000000	-9999	-9999	-9999	-9999
2001	12	15	3.361496	0.502253	5.161590	-2.804200	1.732904	-9999	0.000000	-9999	-9999	-9999	-9999
2001	12	16	3.279675	1.738150	5.894960	-2.566960	2.432740	-9999	0.000000	-9999	-9999	-9999	-9999
2001	12	17	3.006781	4.152030	6.876710	1.868010	3.162681	-9999	0.000000	-9999	-9999	-9999	-9999
2001	12	18	3.190605	2.653250	7.642030	1.312130	1.049391	-9999	1.788110	-9999	-9999	-9999	-9999
2001	12	19	2.704761	3.006950	4.790590	1.615470	0.776093	-9999	1.584520	-9999	-9999	-9999	-9999
2001	12	20	1.957573	2.246030	3.563230	1.355890	0.430585	-9999	5.424700	-9999	-9999	-9999	-9999
2001	12	21	1.686908	2.859890	5.403020	0.949977	0.798204	-9999	4.798300	-9999	-9999	-9999	-9999
2001	12	22	2.208730	2.505980	4.263280	0.540858	0.467402	-9999	6.128210	-9999	-9999	-9999	-9999
2001	12	23	0.911857	5.364590	7.241760	2.753780	0.131438	-9999	13.533600	-9999	-9999	-9999	-9999
2001	12	24	3.312334	6.496820	9.960420	4.533290	1.145699	-9999	1.241140	-9999	-9999	-9999	-9999
2001	12	25	3.517067	7.066100	10.719300	4.165340	3.812593	-9999	0.000000	-9999	-9999	-9999	-9999
2001	12	26	2.382083	3.511960	5.532170	1.982290	0.766621	-9999	0.007869	-9999	-9999	-9999	-9999
2001	12	27	3.532637	5.087280	7.338590	2.481070	3.190296	-9999	0.000000	-9999	-9999	-9999	-9999
2001	12	28	3.506760	3.873410	6.647550	2.222830	1.326929	-9999	0.000000	-9999	-9999	-9999	-9999
2001	12	29	3.300808	3.996490	6.217860	2.318840	1.876300	-9999	0.000157	-9999	-9999	-9999	-9999
2001	12	30	3.323894	3.910610	6.182650	1.807700	1.853780	-9999	0.000000	-9999	-9999	-9999	-9999
2001	12	31	3.456907	4.931730	7.534210	2.956260	3.500531	-9999	0.000000	-9999	-9999	-9999	-9999