Month	n_days	Rg_f	Ta_f	Tmax	Tmin	VPD_f	Ts_f	Precip	SWC	LAI	ET	Litterfall
1	1	1.46119	-6.24018	-3.481	-7.9526	0.263402	0.13446	0	25.857	-9999	-9999	-9999
1	2	1.1517	-2.65362	-2.0775	-3.7639	-0.0143705	0.220999	0	26.894	-9999	-9999	-9999
1	3	0.725921	-4.57558	-3.7872	-6.7212	0.195912	0.402019	0	27.1385	-9999	-9999	-9999
1	4	3.10069	-8.98145	-6.9511	-10.4411	0.240082	0.455915	0	26.8943	-9999	-9999	-9999
1	5	0.69156	-4.61852	-0.9363	-9.7802	0.149733	0.445446	0	26.9402	-9999	-9999	-9999
1	6	2.00758	-7.51911	-3.7806	-11.3178	0.179271	0.573015	0	26.9951	-9999	-9999	-9999
1	7	0.904734	-5.54242	-2.7092	-10.4693	0.18641	0.656852	0	26.9127	-9999	-9999	-9999
1	8	0.779706	-4.08315	-3.069	-5.4924	0.099571	0.776331	0	26.7003	-9999	-9999	-9999
1	9	0.664992	-4.87576	-3.7481	-5.7468	0.113283	0.940991	0	26.7001	-9999	-9999	-9999
1	10	1.37461	-4.818	-2.7242	-7.5242	0.111537	1.06459	0	26.6332	-9999	-9999	-9999
1	11	2.23369	-5.03387	1.3302	-8.6739	0.119488	1.13146	10.4	26.6	-9999	-9999	-9999
1	12	1.45103	-7.86373	-7.4758	-8.6931	0.221558	1.20267	2.4	27.3867	-9999	-9999	-9999
1	13	0.744012	-6.04832	3.3838	-8.6537	0.0706221	1.49373	4.6	28.8058	-9999	-9999	-9999
1	14	1.56884	4.71887	6.6012	-0.469	0.177124	2.8962	3.6	28.2242	-9999	-9999	-9999
1	15	0.348498	4.29304	5.6726	-2.6005	0.575043	3.50886	0.6	27.934	-9999	-9999	-9999
1	16	2.56142	5.04233	6.1729	2.8908	0.984268	3.50284	0	27.6559	-9999	-9999	-9999
1	17	0.580662	3.4826	4.8101	1.3443	0.611814	3.47097	0	27.4708	-9999	-9999	-9999
1	18	1.32255	2.7332	4.2035	1.1697	0.450886	3.06933	0	27.4359	-9999	-9999	-9999
1	19	1.20263	1.98478	3.1327	0.6693	0.653629	3.07574	3	27.4047	-9999	-9999	-9999
1	20	0.84654	4.30009	5.2757	1.7924	0.37786	3.39998	1.6	27.9147	-9999	-9999	-9999
1	21	0.36198	3.40126	4.3599	-0.1525	0.17527	3.6681	6.4	28.3236	-9999	-9999	-9999
1	22	1.43408	-7.72184	-0.2296	-9.305	0.0912571	3.38881	1	28.373	-9999	-9999	-9999
1	23	1.49	-3.67801	3.5981	-8.7276	0.161004	3.20719	0.6	28.1528	-9999	-9999	-9999
1	24	0.861462	0.192194	3.0551	-7.8615	0.290565	3.28142	0	27.8845	-9999	-9999	-9999
1	25	0.308682	2.56463	3.7935	-2.8358	0.298324	3.33178	2.6	27.8173	-9999	-9999	-9999
1	26	1.917	3.24411	5.7231	-1.6971	0.401978	3.81251	1.6	28.071	-9999	-9999	-9999
1	27	0.819306	3.89726	8.5673	-3.114	0.144792	4.60067	2	27.9897	-9999	-9999	-9999
1	28	2.095	3.57105	6.3755	2.181	0.632191	4.34241	9.2	28.5979	-9999	-9999	-9999
1	29	1.05165	0.283771	2.7783	-1.6786	0.352028	3.38776	7.6	29.4495	-9999	-9999	-9999
1	30	2.39328	-4.83471	-1.7996	-7.4525	0.620364	2.48031	0	28.7953	-9999	-9999	-9999
1	31	4.53285	-7.19531	-6.1524	-7.9329	0.671812	1.4837	0	27.3887	-9999	-9999	-9999
2	1	3.43514	-5.1021	-2.9913	-8.429	0.700675	0.682262	0	27.7515	-9999	-9999	-9999
2	2	0.597276	-1.71855	0.49	-3.2224	0.294733	0.604185	0.2	28.2811	-9999	-9999	-9999
2	3	0.842652	0.437679	1.0656	-0.3288	0.278091	0.76126	0	28.2368	-9999	-9999	-9999
2	4	1.18865	-0.209912	0.6759	-0.6887	0.233779	1.0027	0.4	28.2212	-9999	-9999	-9999
2	5	3.84389	-1.01076	0.688	-3.6503	0.401069	1.18569	0	28.0616	-9999	-9999	-9999
2	6	2.22867	-3.56472	-2.7769	-4.9405	0.771224	1.02682	0	27.7524	-9999	-9999	-9999
2	7	1.32469	-1.67466	-0.3	-4.2968	0.210171	0.757021	0.2	27.7462	-9999	-9999	-9999
2	8	0.95742	0.0606125	0.5184	-0.3753	0.0289862	0.864981	0.2	28.2757	-9999	-9999	-9999
2	9	6.11352	-2.04731	-0.2806	-3.5265	0.476317	0.995498	0	27.9373	-9999	-9999	-9999
2	10	4.99681	-2.91791	-0.6704	-4.3477	0.387521	0.707196	0	27.9199	-9999	-9999	-9999
2	11	1.44088	-3.09929	-2.5335	-3.6134	0.310641	0.59396	0	28.0473	-9999	-9999	-9999
2	12	6.6258	-2.68989	0.0708	-4.5279	0.658532	0.433117	0	28.0038	-9999	-9999	-9999
2	13	5.08001	-3.19163	0.1499	-6.034	0.931108	0.0313625	0	27.5133	-9999	-9999	-9999
2	14	0.906714	-3.93771	-0.3892	-9.6273	0.178081	-0.22405	0	27.2408	-9999	-9999	-9999
2	15	1.89666	-1.90415	-0.4725	-3.4612	0.507039	-0.0374583	0	27.6212	-9999	-9999	-9999
2	16	5.09438	-3.6786	-0.7212	-6.5666	0.65532	-0.286906	0	26.8804	-9999	-9999	-9999
2	17	1.23147	-3.26014	-0.43	-6.0766	0.288194	-0.498102	0	26.5808	-9999	-9999	-9999
2	18	1.52935	-3.24214	-2.3177	-4.5224	0.114057	-0.392373	0	27.0333	-9999	-9999	-9999
2	19	5.5015	-2.6006	-0.4893	-4.8642	0.148752	-0.321056	0	27.1499	-9999	-9999	-9999
2	20	9.42727	0.242042	3.7358	-2.0461	1.34325	-0.403408	0	26.8911	-9999	-9999	-9999
2	21	0.896904	-1.49924	-0.8842	-2.1693	0.0883515	-0.26575	0	27.3767	-9999	-9999	-9999
2	22	1.96747	-1.42015	-0.5742	-2.3944	0.273574	-0.159558	0	27.3372	-9999	-9999	-9999
2	23	8.41226	-0.802525	2.8048	-3.5237	0.726488	-0.242771	0	26.9981	-9999	-9999	-9999
2	24	9.14242	-0.249108	4.1895	-3.2365	1.02924	-0.28909	0	26.8766	-9999	-9999	-9999
2	25	3.23346	-3.12927	-1.13	-5.9006	0.100323	-0.296123	0	26.9435	-9999	-9999	-9999
2	26	8.87074	-1.00771	3.4113	-3.7281	0.614783	-0.233535	0.2	27.0089	-9999	-9999	-9999
2	27	1.59237	-2.14774	-1.3917	-3.0899	0.563297	-0.195463	0	27.0608	-9999	-9999	-9999
2	28	5.12546	-3.26424	-1.1491	-4.2439	0.599469	-0.184656	0	27.0554	-9999	-9999	-9999
3	1	2.7108	-1.95339	-0.8136	-3.7323	0.470481	-0.201417	0	26.9429	-9999	-9999	-9999
3	2	4.06944	-1.4679	-1.0141	-2.2604	0.655817	-0.141606	0	27.0365	-9999	-9999	-9999
3	3	3.47152	-2.39315	-1.215	-3.0679	0.848349	-0.149081	0	26.9687	-9999	-9999	-9999
3	4	2.86319	-1.66888	-0.5626	-3.2822	0.858883	-0.16961	0	26.9066	-9999	-9999	-9999
3	5	4.41851	-0.50819	0.6683	-1.9474	1.02721	-0.135156	0	26.8896	-9999	-9999	-9999
3	6	5.61024	-0.0350771	1.5667	-1.5966	1.49271	-0.0855271	0	26.9064	-9999	-9999	-9999
3	7	3.57055	1.16494	3.1426	-0.5185	0.183687	-0.0219874	1.2	26.7626	-9999	-9999	-9999
3	8	3.07721	1.85376	4.4263	-0.1169	0.274896	0.0988667	2.2	26.9422	-9999	-9999	-9999
3	9	2.5173	4.36981	6.0024	2.3679	0.0701131	1.04119	1.8	27.2087	-9999	-9999	-9999
3	10	8.05498	5.41297	9.8849	1.78058	0.818458	2.80365	0	26.84	-9999	-9999	-9999
3	11	5.38859	5.88662	8.4613	4.4443	0.780775	3.1589	2.4	26.7024	-9999	-9999	-9999
3	12	6.21445	3.64354	5.2309	0.7437	1.04325	3.1423	2	27.0148	-9999	-9999	-9999
3	13	13.8587	2.3312	5.8954	0.2529	2.43923	1.96062	0	26.8521	-9999	-9999	-9999
3	14	13.9046	3.30442	6.7382	0.4113	2.26469	1.97188	0	26.687	-9999	-9999	-9999
3	15	13.2416	4.72589	11.4996	0.2245	2.35205	2.17211	0	26.5943	-9999	-9999	-9999
3	16	13.2133	5.16685	9.4077	1.6905	2.39183	2.50393	0	26.4733	-9999	-9999	-9999
3	17	14.0823	4.54042	8.7936	1.5297	1.96042	2.95472	0	26.3504	-9999	-9999	-9999
3	18	14.4642	4.4126	9.285	0.8905	1.75315	2.83111	0	26.3321	-9999	-9999	-9999
3	19	8.99914	3.76344	7.6722	-0.7078	0.969146	3.14438	0	26.3001	-9999	-9999	-9999
3	20	14.1786	1.18386	4.6815	-1.9042	1.34554	2.95191	0	26.3429	-9999	-9999	-9999
3	21	15.0225	-1.08205	1.7786	-3.2502	1.51553	2.09362	0	26.4294	-9999	-9999	-9999
3	22	15.4227	0.898515	5.0882	-3.1531	2.57013	1.82539	0	26.4553	-9999	-9999	-9999
3	23	15.8307	5.80541	14.2421	-4.556	4.94461	2.31497	0	26.3696	-9999	-9999	-9999
3	24	15.9217	-0.320773	12.0011	-6.4406	3.39366	2.93869	0	26.23	-9999	-9999	-9999
3	25	15.4828	-2.82092	1.2318	-9.2794	1.7205	3.70466	0	26.1321	-9999	-9999	-9999
3	26	12.662	-7.00977	0.84412	-13.1023	1.15067	3.35356	-9999	-9999	-9999	-9999	-9999
3	27	11.4957	-5.68042	3.06667	-13.0102	1.07474	3.67114	-9999	-9999	-9999	-9999	-9999
3	28	14.4448	-1.37701	3.1996	-4.05516	1.45176	4.04834	-9999	-9999	-9999	-9999	-9999
3	29	13.8673	-1.48905	1.8614	-4.4766	1.45092	4.11262	0	26.0737	-9999	-9999	-9999
3	30	13.7625	-4.18649	-0.8384	-7.4014	0.94033	4.29431	0	25.9954	-9999	-9999	-9999
3	31	17.9923	-4.61366	-2.3857	-7.5612	1.70732	4.25388	0	25.9958	-9999	-9999	-9999
4	1	8.74348	3.2263	12.2765	-7.6914	2.16387	4.24198	1.2	25.997	-9999	-9999	-9999
4	2	9.98534	6.69288	9.633	4.4415	1.70083	4.70278	0.6	25.9291	-9999	-9999	-9999
4	3	19.2825	5.31781	6.4743	3.3138	2.83935	4.2219	0	25.9481	-9999	-9999	-9999
4	4	6.6636	6.31393	10.4316	2.1721	1.52931	3.58776	0	25.9836	-9999	-9999	-9999
4	5	18.9668	5.40592	8.3891	3.0426	3.42548	3.4531	0	26.0006	-9999	-9999	-9999
4	6	17.4672	1.67495	3.0765	0.5015	3.81442	2.91382	0	26.0308	-9999	-9999	-9999
4	7	18.6184	0.50096	2.0476	-1.7841	3.73539	2.46216	0	26.011	-9999	-9999	-9999
4	8	18.4103	1.20542	3.0949	-0.1468	3.05154	2.23959	0.6	25.9928	-9999	-9999	-9999
4	9	8.78116	1.81345	5.001	-1.1182	1.30683	2.01753	2.4	26.1106	-9999	-9999	-9999
4	10	5.80048	3.89785	5.4056	2.4836	0.396538	2.59533	5.8	26.3811	-9999	-9999	-9999
4	11	7.61593	5.32164	7.4024	3.1159	0.860438	2.87591	3.2	26.821	-9999	-9999	-9999
4	12	8.49436	8.96875	10.6566	6.8972	2.93335	3.65425	0	26.5574	-9999	-9999	-9999
4	13	16.614	8.08183	12.6084	3.5474	2.3221	4.19291	0	26.5108	-9999	-9999	-9999
4	14	20.9329	9.30537	14.3427	4.406	3.11085	4.45745	0	26.4341	-9999	-9999	-9999
4	15	20.9842	9.46126	15.2146	5.1472	4.12625	4.97241	0	26.2488	-9999	-9999	-9999
4	16	21.3022	10.8587	16.6961	4.6571	6.20134	5.49056	0	26.1402	-9999	-9999	-9999
4	17	21.3318	11.6537	15.6778	6.5799	6.04145	5.69706	0	26.1431	-9999	-9999	-9999
4	18	13.4251	7.20439	9.8815	4.7788	3.16906	5.38259	0	26.1506	-9999	-9999	-9999
4	19	20.9358	8.76278	13.9462	4.0526	5.11915	5.65363	0	26.0501	-9999	-9999	-9999
4	20	21.6498	9.80824	14.0093	6.2475	6.44721	5.8779	0	25.9662	-9999	-9999	-9999
4	21	23.0273	10.9202	15.6088	6.0657	7.05461	6.23667	0	25.8728	-9999	-9999	-9999
4	22	23.4489	10.9764	16.9606	5.3948	7.13785	6.46156	0	25.8225	-9999	-9999	-9999
4	23	22.137	12.7261	17.7248	7.5831	6.96662	6.79566	0	25.7588	-9999	-9999	-9999
4	24	21.3398	9.65472	13.8429	5.0818	3.24966	6.8151	0	25.8033	-9999	-9999	-9999
4	25	21.3052	7.00732	10.4607	3.8271	3.10719	6.36045	0	25.8178	-9999	-9999	-9999
4	26	3.89997	8.46663	12.0185	5.9554	1.86082	6.15036	3.8	25.7705	-9999	-9999	-9999
4	27	11.8183	11.6331	14.5428	7.4773	1.5169	6.78219	10	27.3846	-9999	-9999	-9999
4	28	17.4831	13.899	16.7337	11.0331	1.99184	7.67073	4	26.8488	-9999	-9999	-9999
4	29	17.1251	13.5535	15.6941	10.476	2.46878	8.59742	3.2	27.3717	-9999	-9999	-9999
4	30	14.3268	13.1955	17.422	9.4987	2.7807	8.51161	20.4	27.5468	-9999	-9999	-9999
5	1	12.9703	12.2396	14.734	8.1085	1.81477	8.52635	3.4	28.5944	-9999	-9999	-9999
5	2	16.5284	12.9594	15.1692	10.5939	2.4239	8.66111	0	28.1917	-9999	-9999	-9999
5	3	8.48201	12.6598	14.5753	10.3489	1.44543	8.62431	9	28.6755	-9999	-9999	-9999
5	4	17.3744	13.5605	17.6352	9.6871	3.25732	8.6111	0	28.1549	-9999	-9999	-9999
5	5	16.5574	16.3718	22.3402	12.1382	5.17621	9.42824	0	27.6598	-9999	-9999	-9999
5	6	7.05379	13.8391	16.7026	10.075	1.81331	9.3885	3.06383	27.7782	-9999	-9999	-9999
5	7	17.7634	12.1348	16.4944	9.6145	3.09462	8.84098	0	27.4248	-9999	-9999	-9999
5	8	23.3646	13.2421	18.0015	8.3178	4.44566	9.11587	0	27.123	-9999	-9999	-9999
5	9	20.109	11.0067	14.2115	7.4672	3.00476	9.07713	0	26.8876	-9999	-9999	-9999
5	10	15.9372	12.9359	15.0845	10.1123	3.15309	8.88487	1	26.6844	-9999	-9999	-9999
5	11	26.5113	14.0395	17.339	10.1709	5.17923	9.09618	0	26.5751	-9999	-9999	-9999
5	12	13.0163	13.5385	15.694	10.1395	2.81595	9.27199	7.09565	27.2506	-9999	-9999	-9999
5	13	12.3417	10.768	14.8181	7.2065	1.50812	9.02644	4	27.4187	-9999	-9999	-9999
5	14	19.7313	8.54299	11.1886	6.0864	2.379	8.44735	0	27.0777	-9999	-9999	-9999
5	15	15.9681	7.82577	9.4777	6.0202	2.77124	8.13286	0.6	26.7411	-9999	-9999	-9999
5	16	17.1712	7.53891	9.7289	4.4088	3.1219	7.7205	0	26.5769	-9999	-9999	-9999
5	17	16.5801	9.95548	13.6366	6.0464	3.08799	7.80621	0	26.4976	-9999	-9999	-9999
5	18	16.5927	12.0056	16.3778	7.986	2.1534	8.67494	1.4	26.3583	-9999	-9999	-9999
5	19	14.86	13.8773	16.8324	10.5379	2.06781	9.15987	0.817021	26.1876	-9999	-9999	-9999
5	20	15.3824	11.9989	13.8758	8.1239	1.94618	9.2373	7.6	26.6232	-9999	-9999	-9999
5	21	16.0858	11.7062	13.6643	8.4191	2.16301	9.01277	1.63404	27.1773	-9999	-9999	-9999
5	22	12.6585	14.3205	15.608	13.2151	2.86425	9.26797	0.208696	26.731	-9999	-9999	-9999
5	23	9.99551	15.3064	18.0679	12.1087	1.07388	9.83482	11.2	28.0805	-9999	-9999	-9999
5	24	9.27205	16.2718	19.9775	14.044	1.19572	10.1648	6.8	27.9006	-9999	-9999	-9999
5	25	24.3272	18.1734	24.2882	12.6206	3.12171	10.9937	0	27.9378	-9999	-9999	-9999
5	26	21.4391	15.0192	17.5157	13.3323	2.93967	10.7386	0	27.2587	-9999	-9999	-9999
5	27	24.4079	15.9633	19.4197	12.2163	4.10475	10.3278	0	26.7982	-9999	-9999	-9999
5	28	22.0965	17.5127	19.8211	14.7536	5.91344	10.3486	0	26.4783	-9999	-9999	-9999
5	29	26.658	17.4194	20.701	14.0299	5.94349	10.6204	0	26.1767	-9999	-9999	-9999
5	30	27.752	18.5717	21.5554	14.1077	6.53491	10.9054	0	25.9101	-9999	-9999	-9999
5	31	28.5701	18.2614	20.2037	15.3315	4.91345	11.1791	0	25.6824	-9999	-9999	-9999
6	1	29.2475	17.9682	22.3691	13.3957	5.22154	11.2652	0	25.3897	-9999	-9999	-9999
6	2	29.5246	15.4444	17.9589	12.6724	5.27649	11.09	0	25.1072	-9999	-9999	-9999
6	3	24.4209	18.09	22.9204	12.498	6.3486	11.5476	0	24.8514	-9999	-9999	-9999
6	4	21.2337	20.8868	26.0057	15.2443	6.32488	12.3812	0	24.5259	-9999	-9999	-9999
6	5	21.5094	20.5355	23.8153	15.0772	3.75862	12.9777	1.2	24.34	-9999	-9999	-9999
6	6	23.0485	17.442	20.0373	15.1786	4.52133	12.4667	0	23.9065	-9999	-9999	-9999
6	7	14.3757	18.1452	21.5237	16.1518	2.89774	12.4215	1	23.6674	-9999	-9999	-9999
6	8	20.8685	19.225	24.7404	16.0215	3.13624	12.7406	6.94468	23.9276	-9999	-9999	-9999
6	9	7.30109	14.3471	16.6453	12.94	1.68562	12.4612	0.208696	24.8501	-9999	-9999	-9999
6	10	18.6048	14.5499	17.5804	11.2911	3.0859	12.1784	3.26809	24.3667	-9999	-9999	-9999
6	11	24.3737	16.0415	19.7814	12.6449	2.50463	12.6675	3.6	25.0849	-9999	-9999	-9999
6	12	27.0271	15.147	18.3976	11.7014	4.02468	12.4774	0	24.4124	-9999	-9999	-9999
6	13	28.0236	14.5465	18.0368	11.1567	4.18327	12.3257	0	23.9566	-9999	-9999	-9999
6	14	21.1648	13.9385	16.644	10.8648	3.10029	12.0991	0	23.6121	-9999	-9999	-9999
6	15	18.0709	12.4664	15.6012	9.8829	2.18598	11.6886	5.8	23.3374	-9999	-9999	-9999
6	16	27.9379	14.3712	17.8732	11.4556	3.36551	11.9583	0.2	24.1866	-9999	-9999	-9999
6	17	28.7099	14.4861	17.7645	10.2997	4.26898	11.9183	0	23.5004	-9999	-9999	-9999
6	18	12.2055	14.5045	17.2271	10.6215	2.27962	11.9844	0	23.2194	-9999	-9999	-9999
6	19	16.4586	15.0414	17.5881	12.9311	2.71823	12.2236	1.4	22.9455	-9999	-9999	-9999
6	20	21.06	12.4619	14.4911	8.8027	2.37151	11.6746	3.6	22.8244	-9999	-9999	-9999
6	21	15.0571	13.0456	15.1957	11.562	2.74852	11.4916	0	22.5781	-9999	-9999	-9999
6	22	22.2979	13.5923	16.0704	11.2431	3.75121	11.582	0	22.1603	-9999	-9999	-9999
6	23	11.6718	14.4737	18.8536	10.2601	1.6045	11.752	7.8	22.0758	-9999	-9999	-9999
6	24	12.6356	13.7128	15.2121	12.2589	1.99792	12.0492	1.02128	23.2149	-9999	-9999	-9999
6	25	13.0147	14.287	16.8075	12.256	2.29945	11.98	0	22.7149	-9999	-9999	-9999
6	26	28.4118	18.2201	22.5364	12.2147	6.99405	12.6296	0	22.0692	-9999	-9999	-9999
6	27	28.3017	18.4587	23.0952	13.7365	6.36333	13.1683	0	21.4725	-9999	-9999	-9999
6	28	23.9368	17.9008	23.2874	12.5072	5.69489	13.2806	0	20.7903	-9999	-9999	-9999
6	29	10.3036	15.6003	19.7728	12.3522	1.6618	13.001	2.2	20.6721	-9999	-9999	-9999
6	30	18.4665	15.9549	22.1112	14.1257	3.19452	12.9214	-9999	-9999	-9999	-9999	-9999
7	1	9.84944	14.6388	18.4136	12.3231	1.50708	12.797	12.2553	22.6899	-9999	-9999	-9999
7	2	14.5746	15.7137	19.3803	13.2807	1.90228	13.1071	2.50435	23.2552	-9999	-9999	-9999
7	3	13.5892	15.0042	18.113	11.8553	1.11477	13.1599	6.2	23.0422	-9999	-9999	-9999
7	4	7.68278	14.6675	17.0962	12.8739	0.411222	13.2619	15.2	27.2418	-9999	-9999	-9999
7	5	24.4483	17.2329	20.5389	14.7685	3.34254	13.7832	0.204255	26.7087	-9999	-9999	-9999
7	6	9.88295	14.688	17.5163	13.2293	2.43152	13.4104	0	25.5162	-9999	-9999	-9999
7	7	16.9501	14.8461	17.9717	12.5479	3.42842	13.0785	0	24.6887	-9999	-9999	-9999
7	8	19.627	16.1293	19.5623	11.6276	2.92067	13.2786	0	24.0281	-9999	-9999	-9999
7	9	16.8205	16.1694	18.6414	13.1961	3.13588	13.5632	0	23.3851	-9999	-9999	-9999
7	10	26.6112	16.9123	21.0754	12.5772	4.03673	13.6051	0	22.8242	-9999	-9999	-9999
7	11	17.2974	16.6656	21.0711	12.2425	2.71914	13.8506	8.8	22.8168	-9999	-9999	-9999
7	12	23.8537	14.9721	18.0243	11.7134	3.48409	13.4007	0	23.9005	-9999	-9999	-9999
7	13	29.2675	16.8497	20.6894	11.9214	4.51579	13.5619	0	23.0268	-9999	-9999	-9999
7	14	27.9112	19.729	24.9624	13.4665	5.96385	14.2637	0	22.2414	-9999	-9999	-9999
7	15	24.9379	21.1613	26.0574	15.616	5.83981	15.0472	0	21.3342	-9999	-9999	-9999
7	16	19.0734	19.7054	22.773	16.6417	3.53037	15.2987	0	20.6182	-9999	-9999	-9999
7	17	14.1481	19.9041	22.5891	16.8009	2.84388	15.4829	0.2	20.0351	-9999	-9999	-9999
7	18	8.12914	17.4751	19.5031	16.1809	1.13642	15.2558	10	21.6631	-9999	-9999	-9999
7	19	22.7265	19.0297	22.7097	14.3766	4.67747	15.1662	0	21.4901	-9999	-9999	-9999
7	20	27.1279	20.527	25.1989	15.5948	6.94928	15.5225	0	20.2034	-9999	-9999	-9999
7	21	7.71278	19.6686	22.5251	17.0735	2.24266	15.6751	0	19.4918	-9999	-9999	-9999
7	22	21.811	19.6364	23.853	15.9719	4.34577	15.785	2	19.4362	-9999	-9999	-9999
7	23	23.7709	21.0609	26.8906	14.6582	6.62885	15.424	0	18.7191	-9999	-9999	-9999
7	24	20.5814	24.1032	28.3853	20.788	5.55551	15.3672	1.2	17.899	-9999	-9999	-9999
7	25	23.2316	22.0812	25.677	17.8091	5.713	15.6247	0.2	17.2862	-9999	-9999	-9999
7	26	12.6239	21.295	24.3978	17.7023	4.78043	15.5049	4	18.005	-9999	-9999	-9999
7	27	10.956	22.4838	25.6181	19.7894	3.84896	15.6508	5	17.9098	-9999	-9999	-9999
7	28	18.9383	22.5803	25.594	19.7765	6.09635	15.5831	0	17.9128	-9999	-9999	-9999
7	29	22.2847	22.1723	26.4716	15.3624	8.84333	15.1944	0	16.8796	-9999	-9999	-9999
7	30	18.7814	24.1102	27.0919	21.3424	9.01549	15.1536	0	16.0033	-9999	-9999	-9999
7	31	24.4907	25.1038	28.9217	20.3294	11.6811	15.4956	0	15.0953	-9999	-9999	-9999
8	1	24.3911	25.7037	30.1399	21.139	11.6304	15.8985	0	14.1849	-9999	-9999	-9999
8	2	10.6524	22.7412	25.6771	19.2177	4.28209	15.9676	5.71915	15.1977	-9999	-9999	-9999
8	3	22.7615	22.8075	25.1567	19.7768	7.89447	15.6739	0	15.1914	-9999	-9999	-9999
8	4	19.2548	22.6413	25.3251	19.4939	6.98521	15.1443	0	14.0326	-9999	-9999	-9999
8	5	25.241	21.9309	24.6823	18.5133	7.91855	15.1223	0	12.9526	-9999	-9999	-9999
8	6	25.2643	23.343	27.6096	19.2671	11.032	15.0181	0	12.1041	-9999	-9999	-9999
8	7	23.142	24.7406	28.2267	20.8116	12.0237	15.2513	0	11.2836	-9999	-9999	-9999
8	8	21.583	27.0574	31.2727	23.2524	13.8558	15.8465	0	10.6433	-9999	-9999	-9999
8	9	22.7062	24.7667	28.6531	21.3197	8.48387	16.1462	0	10.0594	-9999	-9999	-9999
8	10	22.6333	25.6639	30.1009	21.2796	11.2515	15.9084	0	9.70292	-9999	-9999	-9999
8	11	23.3796	25.4898	29.5226	20.4341	11.2238	16.1887	0	9.27097	-9999	-9999	-9999
8	12	18.9417	26.1518	29.4147	23.5288	10.5671	16.6089	0.4	8.93937	-9999	-9999	-9999
8	13	16.6179	23.9091	28.5594	19.8961	9.00825	16.1329	0	8.75959	-9999	-9999	-9999
8	14	14.9662	19.3104	20.6143	17.6143	5.96026	14.9569	0.204255	8.62327	-9999	-9999	-9999
8	15	9.32954	18.4356	19.7933	17.1376	5.04133	14.4015	0	8.48923	-9999	-9999	-9999
8	16	18.8122	19.2501	22.0583	17.0743	5.64999	14.6487	0	8.33917	-9999	-9999	-9999
8	17	20.4314	19.5419	23.9931	15.7157	5.79154	14.4234	0	8.1707	-9999	-9999	-9999
8	18	3.95703	18.6609	21.5985	16.3913	1.46229	14.0183	2.85957	8.44097	-9999	-9999	-9999
8	19	18.4918	20.9178	25.2214	17.8416	5.08754	14.6934	0.2	9.25236	-9999	-9999	-9999
8	20	12.8282	19.8583	23.2378	17.2515	4.92489	14.4642	0	8.53638	-9999	-9999	-9999
8	21	7.08566	18.8675	21.0671	16.7265	3.16993	14.148	4.90213	8.75688	-9999	-9999	-9999
8	22	8.85362	19.9307	23.4305	18.0364	3.70003	14.3951	2.77333	10.5473	-9999	-9999	-9999
8	23	12.9181	18.8504	21.117	16.6447	4.26024	14.1093	4.08511	10.9318	-9999	-9999	-9999
8	24	20.2249	20.7441	25.0781	16.7979	6.12532	14.5244	0	10.3744	-9999	-9999	-9999
8	25	19.0398	20.3325	22.4188	18.2478	7.47979	14.3196	0	9.26263	-9999	-9999	-9999
8	26	16.5878	18.838	22.2374	15.9134	6.74743	13.9016	0	8.74486	-9999	-9999	-9999
8	27	14.8474	15.1129	17.3823	12.5003	5.50993	12.9397	1.42979	8.49451	-9999	-9999	-9999
8	28	15.023	15.8812	18.8215	13.1406	4.67932	12.3278	0	8.345	-9999	-9999	-9999
8	29	4.77835	14.6146	18.1933	9.9996	1.50575	12.6161	12.4	10.1101	-9999	-9999	-9999
8	30	4.19485	11.307	12.7227	9.8972	0.821511	12.0341	6.05217	15.7844	-9999	-9999	-9999
8	31	14.3724	12.6844	15.581	10.0624	2.48556	12.0213	1	16.0406	-9999	-9999	-9999
9	1	8.12947	10.182	14.6713	8.0843	1.12853	11.395	10.4	17.1931	-9999	-9999	-9999
9	2	12.8821	11.7469	14.9446	8.591	3.42527	10.9088	0	19.1904	-9999	-9999	-9999
9	3	7.6349	13.8076	15.7859	11.0667	2.10733	11.8807	2.4	18.8471	-9999	-9999	-9999
9	4	14.3144	15.008	18.8694	12.5693	3.00293	12.6331	0	17.9661	-9999	-9999	-9999
9	5	15.4779	14.9966	19.5273	11.354	3.008	12.7268	0	17.1085	-9999	-9999	-9999
9	6	16.1539	15.3725	19.9506	10.1713	3.66409	12.9241	0	16.2567	-9999	-9999	-9999
9	7	10.5884	15.8664	18.1999	14.001	3.41541	13.2403	0	15.4431	-9999	-9999	-9999
9	8	12.6013	16.1345	18.8108	13.5493	4.0934	13.3351	0	14.6285	-9999	-9999	-9999
9	9	8.66203	15.5004	17.017	12.3849	3.14776	13.3226	4.90213	13.694	-9999	-9999	-9999
9	10	2.50355	11.8775	12.7045	10.0765	0.174561	12.7706	24	18.6483	-9999	-9999	-9999
9	11	14.8337	13.1282	16.7245	9.5208	2.07866	12.4495	0.4	21.9482	-9999	-9999	-9999
9	12	8.99057	14.1247	17.0463	11.1276	1.66294	12.6497	0	20.6186	-9999	-9999	-9999
9	13	14.6965	13.8483	17.0933	10.3783	2.23709	12.7118	0	19.6831	-9999	-9999	-9999
9	14	15.0893	14.2065	18.3851	10.137	2.88725	12.2316	0	18.8025	-9999	-9999	-9999
9	15	13.0383	14.8778	18.6766	11.2644	2.81414	12.6364	0	17.9322	-9999	-9999	-9999
9	16	8.59831	15.2444	19.0763	12.0914	1.85131	12.9493	0	17.2957	-9999	-9999	-9999
9	17	12.319	15.3921	19.11	11.9809	2.33603	13.246	0	16.7181	-9999	-9999	-9999
9	18	12.4424	17.2648	21.4544	13.3912	4.53969	13.5437	0	16.1303	-9999	-9999	-9999
9	19	7.0952	16.691	18.6568	14.3928	2.84606	13.7404	0	15.572	-9999	-9999	-9999
9	20	11.9862	15.6292	20.0052	13.2771	1.98073	13.7932	0	15.0778	-9999	-9999	-9999
9	21	6.31784	14.0164	16.8298	11.4037	1.68319	13.254	2.04255	14.8194	-9999	-9999	-9999
9	22	12.8437	17.8649	23.6257	10.947	5.76858	13.6066	0	14.2162	-9999	-9999	-9999
9	23	12.9337	12.9195	19.6341	10.1111	4.00495	12.8087	7.13143	14.3798	-9999	-9999	-9999
9	24	13.9843	10.6038	13.1941	8.5693	3.66291	11.4653	0	13.879	-9999	-9999	-9999
9	25	8.92062	12.4988	15.6399	9.7699	2.7544	11.6533	0	13.134	-9999	-9999	-9999
9	26	12.3902	13.0716	16.4531	9.8427	4.12219	11.641	0	12.448	-9999	-9999	-9999
9	27	10.948	10.7334	13.1674	7.5927	3.03876	11.262	0.2	11.7796	-9999	-9999	-9999
9	28	11.6991	9.79243	12.7547	7.2058	2.98479	10.3028	0	11.2674	-9999	-9999	-9999
9	29	2.78413	8.05629	9.5466	6.5279	0.751483	9.84949	1.42979	11.0219	-9999	-9999	-9999
9	30	12.7697	9.61926	14.4253	6.4226	3.0673	9.64547	0	10.8418	-9999	-9999	-9999
10	1	6.86866	9.41745	13.1389	5.2815	1.11937	9.54392	0	10.4134	-9999	-9999	-9999
10	2	7.84876	10.4744	13.5155	6.5132	1.137	9.9122	0.2	10.2456	-9999	-9999	-9999
10	3	5.42585	9.69641	12.9958	5.1059	0.602324	9.67065	0.8	9.94202	-9999	-9999	-9999
10	4	7.53716	10.045	12.3852	6.3874	1.33069	10.2106	0.2	9.8207	-9999	-9999	-9999
10	5	10.0043	8.12483	11.5114	5.6877	1.96982	9.18681	0	9.57604	-9999	-9999	-9999
10	6	7.14762	7.61157	10.5296	5.1785	0.976508	8.8001	3	9.54625	-9999	-9999	-9999
10	7	6.35553	7.62733	10.1975	5.2494	1.00737	9.00767	0.4	9.79174	-9999	-9999	-9999
10	8	4.90957	8.32417	10.5947	6.8469	0.658485	9.00677	5.31064	10.2824	-9999	-9999	-9999
10	9	6.6152	9.17721	10.8219	7.6571	2.07273	9.0722	0	11.5985	-9999	-9999	-9999
10	10	6.54102	11.5954	13.2935	9.7469	1.39857	10.0053	5.2	12.7681	-9999	-9999	-9999
10	11	7.72402	10.0206	12.2119	7.3831	2.37668	9.66704	0	12.8134	-9999	-9999	-9999
10	12	9.37418	8.50427	11.8201	5.9398	1.82565	9.09465	0	11.5574	-9999	-9999	-9999
10	13	9.86555	6.7304	9.2442	4.4417	1.88014	8.24638	0	10.9307	-9999	-9999	-9999
10	14	9.91177	5.94637	9.1844	3.2394	1.89608	7.55009	0	10.387	-9999	-9999	-9999
10	15	9.4066	7.94494	10.587	3.9579	1.69145	7.10658	0	9.9957	-9999	-9999	-9999
10	16	9.1519	10.1054	13.8976	6.97973	2.42304	6.76448	0	9.74632	-9999	-9999	-9999
10	17	4.97326	8.57432	13.5026	5.99665	0.955701	6.56902	0	9.61854	-9999	-9999	-9999
10	18	2.1872	6.51351	8.28145	5.79706	1.21259	7.1063	0	9.48486	-9999	-9999	-9999
10	19	2.59472	8.02649	11.2877	5.70869	0.764044	7.05452	3.8	9.80729	-9999	-9999	-9999
10	20	7.15219	6.64189	9.4378	4.1309	1.18602	6.322	0.8	11.9098	-9999	-9999	-9999
10	21	2.08177	6.37868	9.1408	3.2734	1.19311	5.67795	1.4	11.3476	-9999	-9999	-9999
10	22	8.27615	5.35341	8.3711	2.4701	1.84431	5.35785	0	10.9713	-9999	-9999	-9999
10	23	8.19203	2.61259	5.2768	-0.0219	1.77196	4.20677	0	10.5542	-9999	-9999	-9999
10	24	5.19008	4.81121	7.1916	2.6082	1.85732	4.19625	0	10.4284	-9999	-9999	-9999
10	25	2.33775	7.81179	11.4681	4.2002	0.967513	5.40832	2.2	10.5331	-9999	-9999	-9999
10	26	7.46869	4.99389	6.9914	3.2285	2.58294	4.58389	0	10.7583	-9999	-9999	-9999
10	27	3.31983	7.08025	10.6056	4.1185	1.79956	4.11573	0	10.6043	-9999	-9999	-9999
10	28	1.57448	10.5381	11.7401	7.9716	1.48627	6.06952	0	10.5283	-9999	-9999	-9999
10	29	3.81537	6.85213	9.3791	4.7231	0.520023	5.34701	0	10.1453	-9999	-9999	-9999
10	30	0.973368	7.53074	9.1647	4.4257	0.0996062	5.23526	2	10.1247	-9999	-9999	-9999
10	31	1.99521	5.38679	7.7295	3.3499	0.268429	5.9463	1	10.4843	-9999	-9999	-9999
11	1	1.23255	7.25786	8.7627	5.7834	0.338774	6.67924	2.2	11.3543	-9999	-9999	-9999
11	2	2.47169	7.86823	9.4082	6.9624	0.709554	7.28876	1.4	11.4297	-9999	-9999	-9999
11	3	1.97908	8.59907	10.4831	6.8309	0.458534	7.65888	5.6	12.9806	-9999	-9999	-9999
11	4	4.12628	8.43623	10.1893	5.9993	0.97762	7.83021	0.2	15.2009	-9999	-9999	-9999
11	5	1.37	6.17628	7.4163	3.2911	0.219671	7.1605	0.2	14.9724	-9999	-9999	-9999
11	6	2.7761	4.19159	6.0528	2.0595	0.102201	6.66123	0.8	14.7997	-9999	-9999	-9999
11	7	4.36815	4.43117	6.8543	2.5517	0.341656	6.28144	0.2	14.6381	-9999	-9999	-9999
11	8	0.541134	6.0167	6.5266	5.061	0.697402	6.64395	0	14.4729	-9999	-9999	-9999
11	9	0.698976	5.22242	6.3081	4.119	0.70614	6.58093	0	14.3984	-9999	-9999	-9999
11	10	0.499068	3.7024	4.4089	3.0664	0.578185	6.1084	0	14.3225	-9999	-9999	-9999
11	11	4.33202	3.76807	5.6513	1.8902	1.01176	5.66059	0	14.1733	-9999	-9999	-9999
11	12	4.62323	3.53313	6.5402	1.5557	1.07035	5.09375	0	14.0716	-9999	-9999	-9999
11	13	2.64001	2.09779	4.1305	0.3442	0.5066	4.65561	0	13.9676	-9999	-9999	-9999
11	14	0.792072	3.40509	4.638	1.6903	0.113272	5.42892	0.2	13.8836	-9999	-9999	-9999
11	15	0.528516	5.0358	7.8026	1.5526	0.170632	5.66821	1.2	13.7076	-9999	-9999	-9999
11	16	0.790686	6.82113	7.8358	5.8852	0.339126	6.55698	0.6	13.5918	-9999	-9999	-9999
11	17	2.27959	5.79152	7.2935	4.0896	0.456104	6.34017	1	13.5802	-9999	-9999	-9999
11	18	0.433836	7.93232	10.4129	5.0712	0.0849247	6.60347	4.4	14.4478	-9999	-9999	-9999
11	19	0.233694	9.11238	10.3525	6.4703	0.229514	7.88381	11.234	18.0956	-9999	-9999	-9999
11	20	0.780516	7.48326	9.0177	6.6	0.191228	7.31038	8.17021	21.6863	-9999	-9999	-9999
11	21	0.301698	7.86086	8.4673	7.3112	0.0427367	7.69794	1.4	23.3964	-9999	-9999	-9999
11	22	0.21492	7.43766	8.1942	7.169	-0.00710353	7.68383	11.2	24.5847	-9999	-9999	-9999
11	23	0.538632	7.78761	10.6368	3.6946	0.484386	7.77854	1	24.9608	-9999	-9999	-9999
11	24	1.71907	2.8493	3.8994	0.5145	0.301691	6.62091	3.2	25.1877	-9999	-9999	-9999
11	25	0.441666	5.19894	7.2444	2.9904	0.142571	6.50759	2.24681	24.6602	-9999	-9999	-9999
11	26	0.437292	6.57325	7.9224	3.4802	0.0283382	6.63114	1.2	24.0677	-9999	-9999	-9999
11	27	0.265698	6.10619	6.421	5.5852	-0.031434	7.00529	0.4	23.541	-9999	-9999	-9999
11	28	1.20983	5.77037	6.9264	3.9988	0.0231963	6.8574	0.8	23.2299	-9999	-9999	-9999
11	29	2.62175	1.8803	6.2521	-2.7268	0.000475214	5.41608	6.74043	22.9446	-9999	-9999	-9999
11	30	0.174744	6.60618	7.1024	5.5812	0.311862	6.45019	0.2	22.3403	-9999	-9999	-9999
12	1	0.693252	5.79074	6.7517	4.5938	0.504157	6.43423	0	21.9573	-9999	-9999	-9999
12	2	0.242334	6.11608	6.6431	5.5732	0.369479	6.56577	0	21.6145	-9999	-9999	-9999
12	3	0.065052	4.98237	5.6607	4.0737	0.311753	6.44464	0	21.3646	-9999	-9999	-9999
12	4	0.16884	3.86869	4.8258	3.3377	0.216632	6.18039	0	21.2003	-9999	-9999	-9999
12	5	1.61012	7.36021	9.1461	5.0472	0.477641	6.41782	1.2	21.1066	-9999	-9999	-9999
12	6	1.59703	2.58016	8.2802	-0.8079	3.0175	5.46873	0	21.0648	-9999	-9999	-9999
12	7	1.84086	0.769742	4.2185	-2.7292	1.46723	3.99702	0	20.7431	-9999	-9999	-9999
12	8	0.352638	5.31208	5.9313	3.2478	0.616271	5.09433	0	20.6097	-9999	-9999	-9999
12	9	1.87623	2.59707	5.2171	-1.3068	0.705502	5.2008	0	20.5452	-9999	-9999	-9999
12	10	2.3303	0.23504	2.3148	-1.3472	0.417211	3.72474	0	20.4383	-9999	-9999	-9999
12	11	0.154314	1.877	3.3252	-0.4811	0.181529	3.72971	4.6	20.8021	-9999	-9999	-9999
12	12	2.33192	2.57904	4.1006	1.4486	0.613776	3.8802	0.2	22.2963	-9999	-9999	-9999
12	13	0.103986	5.3135	8.3924	1.7358	0.234559	4.54253	11.8	24.8223	-9999	-9999	-9999
12	14	1.31837	5.50534	7.6167	1.5734	1.12191	5.2471	1	25.8669	-9999	-9999	-9999
12	15	2.49059	1.80459	3.2685	-0.3771	1.98451	3.99785	0.817021	25.7841	-9999	-9999	-9999
12	16	2.58061	2.11927	3.6395	0.5401	2.17519	3.52366	0	25.0188	-9999	-9999	-9999
12	17	0.270486	6.02706	7.656	2.0219	0.202636	4.44533	4.6	25.9627	-9999	-9999	-9999
12	18	0.927216	5.13222	7.1946	2.7188	0.614435	5.09258	0	25.7017	-9999	-9999	-9999
12	19	0.61065	3.28836	4.5977	2.2452	0.385181	4.13486	0	25.2153	-9999	-9999	-9999
12	20	0.321606	3.62314	4.9925	2.4557	0.105033	4.73001	7.4	24.9247	-9999	-9999	-9999
12	21	0.617868	3.35201	6.7526	0.0557	0.416668	4.77528	5.6	27.1207	-9999	-9999	-9999
12	22	1.65595	-2.5285	-0.2865	-4.6211	0.837761	3.72785	0.2	27.1817	-9999	-9999	-9999
12	23	1.60753	-0.797142	0.8626	-3.973	0.396696	2.96875	0	26.1585	-9999	-9999	-9999
12	24	0.180558	1.84085	3.8815	0.3671	0.212399	3.17547	3.2	26.6249	-9999	-9999	-9999
12	25	0.065844	5.31819	6.523	3.9741	0.042054	4.40123	0.4	26.821	-9999	-9999	-9999
12	26	0.129726	5.98804	6.8489	4.2428	0.143045	5.1825	0.6	26.3099	-9999	-9999	-9999
12	27	0.77364	5.08393	6.6349	4.2474	0.932311	4.929	4	26.6408	-9999	-9999	-9999
12	28	0.322182	3.92941	5.997	2.0092	0.447405	4.70829	6.2	26.8899	-9999	-9999	-9999
12	29	0.866988	1.64561	3.3502	-0.2724	0.234454	4.15035	11.8	28.5431	-9999	-9999	-9999
12	30	0.595152	1.2624	2.4118	-0.4903	0.183641	3.76724	0	27.6912	-9999	-9999	-9999
12	31	2.41515	-1.65982	0.5854	-5.0008	0.429258	3.08643	0	26.8183	-9999	-9999	-9999
