Month	n_days	Rg_f	Ta_f	Tmax	Tmin	VPD_f	Ts_f	Precip	SWC	LAI	ET	Litterfall
1	1	2.22	-1.01	-0.33	-2.23	0.43	1.86	0	-9999	-9999	-9999	-9999
1	2	3.41	-2.51	-0.34	-4.36	0.54	1.39	0	-9999	-9999	-9999	-9999
1	3	0.86	0.95	3.38	-3.07	0.44	1.09	2.2	-9999	-9999	-9999	-9999
1	4	0.76	-2.89	0.19	-7.01	0.36	1.25	0	-9999	-9999	-9999	-9999
1	5	3.36	-5.35	-3.43	-7.72	1.03	0.84	0	-9999	-9999	-9999	-9999
1	6	1.75	-1.42	0.81	-4.96	0.93	0.27	0	-9999	-9999	-9999	-9999
1	7	2.85	-0.31	1.61	-2.33	1.4	0.48	0.4	-9999	-9999	-9999	-9999
1	8	1.57	-0.15	2.79	-3.07	0.79	0.33	0.6	-9999	-9999	-9999	-9999
1	9	2.97	3.63	4.63	2.94	0.56	0.53	0	-9999	-9999	-9999	-9999
1	10	0.82	2.15	3.41	-0.04	0.41	1.01	0	-9999	-9999	-9999	-9999
1	11	2.39	0.62	3.85	-1.86	1.57	1.24	0	-9999	-9999	-9999	-9999
1	12	1.94	3.68	4.38	2.81	2.61	1.73	0.2	-9999	-9999	-9999	-9999
1	13	0.32	3.5	4.13	2.6	0.15	2.7	3.4	-9999	-9999	-9999	-9999
1	14	0.56	3.02	3.4	2.37	0	3.17	0.6	-9999	-9999	-9999	-9999
1	15	0.88	1.08	2.53	-1.66	0	2.83	0.2	-9999	-9999	-9999	-9999
1	16	1.08	-0.73	0.39	-2.27	0.28	1.95	0	-9999	-9999	-9999	-9999
1	17	1.22	-0.7	-0.39	-1.12	0.52	1.77	0	-9999	-9999	-9999	-9999
1	18	1.44	1.43	2.71	-0.58	0.03	2.1	0.2	-9999	-9999	-9999	-9999
1	19	0.58	1.65	2.96	0.42	0.29	2.39	3.8	-9999	-9999	-9999	-9999
1	20	3.27	3.27	4.44	1.99	0.87	2.74	3	-9999	-9999	-9999	-9999
1	21	4.15	1.32	3.67	-0.34	0.52	2.26	0	-9999	-9999	-9999	-9999
1	22	1.4	0.01	1.23	-0.81	0.11	2.21	0	-9999	-9999	-9999	-9999
1	23	0.82	0.8	2.02	-0.28	0.45	2.22	4.8	-9999	-9999	-9999	-9999
1	24	1.21	1.66	3.19	0.18	0.17	2.55	3	-9999	-9999	-9999	-9999
1	25	1.28	2.16	3.51	0.3	0.56	2.77	0	-9999	-9999	-9999	-9999
1	26	1.65	0.92	1.41	0.19	1.12	2.57	0	-9999	-9999	-9999	-9999
1	27	2.12	0.8	1.82	0.22	1.32	2.46	0	-9999	-9999	-9999	-9999
1	28	1.56	-0.66	0.33	-2.38	0.68	2.3	0	-9999	-9999	-9999	-9999
1	29	1.06	-3.34	-2.38	-3.92	0.03	1.91	0	-9999	-9999	-9999	-9999
1	30	0.62	-1.72	-0.49	-3.34	0.03	1.67	0	-9999	-9999	-9999	-9999
1	31	2.39	0.13	1.38	-0.81	1.1	1.87	0	-9999	-9999	-9999	-9999
2	1	1.54	-2.08	-0.92	-3.49	0.83	1.54	0	-9999	-9999	-9999	-9999
2	2	0.86	-0.09	0.69	-1.87	1.06	1.42	0	-9999	-9999	-9999	-9999
2	3	1.08	0.43	0.79	-0.08	0.56	1.7	0	-9999	-9999	-9999	-9999
2	4	0.8	-0.06	0.63	-0.46	0.11	1.9	0.8	-9999	-9999	-9999	-9999
2	5	1.42	0.3	1.09	-0.2	0	2.03	5.6	-9999	-9999	-9999	-9999
2	6	1.01	2.66	3.95	1.11	0	2.59	0.8	-9999	-9999	-9999	-9999
2	7	0.87	1.65	2.14	0.82	0	2.67	3.6	-9999	-9999	-9999	-9999
2	8	4.89	0.99	2.27	0.04	0.51	2.48	1.2	-9999	-9999	-9999	-9999
2	9	2.8	-0.07	0.53	-0.51	0.46	1.92	0	-9999	-9999	-9999	-9999
2	10	1.89	0.2	1.73	-0.63	0.3	2	0.2	-9999	-9999	-9999	-9999
2	11	3.98	-0.46	0.33	-0.89	0.45	1.93	1.6	-9999	-9999	-9999	-9999
2	12	3.11	-1.31	-0.46	-2.71	0.94	1.86	0	-9999	-9999	-9999	-9999
2	13	7.48	-2.48	-0.29	-4.15	0.48	1.45	0.4	-9999	-9999	-9999	-9999
2	14	7.25	-1.75	0.71	-4.37	0.62	1.12	0.2	-9999	-9999	-9999	-9999
2	15	2.8	-0.87	-0.24	-1.52	0.25	0.98	0.2	-9999	-9999	-9999	-9999
2	16	3.43	-1.44	-0.77	-2.5	0.07	1.08	0	-9999	-9999	-9999	-9999
2	17	9.12	-4.43	-1.71	-6.8	0.73	1.14	0.4	-9999	-9999	-9999	-9999
2	18	4.49	-3.13	-0.2	-5.76	0.44	0.95	0	-9999	-9999	-9999	-9999
2	19	3.09	-1.38	-0.12	-2.17	0.02	1.03	0	-9999	-9999	-9999	-9999
2	20	3.77	-0.73	-0.12	-1.24	0.16	1.22	2	-9999	-9999	-9999	-9999
2	21	3.45	-0.58	0.21	-1.23	0.39	1.4	0.2	-9999	-9999	-9999	-9999
2	22	6.16	3.73	5.93	0.39	0.44	1.48	10.6	-9999	-9999	-9999	-9999
2	23	2.37	0.59	3	-0.48	0.56	1.51	0	-9999	-9999	-9999	-9999
2	24	9.37	1.04	3.52	-1.65	1.12	1.29	0	-9999	-9999	-9999	-9999
2	25	2.31	4.13	5.42	2.86	0.11	2.53	1.2	-9999	-9999	-9999	-9999
2	26	4.33	4.34	6.17	3.24	0.87	3.07	1.2	-9999	-9999	-9999	-9999
2	27	6.55	3.34	5.87	1.29	0.84	2.81	0	-9999	-9999	-9999	-9999
2	28	4.52	1.1	2.97	-0.8	0.97	2.38	0	-9999	-9999	-9999	-9999
3	1	1.51	2.02	3.3	0.7	0.66	2.56	0.4	-9999	-9999	-9999	-9999
3	2	1.89	3.11	4.4	1.69	0.58	2.91	3.2	-9999	-9999	-9999	-9999
3	3	7.35	4.35	6.1	2.64	1.31	3.41	0	-9999	-9999	-9999	-9999
3	4	5.91	3.68	5.84	2.1	1.14	3.35	0	-9999	-9999	-9999	-9999
3	5	2.54	3.78	4.95	3.26	0.62	3.56	0	-9999	-9999	-9999	-9999
3	6	1.01	2.31	3.47	1.27	0.48	3.28	1	-9999	-9999	-9999	-9999
3	7	2.32	1.97	3.16	1.07	0.28	3.19	1	-9999	-9999	-9999	-9999
3	8	2.88	3.13	6.16	0.78	0.49	3.19	5.4	-9999	-9999	-9999	-9999
3	9	5.73	2.05	4.52	0.17	0.32	2.96	1.8	-9999	-9999	-9999	-9999
3	10	5.74	3.51	5.82	1.45	0.48	3.51	0.2	-9999	-9999	-9999	-9999
3	11	7.9	3.04	5.11	1.02	1	3.34	0	-9999	-9999	-9999	-9999
3	12	2.57	0.9	3.95	-2.76	0.06	2.54	6.4	-9999	-9999	-9999	-9999
3	13	3.4	5.24	7.13	3.68	0.54	3.64	0.2	-9999	-9999	-9999	-9999
3	14	9.17	4.94	7.94	0.57	0.87	4.04	3.2	-9999	-9999	-9999	-9999
3	15	3.24	5.8	7.45	4.68	0.39	4.69	1	-9999	-9999	-9999	-9999
3	16	4.2	5.02	7.03	3.27	0.56	4.6	3.2	-9999	-9999	-9999	-9999
3	17	13.21	5.88	7.92	3.66	2.76	4.61	1.8	-9999	-9999	-9999	-9999
3	18	15.33	5.36	8.55	2.67	2.56	4.13	0	-9999	-9999	-9999	-9999
3	19	16.03	3.41	6.45	1.19	2.16	3.95	0	-9999	-9999	-9999	-9999
3	20	13.61	2.04	4.98	-0.26	1.71	3.18	0	-9999	-9999	-9999	-9999
3	21	2.7	2.59	3.85	0.53	0.76	3.22	0	-9999	-9999	-9999	-9999
3	22	10.84	5.78	8.53	3.75	1.88	4.18	0	-9999	-9999	-9999	-9999
3	23	5.15	2.8	4.53	0.1	0.68	4.06	4.8	-9999	-9999	-9999	-9999
3	24	12.51	-0.12	1.7	-1.83	1.89	2.98	1.8	-9999	-9999	-9999	-9999
3	25	13.42	-1.33	0.45	-3.88	2.07	2.12	0	-9999	-9999	-9999	-9999
3	26	8.63	1.2	4.29	-1.95	0.92	2.23	3.8	-9999	-9999	-9999	-9999
3	27	9.44	4.41	6.04	2.79	0.88	3.51	5.4	-9999	-9999	-9999	-9999
3	28	7.1	4.6	6.8	2.5	1.15	3.8	0	-9999	-9999	-9999	-9999
3	29	11.47	5.1	8.13	1.38	1.86	4.09	0	-9999	-9999	-9999	-9999
3	30	10.04	4.1	6.88	1.21	1.76	3.83	0	-9999	-9999	-9999	-9999
3	31	8.21	6.79	9.23	3.92	1.8	4.53	0	-9999	-9999	-9999	-9999
4	1	4.58	6.38	8.04	4.64	0.53	5.05	0	-9999	-9999	-9999	-9999
4	2	11.93	4.72	9.98	0.79	0.93	4.5	0	-9999	-9999	-9999	-9999
4	3	19.28	8.37	15.15	2.03	5.12	4.7	0	-9999	-9999	-9999	-9999
4	4	17.87	10.56	18.57	5	5.19	5.54	0	-9999	-9999	-9999	-9999
4	5	12.88	7.53	10.11	5.27	2.36	6.01	0	-9999	-9999	-9999	-9999
4	6	17.8	7.44	11.89	3.18	3.29	5.44	0	-9999	-9999	-9999	-9999
4	7	15.75	9.44	14.03	5.71	4.64	6.13	1.4	-9999	-9999	-9999	-9999
4	8	14.56	9.18	13.31	5.72	2.66	6.55	2	-9999	-9999	-9999	-9999
4	9	18.26	9.7	13.28	5.47	2.93	6.9	0.2	-9999	-9999	-9999	-9999
4	10	20.73	9.78	13.77	6.68	5.07	6.54	0	-9999	-9999	-9999	-9999
4	11	21.15	8.88	13.16	4.92	3.42	6.67	0	-9999	-9999	-9999	-9999
4	12	21.04	7.97	12.47	4.47	2.09	6.84	0	-9999	-9999	-9999	-9999
4	13	16.96	8.41	14.42	3.09	2.36	7.01	0	-9999	-9999	-9999	-9999
4	14	18.66	10.64	16.61	6	3.42	7.49	0	-9999	-9999	-9999	-9999
4	15	19.61	9.37	12.89	6.67	3.87	7.39	0	-9999	-9999	-9999	-9999
4	16	20.16	7.6	10.91	4.58	3.43	7.03	0	-9999	-9999	-9999	-9999
4	17	22.64	7.42	12.68	2.21	5.07	6.6	0	-9999	-9999	-9999	-9999
4	18	22.95	8.5	13.59	3.14	4.51	6.81	0	-9999	-9999	-9999	-9999
4	19	23.2	5.27	9.47	1.62	3.56	6.34	0	-9999	-9999	-9999	-9999
4	20	22.55	9.19	14.84	2.6	5.63	6.44	0	-9999	-9999	-9999	-9999
4	21	21.78	7.51	11.81	3.75	3.28	6.74	0	-9999	-9999	-9999	-9999
4	22	4.3	6.26	8.35	3.13	0.77	6.32	0	-9999	-9999	-9999	-9999
4	23	22.68	10.27	15.21	5.42	5.99	6.79	0	-9999	-9999	-9999	-9999
4	24	23.67	11.35	15.37	6.28	7.44	7.1	0	-9999	-9999	-9999	-9999
4	25	23.76	10.55	14.91	5.54	6.24	7.25	0	-9999	-9999	-9999	-9999
4	26	19.93	14.2	20.13	9.15	6.96	8.14	0	-9999	-9999	-9999	-9999
4	27	20.98	13.62	19.2	8.84	5.18	8.62	0	-9999	-9999	-9999	-9999
4	28	17.07	13.27	18	9.93	5.14	8.89	0	-9999	-9999	-9999	-9999
4	29	22.6	14.64	19.57	9.79	4.99	9.14	0	-9999	-9999	-9999	-9999
4	30	23	13.83	19.37	7.84	7.49	9.38	0	-9999	-9999	-9999	-9999
5	1	25.76	10.01	14.9	6.21	5.51	8.67	0	-9999	-9999	-9999	-9999
5	2	24.45	11.31	17.22	5.12	6.31	8.42	0	-9999	-9999	-9999	-9999
5	3	15.68	10.5	13.8	7.48	3.06	8.61	4	-9999	-9999	-9999	-9999
5	4	19.85	8.57	11.27	5.7	2.86	8.21	0.4	-9999	-9999	-9999	-9999
5	5	14.11	9.08	12.07	6.84	2.21	8.08	6.6	-9999	-9999	-9999	-9999
5	6	12.18	9.12	11.14	6.56	2.3	8.09	5.2	-9999	-9999	-9999	-9999
5	7	9.38	9.82	13.11	5.87	1.36	8.15	0.4	-9999	-9999	-9999	-9999
5	8	17.68	11.59	16.8	5.28	2.79	8.73	9	-9999	-9999	-9999	-9999
5	9	22.15	11.04	14.32	5.94	3.37	8.64	0	-9999	-9999	-9999	-9999
5	10	25.95	11.1	14.13	7.66	3.91	8.79	0	-9999	-9999	-9999	-9999
5	11	24.88	8.87	11.34	6	3.47	8.51	0	-9999	-9999	-9999	-9999
5	12	27.24	10.61	13.51	6.82	6.14	8.48	0	-9999	-9999	-9999	-9999
5	13	17.35	10.61	14.05	7.03	4.6	8.44	0	-9999	-9999	-9999	-9999
5	14	18.47	9.63	13.05	6.58	4.88	8.35	0	-9999	-9999	-9999	-9999
5	15	26.3	9.29	12.54	5.99	4.72	8.3	0	-9999	-9999	-9999	-9999
5	16	3.21	7.46	8.37	6.43	1.01	7.94	11	-9999	-9999	-9999	-9999
5	17	13.99	8.78	11.77	5.46	1.49	7.98	3.4	-9999	-9999	-9999	-9999
5	18	24.45	13.24	17.61	8.92	4.45	8.87	0	-9999	-9999	-9999	-9999
5	19	22.01	14.45	17.88	9.71	5.35	9.42	0	-9999	-9999	-9999	-9999
5	20	23.17	13.58	16.71	10.31	4	9.89	4	-9999	-9999	-9999	-9999
5	21	19.17	13.15	17.36	9.61	3.6	9.81	0.4	-9999	-9999	-9999	-9999
5	22	16.12	11.14	14.47	9.59	2.65	9.61	4	-9999	-9999	-9999	-9999
5	23	16.74	11.68	15.7	8.82	2.81	9.48	1.2	-9999	-9999	-9999	-9999
5	24	14.51	13.28	17.41	9.67	3.3	9.91	0	-9999	-9999	-9999	-9999
5	25	26.09	13.08	17.2	9.53	5.09	10.2	0	-9999	-9999	-9999	-9999
5	26	22.63	15.52	22.2	9.47	4.17	10.66	0.6	-9999	-9999	-9999	-9999
5	27	23.33	12.02	14.31	9.52	4.31	10.45	2	-9999	-9999	-9999	-9999
5	28	25.3	11.55	13.76	9.71	3.68	10.05	2.8	-9999	-9999	-9999	-9999
5	29	24.12	13.32	16.13	8.98	4.61	10.17	0	-9999	-9999	-9999	-9999
5	30	26.67	15.71	20.9	11.24	7.87	10.73	0	-9999	-9999	-9999	-9999
5	31	27.2	17.4	23.11	11.96	9.61	11.35	0	-9999	-9999	-9999	-9999
6	1	29.51	18.34	23.28	12.64	10.08	11.81	0	-9999	-9999	-9999	-9999
6	2	26.14	16.18	20.13	12.29	5.46	11.81	0	-9999	-9999	-9999	-9999
6	3	24.54	10.92	12.75	7.72	4.39	10.8	3.6	-9999	-9999	-9999	-9999
6	4	17.52	9.36	12.93	6.29	3.41	9.8	1.4	-9999	-9999	-9999	-9999
6	5	22.22	9.02	11.68	6.19	2.78	9.4	1.8	-9999	-9999	-9999	-9999
6	6	18.52	9.27	11.93	6.73	2.27	9.17	2.2	-9999	-9999	-9999	-9999
6	7	24.53	9.66	13.25	6.54	3.42	9.28	0	-9999	-9999	-9999	-9999
6	8	19.67	10.88	14.57	8.2	3.72	9.58	0	-9999	-9999	-9999	-9999
6	9	12.72	10.4	13.48	7.36	1.29	9.39	7	-9999	-9999	-9999	-9999
6	10	10.78	12.96	15.16	10.71	1.28	10.24	1.2	-9999	-9999	-9999	-9999
6	11	4.13	10.07	11.31	8.7	0.23	9.91	46.2	-9999	-9999	-9999	-9999
6	12	5.05	10.04	11.59	8.91	0.06	9.54	50.4	-9999	-9999	-9999	-9999
6	13	30.06	12.22	15.2	9.37	3.87	10.12	0.2	-9999	-9999	-9999	-9999
6	14	23.69	12.66	16.68	8.22	3.77	10.2	0	-9999	-9999	-9999	-9999
6	15	29.51	11.84	14.88	8.79	4.15	10.33	0	-9999	-9999	-9999	-9999
6	16	24.82	10.96	14.17	6.52	4.19	10.02	0	-9999	-9999	-9999	-9999
6	17	29.4	11.99	16.17	7.61	5.15	10.14	0	-9999	-9999	-9999	-9999
6	18	20.28	13.86	16.18	10.93	4.65	10.64	0.8	-9999	-9999	-9999	-9999
6	19	19.83	12.07	14.72	8.76	2.69	10.51	2.4	-9999	-9999	-9999	-9999
6	20	23.95	13.02	16.09	10.36	4.16	10.67	0	-9999	-9999	-9999	-9999
6	21	20.88	13.08	15.66	9.8	3.77	10.72	0	-9999	-9999	-9999	-9999
6	22	23.51	15.21	18.47	10.73	5.53	10.99	0	-9999	-9999	-9999	-9999
6	23	30.48	15.91	19.05	11.96	5.93	11.4	0	-9999	-9999	-9999	-9999
6	24	30.73	18.14	22.44	12.81	8.57	12.07	0	-9999	-9999	-9999	-9999
6	25	17.9	18.23	22.2	12.92	7.55	12.33	0	-9999	-9999	-9999	-9999
6	26	29.38	17.97	20.94	14.16	6.06	12.7	0	-9999	-9999	-9999	-9999
6	27	23.4	16.72	20.72	12.72	5.93	12.85	0	-9999	-9999	-9999	-9999
6	28	28.16	17.66	21.75	13.81	5.6	12.84	0	-9999	-9999	-9999	-9999
6	29	11.55	17.52	20.27	13.46	3.35	12.86	0	-9999	-9999	-9999	-9999
6	30	22.83	20.67	24.71	16.24	5.69	13.53	0	-9999	-9999	-9999	-9999
7	1	20.5	21.46	24.65	18.47	6.5	14.38	0.8	-9999	-9999	-9999	-9999
7	2	24.03	21.26	24.99	16.55	6.5	14.56	0	-9999	-9999	-9999	-9999
7	3	25.49	21.69	25.66	16.29	7.54	14.85	0	-9999	-9999	-9999	-9999
7	4	27.13	21.77	26.05	17.95	7.93	14.89	0	-9999	-9999	-9999	-9999
7	5	9.24	18.57	21.87	16.32	2.93	14.71	0	-9999	-9999	-9999	-9999
7	6	17.31	17.92	21.16	15.66	3.58	14.28	0.4	-9999	-9999	-9999	-9999
7	7	24.16	16.98	20.2	13.7	4.85	13.98	0.6	-9999	-9999	-9999	-9999
7	8	22.83	16.04	19.13	13.36	4.09	13.66	2.6	-9999	-9999	-9999	-9999
7	9	22.49	14.89	17.67	12.46	5.24	13.21	0.6	-9999	-9999	-9999	-9999
7	10	13.45	13.38	16.97	11.5	1.3	12.74	26.8	-9999	-9999	-9999	-9999
7	11	20.58	14.63	17.15	12.29	3.87	12.88	0	-9999	-9999	-9999	-9999
7	12	21.15	15.28	17.72	12.83	3.92	13	0	-9999	-9999	-9999	-9999
7	13	21.31	17.37	19.79	14.43	4.21	13.57	2.2	-9999	-9999	-9999	-9999
7	14	24.44	19.37	23.17	15.31	6.9	14.16	0	-9999	-9999	-9999	-9999
7	15	22.98	20.14	25.24	15.72	7.34	14.63	0	-9999	-9999	-9999	-9999
7	16	22.26	19.67	22.66	16.47	7.47	14.61	0	-9999	-9999	-9999	-9999
7	17	18.56	19.23	23.08	15.06	5.14	14.46	0.6	-9999	-9999	-9999	-9999
7	18	5.5	17.11	18.33	14.94	0.85	14.55	9	-9999	-9999	-9999	-9999
7	19	13.19	16.21	18.66	14.29	3.46	14.13	0.2	-9999	-9999	-9999	-9999
7	20	17.8	15.11	18.03	13.17	2.61	13.75	2.6	-9999	-9999	-9999	-9999
7	21	23.01	16.65	20.02	12.74	6.22	13.64	0	-9999	-9999	-9999	-9999
7	22	9.45	17.76	20.82	13.23	2.02	13.93	0.8	-9999	-9999	-9999	-9999
7	23	9.03	17.86	21.18	15.29	1.11	14.78	16.6	-9999	-9999	-9999	-9999
7	24	17.21	15.74	19.43	13.45	2.43	14.28	11	-9999	-9999	-9999	-9999
7	25	20.11	15.58	18.19	13.13	2.91	13.89	0.8	-9999	-9999	-9999	-9999
7	26	15.36	15.57	17.91	13.36	5.47	13.61	0	-9999	-9999	-9999	-9999
7	27	13.88	18.81	23.31	14.47	5.91	14.09	0	-9999	-9999	-9999	-9999
7	28	23.45	17.23	20.85	13.49	5.63	14.37	0	-9999	-9999	-9999	-9999
7	29	13.53	18.09	22.2	13.45	6.66	14.1	0	-9999	-9999	-9999	-9999
7	30	15.7	17	19.4	13.21	4.1	14.32	5.4	-9999	-9999	-9999	-9999
7	31	22.4	15.9	19.29	12.52	6.14	13.72	0	-9999	-9999	-9999	-9999
8	1	20.83	16.28	20.92	11.41	6.16	13.5	0	-9999	-9999	-9999	-9999
8	2	15.91	19.46	24.7	15.22	7.3	14.35	0	-9999	-9999	-9999	-9999
8	3	7.5	16.49	18.24	14.86	1.81	14.37	1.4	-9999	-9999	-9999	-9999
8	4	12.46	16.78	20.16	14.37	2.56	14.37	2	-9999	-9999	-9999	-9999
8	5	21.05	19.04	23.23	14.87	6.01	14.73	0	-9999	-9999	-9999	-9999
8	6	20.13	19.81	23.77	15.7	6.52	14.98	0	-9999	-9999	-9999	-9999
8	7	24.59	19.34	23.33	15.57	6.81	15.13	0	-9999	-9999	-9999	-9999
8	8	21.22	20.67	26.12	15.99	7.88	15.66	0	-9999	-9999	-9999	-9999
8	9	19.02	21.03	25.93	16.89	8.88	15.9	0	-9999	-9999	-9999	-9999
8	10	12.75	19.85	24.21	16.51	6.96	15.63	0.8	-9999	-9999	-9999	-9999
8	11	12.49	17	19.87	14.89	4.08	15.13	0	-9999	-9999	-9999	-9999
8	12	14.9	16.07	19.43	13.34	3.75	14.61	5.2	-9999	-9999	-9999	-9999
8	13	19.95	15.56	19.01	13.06	4.36	14.21	4	-9999	-9999	-9999	-9999
8	14	22.93	15.21	18.2	12.13	6.15	13.72	0	-9999	-9999	-9999	-9999
8	15	11.39	16.5	20.74	12.25	2.72	13.92	6.4	-9999	-9999	-9999	-9999
8	16	17.47	18.24	20.73	15.83	5.25	14.75	0	-9999	-9999	-9999	-9999
8	17	7.96	16.09	18.79	13.75	2.61	14.39	3.4	-9999	-9999	-9999	-9999
8	18	22.27	15.15	17.88	12.68	5.1	13.76	0	-9999	-9999	-9999	-9999
8	19	20.52	16.59	21.43	12.78	5.83	13.84	0	-9999	-9999	-9999	-9999
8	20	21.29	20.53	24.38	15.46	8.24	14.87	0	-9999	-9999	-9999	-9999
8	21	8.37	18.89	22.36	15.12	4.44	15.43	0.8	-9999	-9999	-9999	-9999
8	22	19.8	16.3	18.88	13.34	5.81	14.37	0	-9999	-9999	-9999	-9999
8	23	19.71	16.47	20	12.54	5.89	13.71	0	-9999	-9999	-9999	-9999
8	24	20.61	17.81	22.06	13.5	7.71	14.05	0	-9999	-9999	-9999	-9999
8	25	11.88	18.46	22.33	15.32	4.92	14.52	0	-9999	-9999	-9999	-9999
8	26	15.49	16.79	19.67	13.07	4.48	14.45	0	-9999	-9999	-9999	-9999
8	27	17.69	19.9	24.22	15.31	8.31	14.83	0	-9999	-9999	-9999	-9999
8	28	7.6	17.74	22.06	13.98	4.11	14.89	0.4	-9999	-9999	-9999	-9999
8	29	17.54	14.25	16.63	12.07	4.08	13.67	1	-9999	-9999	-9999	-9999
8	30	12.99	13.44	15.38	11.9	2.49	12.99	7.2	-9999	-9999	-9999	-9999
8	31	8.99	15.35	17.52	11.99	2.18	13.18	0.6	-9999	-9999	-9999	-9999
9	1	18.48	19.64	25.93	14.76	9.36	14.35	4	-9999	-9999	-9999	-9999
9	2	11.81	15.6	17.66	13.8	2.24	14.12	0.8	-9999	-9999	-9999	-9999
9	3	4.7	14.94	16.5	13.13	1.46	13.63	7.2	-9999	-9999	-9999	-9999
9	4	8.65	14.8	16.56	13.66	5.11	13.06	0	-9999	-9999	-9999	-9999
9	5	6.77	13.76	15.45	12.46	2.15	12.91	7	-9999	-9999	-9999	-9999
9	6	11.26	14.65	17.2	11.52	2.66	13.04	0	-9999	-9999	-9999	-9999
9	7	12.58	15.33	17.29	13.22	3.32	13.39	0	-9999	-9999	-9999	-9999
9	8	17.09	18.19	22.01	14.04	5.93	14.14	0	-9999	-9999	-9999	-9999
9	9	10.79	17.32	22.14	14.28	4.59	14.24	0	-9999	-9999	-9999	-9999
9	10	13.93	14.91	17.98	12.27	3.55	13.7	0	-9999	-9999	-9999	-9999
9	11	13.63	14.22	18.45	10.14	2.8	13.04	0	-9999	-9999	-9999	-9999
9	12	12.56	13.58	16.11	10.86	2.54	12.78	0	-9999	-9999	-9999	-9999
9	13	11.21	13.93	15.59	11.02	3.3	12.71	0.2	-9999	-9999	-9999	-9999
9	14	14.98	14.02	17.23	11.25	4.02	12.72	0	-9999	-9999	-9999	-9999
9	15	15.29	13.56	17.2	10.05	2.86	12.45	0	-9999	-9999	-9999	-9999
9	16	15.42	13.65	16.68	10.45	3.6	12.06	0	-9999	-9999	-9999	-9999
9	17	12.4	13.28	17.16	9.88	4.39	11.74	0	-9999	-9999	-9999	-9999
9	18	14.82	13.82	17.9	11.31	4.31	11.52	0	-9999	-9999	-9999	-9999
9	19	14.99	14.72	19.36	11.19	4.06	12.05	0	-9999	-9999	-9999	-9999
9	20	12.87	15.31	21.25	11.24	3.26	12.38	0	-9999	-9999	-9999	-9999
9	21	11.59	13.26	15.95	9.71	3.91	11.94	0	-9999	-9999	-9999	-9999
9	22	9.52	15.27	18.3	13.4	2.9	12.65	0	-9999	-9999	-9999	-9999
9	23	8.02	14.19	16.18	11.74	3.53	12.56	0.6	-9999	-9999	-9999	-9999
9	24	10.28	13.32	16.34	10.77	3.22	12.06	0	-9999	-9999	-9999	-9999
9	25	12.14	13.77	16.95	10.81	3.1	12.13	0	-9999	-9999	-9999	-9999
9	26	3.51	14.23	15.43	13.31	2.77	12.37	0	-9999	-9999	-9999	-9999
9	27	2.73	14.44	15.75	13.3	2.45	12.49	0	-9999	-9999	-9999	-9999
9	28	4.09	13.9	15.07	11.75	1.93	12.49	2.2	-9999	-9999	-9999	-9999
9	29	11.14	10.14	11.53	8.2	4.09	11.23	0	-9999	-9999	-9999	-9999
9	30	8.04	9.78	11.89	7.07	2.95	10.34	0	-9999	-9999	-9999	-9999
10	1	10.32	9.43	11.36	6.34	3.3	10.23	0.8	-9999	-9999	-9999	-9999
10	2	10.1	8.16	10.55	6.6	2.82	9.45	0	-9999	-9999	-9999	-9999
10	3	1.8	10.49	12.81	6.78	0.56	10.03	35.4	-9999	-9999	-9999	-9999
10	4	9.87	10.69	11.72	9.26	3.59	10.16	0.6	-9999	-9999	-9999	-9999
10	5	10.19	9.64	12	7.54	3.09	9.83	0	-9999	-9999	-9999	-9999
10	6	10.87	11.09	14.18	6.42	2.17	10.07	0.4	-9999	-9999	-9999	-9999
10	7	8.73	11.72	15.1	8.71	1.99	10.91	5	-9999	-9999	-9999	-9999
10	8	6.95	9.42	12.09	7.94	1.95	9.84	0.8	-9999	-9999	-9999	-9999
10	9	9.76	8.19	10.53	6.44	3.17	9.35	0	-9999	-9999	-9999	-9999
10	10	3.9	8.03	10.19	5.38	1.7	8.86	0.2	-9999	-9999	-9999	-9999
10	11	3.3	7.46	8.59	6.3	0.27	9.11	0.4	-9999	-9999	-9999	-9999
10	12	8.35	6.3	7.98	4.61	1.92	8.53	0.6	-9999	-9999	-9999	-9999
10	13	8.37	4.6	6.31	3.11	1.71	7.61	1.8	-9999	-9999	-9999	-9999
10	14	10.49	3.79	6.03	0.95	2.47	6.86	0	-9999	-9999	-9999	-9999
10	15	10.44	4.69	6.9	2.34	2.31	6.78	0	-9999	-9999	-9999	-9999
10	16	2.02	4.24	6.24	2.5	0.37	6.58	5.6	-9999	-9999	-9999	-9999
10	17	6.07	6.57	8.09	5.37	1.5	7.16	3.6	-9999	-9999	-9999	-9999
10	18	8.51	6.06	8.36	2.78	1.75	6.89	0	-9999	-9999	-9999	-9999
10	19	4.11	7.78	10.29	6.41	1	7.59	0.2	-9999	-9999	-9999	-9999
10	20	8.16	7.14	9.79	4.32	1.52	7.78	0	-9999	-9999	-9999	-9999
10	21	3.93	6.57	8.95	3.84	1.35	7.31	0	-9999	-9999	-9999	-9999
10	22	1.21	7.75	8.77	5.64	1.31	7.71	0	-9999	-9999	-9999	-9999
10	23	1.12	7.05	7.97	5.85	1	7.75	0	-9999	-9999	-9999	-9999
10	24	0.89	7.05	7.46	6.61	0.11	7.83	2.8	-9999	-9999	-9999	-9999
10	25	2.33	9.46	12.13	6.82	0.33	8.32	4	-9999	-9999	-9999	-9999
10	26	1.46	10.2	10.89	9.56	0.04	9.04	11	-9999	-9999	-9999	-9999
10	27	2.93	8.64	9.76	7.34	0.82	8.93	0	-9999	-9999	-9999	-9999
10	28	1.41	7.11	7.83	6.34	0.01	8.25	8.2	-9999	-9999	-9999	-9999
10	29	2.93	5.42	6.61	3.42	0.62	7.84	2.4	-9999	-9999	-9999	-9999
10	30	3.49	5.15	7.3	3.07	1.05	7.19	0	-9999	-9999	-9999	-9999
10	31	2.85	5.33	6.43	3.61	2.06	7.2	0	-9999	-9999	-9999	-9999
11	1	2.31	4.5	5.52	3.63	1.23	6.75	0	-9999	-9999	-9999	-9999
11	2	0.73	5.2	6.94	3.48	0.31	6.61	21.2	-9999	-9999	-9999	-9999
11	3	0.73	4.98	6.46	3.49	0.19	6.94	3.2	-9999	-9999	-9999	-9999
11	4	0.39	2.31	3.61	0.75	0.36	6.07	9.6	-9999	-9999	-9999	-9999
11	5	1.32	3.64	6.52	1.67	0.06	5.95	1.4	-9999	-9999	-9999	-9999
11	6	0.59	7.02	7.76	6.32	0.02	6.82	2.6	-9999	-9999	-9999	-9999
11	7	4.02	6.61	8.38	5.64	0.56	6.92	0	-9999	-9999	-9999	-9999
11	8	0.99	6.19	6.96	5.61	0.82	6.88	0	-9999	-9999	-9999	-9999
11	9	0.76	4.64	6	3.86	0.39	6.67	3.6	-9999	-9999	-9999	-9999
11	10	0.64	5.09	6.16	3.79	0	6.53	4.6	-9999	-9999	-9999	-9999
11	11	0.7	5.14	5.86	4.23	0.01	6.71	6.4	-9999	-9999	-9999	-9999
11	12	0.82	4.03	4.4	3.56	0.07	6.37	5.2	-9999	-9999	-9999	-9999
11	13	0.61	6.13	9.4	4.4	0.1	6.51	14.4	-9999	-9999	-9999	-9999
11	14	1.67	10.19	11.88	8.98	0.47	7.2	2.2	-9999	-9999	-9999	-9999
11	15	3.4	8.39	10.35	5.98	0.62	7.44	1.2	-9999	-9999	-9999	-9999
11	16	1.09	7.82	8.55	7.2	0.17	7.55	5.8	-9999	-9999	-9999	-9999
11	17	1.04	8.54	8.98	7.89	0.45	7.63	0.2	-9999	-9999	-9999	-9999
11	18	0.35	8.3	8.93	7.07	1.17	7.45	12	-9999	-9999	-9999	-9999
11	19	0.8	9.55	11.38	7.58	1.23	7.77	0.6	-9999	-9999	-9999	-9999
11	20	3.28	9.82	12.09	7.44	1.96	7.6	0	-9999	-9999	-9999	-9999
11	21	3.25	8.56	11.12	6.76	0.58	7.8	0	-9999	-9999	-9999	-9999
11	22	0.51	9.09	10.21	7.7	0.52	7.92	3.8	-9999	-9999	-9999	-9999
11	23	0.51	8.16	8.73	7.42	1.28	7.67	1	-9999	-9999	-9999	-9999
11	24	2.98	8.14	9.47	7.21	1.15	7.49	4.8	-9999	-9999	-9999	-9999
11	25	0.92	9.95	11.11	7.62	1.38	8.01	1	-9999	-9999	-9999	-9999
11	26	0.78	7.7	8.44	5.86	1.12	7.58	2.6	-9999	-9999	-9999	-9999
11	27	0.5	6.08	6.7	4.54	0.69	7.13	3.4	-9999	-9999	-9999	-9999
11	28	1.35	6.19	7.12	5.19	0.79	6.98	4.4	-9999	-9999	-9999	-9999
11	29	1.54	6.66	8.17	5.19	0.55	6.86	1.4	-9999	-9999	-9999	-9999
11	30	0.63	6.02	7.74	4.86	0.42	6.79	1.4	-9999	-9999	-9999	-9999
12	1	2.03	2.67	5.29	0.2	0.97	5.62	0	-9999	-9999	-9999	-9999
12	2	1.35	-0.31	0.88	-2.15	0.28	4.41	0.2	-9999	-9999	-9999	-9999
12	3	0.75	2.97	4.54	-0.63	0.4	4.52	3.2	-9999	-9999	-9999	-9999
12	4	0.58	4.55	5.4	2.67	0.39	5.3	0.2	-9999	-9999	-9999	-9999
12	5	1.15	2.9	4.11	1.79	0.24	5.2	0.8	-9999	-9999	-9999	-9999
12	6	0.82	4.6	5.84	3.29	0.05	5.46	7	-9999	-9999	-9999	-9999
12	7	0.6	5.8	7.37	5	0.01	5.71	0.8	-9999	-9999	-9999	-9999
12	8	0.79	5.16	5.79	3.79	0.28	5.76	0	-9999	-9999	-9999	-9999
12	9	0.55	4.7	5.09	3.71	0.08	5.48	0	-9999	-9999	-9999	-9999
12	10	0.32	4.29	4.56	4.03	0	5.69	10	-9999	-9999	-9999	-9999
12	11	1.5	2.79	4.12	2.11	0.28	5.25	0.6	-9999	-9999	-9999	-9999
12	12	2.19	1.02	2.67	-0.15	0.75	4.58	0	-9999	-9999	-9999	-9999
12	13	1.86	-0.23	1.09	-1.45	0.47	3.76	0	-9999	-9999	-9999	-9999
12	14	0.72	-0.28	0.1	-0.79	0.01	3.69	0.2	-9999	-9999	-9999	-9999
12	15	0.66	0.34	1.64	-1.69	0.48	3.47	0.2	-9999	-9999	-9999	-9999
12	16	0.82	-0.14	1.62	-2.09	0.36	3.45	0	-9999	-9999	-9999	-9999
12	17	1.55	-5.14	-1.87	-7.64	0.26	3.33	0	-9999	-9999	-9999	-9999
12	18	1.34	-4.07	-2.86	-5.29	0.61	3.11	0	-9999	-9999	-9999	-9999
12	19	2.34	-6.58	-5.24	-7.66	0.43	2.78	0	-9999	-9999	-9999	-9999
12	20	2.35	-5.98	-4.45	-8	0.25	2.4	0	-9999	-9999	-9999	-9999
12	21	2.23	-6.24	-4.16	-8.04	0.22	2.17	0	-9999	-9999	-9999	-9999
12	22	0.69	-1.03	1.67	-3.63	0.22	2.09	2.2	-9999	-9999	-9999	-9999
12	23	0.76	0.64	1.67	-0.55	0.23	2.27	1.6	-9999	-9999	-9999	-9999
12	24	0.48	-0.33	1.55	-2.21	0.11	2.47	0	-9999	-9999	-9999	-9999
12	25	0.19	1.73	2.97	0.17	0	2.51	10.8	-9999	-9999	-9999	-9999
12	26	1.42	2.22	3.9	0.03	0.23	2.56	5.8	-9999	-9999	-9999	-9999
12	27	0.3	3.24	4.18	2.55	0.18	3.3	0.2	-9999	-9999	-9999	-9999
12	28	2.32	1.85	3	0.17	0.34	3.17	2	-9999	-9999	-9999	-9999
12	29	2.32	0.07	2.29	-4.41	0.64	2.28	0	-9999	-9999	-9999	-9999
12	30	1.1	-1.96	-0.44	-4.17	0.39	1.85	0	-9999	-9999	-9999	-9999
12	31	1.21	-4.28	-2.8	-5.52	0.75	1.42	0	-9999	-9999	-9999	-9999
