Month,Day,DoY,Rg_f,Rg_sqc,Ta_f,Ta_sqc,VPD_f,VPD_sqc,Ts_f,Ts_sqc,Precip,SWC,H_f,H_sqc,LE_f,LE_sqc,Reco_st,Reco_or,NEE_st_fMDS,NEE_st_fMDSsqc,GPP_st_MDS,NEE_or_fMDS,NEE_or_fMDSsqc,GPP_or_MDS,NEE_st_fANN,NEE_st_fANNsqc,GPP_st_ANN,NEE_or_fANN,NEE_or_fANNsqc,GPP_or_ANN
1,1,1,5.36,1.00,-0.27,1.00,0.59,1.00,-0.43,1.00,0.00,50.55,-0.55,1.00,4.43,0.00,-9999.00,-9999.00,-9999.00,-9999.00,-9999.00,-9999.00,-9999.00,-9999.00,-9999.00,-9999.00,-9999.00,-9999.00,-9999.00,-9999.00
1,2,2,4.62,1.00,-1.43,1.00,0.77,1.00,-1.20,1.00,0.00,48.89,21.60,1.00,2.20,0.00,-9999.00,-9999.00,-9999.00,-9999.00,-9999.00,-9999.00,-9999.00,-9999.00,-9999.00,-9999.00,-9999.00,-9999.00,-9999.00,-9999.00
1,3,3,4.46,1.00,0.45,1.00,0.06,1.00,-1.24,1.00,0.00,48.19,13.46,1.00,4.14,0.00,0.66,0.72,1.89,0.00,-1.23,1.90,0.00,-1.18,2.35,0.98,-1.69,-1.49,0.98,2.20
1,4,4,5.39,1.00,6.14,1.00,0.37,1.00,-0.29,1.00,0.61,47.56,-16.09,1.00,4.93,0.00,0.92,0.92,-1.98,0.00,2.90,-1.98,0.00,2.90,-0.14,0.98,1.06,-2.77,0.98,3.69
1,5,5,4.14,1.00,8.16,1.00,1.81,1.00,0.86,1.00,0.00,47.07,-29.98,1.00,5.79,0.00,1.02,0.99,-2.05,0.00,3.06,-2.04,0.00,3.04,0.07,0.98,0.94,-2.54,0.98,3.53
1,6,6,3.87,1.00,7.32,1.00,0.69,1.00,1.40,1.00,0.20,46.71,-18.16,1.00,4.98,0.00,0.98,0.96,-1.51,0.00,2.49,-1.64,0.00,2.61,0.13,0.98,0.84,-2.26,0.98,3.23
1,7,7,3.36,1.00,8.53,1.00,0.06,1.00,1.99,1.00,0.00,46.36,7.38,1.00,5.06,0.00,1.04,1.01,-1.34,0.00,2.38,-1.38,0.00,2.39,0.46,0.98,0.57,-1.81,0.98,2.82
1,8,8,2.85,1.00,7.80,1.00,0.06,1.00,2.43,1.00,5.72,46.12,-10.98,0.98,4.16,0.00,1.00,0.98,-0.99,0.00,1.99,-1.05,0.00,2.04,0.50,0.98,0.50,-1.72,0.98,2.70
1,9,9,7.21,1.00,6.17,1.00,0.06,1.00,2.25,1.00,0.41,49.31,2.58,1.00,7.31,0.06,0.92,0.92,-2.51,0.04,3.43,-2.52,0.04,3.44,-1.83,0.98,2.75,-2.47,0.98,3.39
1,10,10,8.00,1.00,7.02,1.00,1.20,1.00,2.21,1.00,0.00,48.81,28.81,1.00,6.99,0.71,0.96,0.95,-2.24,0.65,3.20,-2.26,0.65,3.21,-1.70,0.96,2.66,-2.66,0.96,3.61
1,11,11,5.66,1.00,6.63,1.00,0.47,1.00,2.51,1.00,0.20,47.98,12.04,1.00,5.61,0.98,0.94,0.94,-2.40,0.94,3.34,-2.40,0.94,3.34,-1.48,0.98,2.42,-2.30,0.98,3.24
1,12,12,8.46,1.00,6.73,1.00,2.47,1.00,2.33,1.00,0.00,47.01,6.20,1.00,7.57,0.90,0.95,0.94,-2.87,0.90,3.82,-2.87,0.90,3.81,-2.17,0.98,3.12,-3.45,0.98,4.39
1,13,13,7.58,1.00,3.09,1.00,0.36,1.00,1.87,1.00,4.70,47.08,-12.70,1.00,6.95,0.90,0.78,0.81,-1.29,0.73,2.06,-1.16,0.73,1.97,-1.30,0.98,2.07,-2.25,0.98,3.06
1,14,14,6.19,1.00,1.54,1.00,0.28,1.00,0.66,1.00,10.42,50.00,-30.92,1.00,8.51,0.71,0.71,0.75,-0.18,0.71,0.89,-0.17,0.71,0.93,0.01,0.98,0.69,-1.21,0.98,1.97
1,15,15,10.74,1.00,4.38,1.00,4.24,1.00,0.50,1.00,0.00,50.77,9.52,1.00,9.80,0.96,0.84,0.86,-2.86,0.90,3.70,-2.89,0.90,3.75,-1.99,0.98,2.82,-3.00,0.98,3.86
1,16,16,9.67,1.00,5.28,1.00,2.04,1.00,1.03,1.00,1.02,49.05,6.66,1.00,7.16,1.00,0.88,0.89,-2.98,0.96,3.86,-2.71,0.92,3.60,-2.79,0.98,3.67,-3.21,0.98,4.10
1,17,17,4.26,1.00,6.27,1.00,1.59,1.00,1.44,1.00,0.20,47.75,-10.37,1.00,5.22,1.00,0.93,0.93,-1.83,0.98,2.76,-1.84,0.98,2.77,-1.87,0.98,2.80,-1.90,0.98,2.83
1,18,18,6.38,0.73,6.26,1.00,1.29,0.73,1.50,0.73,0.00,-9999.00,12.43,1.00,6.60,0.73,1.08,1.06,-2.67,0.67,3.75,-2.66,0.67,3.73,-2.44,0.73,3.52,-2.57,0.73,3.63
1,19,19,10.16,0.60,5.72,1.00,1.02,0.60,1.61,0.60,0.20,-9999.00,29.99,1.00,8.76,0.60,0.91,0.93,-2.94,0.56,3.85,-2.66,0.56,3.59,-3.07,0.58,3.97,-3.28,0.58,4.21
1,20,20,11.08,1.00,6.63,1.00,3.54,1.00,1.51,1.00,0.00,46.40,5.33,1.00,10.82,1.00,0.94,0.96,-2.64,0.98,3.57,-2.66,0.98,3.62,-2.77,0.98,3.71,-2.98,0.98,3.94
1,21,21,11.43,1.00,10.19,1.00,7.39,1.00,2.00,1.00,0.00,44.42,12.97,1.00,10.94,1.00,1.09,1.07,-3.04,0.98,4.13,-3.07,0.98,4.13,-3.09,0.98,4.17,-3.06,0.98,4.13
1,22,22,7.50,1.00,7.07,1.00,3.47,1.00,2.08,1.00,0.00,42.20,26.06,0.98,2.26,0.98,0.92,0.93,-3.06,0.98,3.98,-3.06,0.98,3.99,-3.05,0.98,3.97,-3.06,0.98,3.99
1,23,23,0.82,0.65,0.81,1.00,0.06,0.65,0.93,0.65,33.09,-9999.00,70.23,1.00,1.31,0.63,0.62,0.68,1.45,0.63,-0.82,1.44,0.63,-0.76,2.65,0.65,-2.02,1.72,0.65,-1.04
1,24,24,5.68,0.29,5.15,1.00,1.71,0.29,0.08,0.29,0.61,-9999.00,-56.49,0.98,4.64,0.29,0.75,0.77,0.28,0.25,0.47,0.28,0.25,0.49,-0.44,0.29,1.18,-0.35,0.29,1.12
1,25,25,12.52,0.67,3.32,1.00,4.20,0.67,-0.51,0.67,25.12,-9999.00,0.26,1.00,12.96,0.67,0.69,0.72,-1.99,0.63,2.69,-1.97,0.63,2.70,-1.90,0.65,2.59,-2.05,0.65,2.77
1,26,26,11.87,1.00,4.29,1.00,3.92,1.00,-0.58,1.00,2.04,50.33,10.76,1.00,6.13,1.00,0.84,0.86,-2.15,0.98,2.99,-2.14,0.98,3.01,-2.18,0.98,3.02,-2.14,0.98,3.01
1,27,27,11.60,1.00,7.64,1.00,7.64,1.00,-0.77,1.00,0.00,51.71,9.28,1.00,14.04,1.00,1.08,1.04,-3.98,0.98,5.06,-3.99,0.98,5.03,-3.91,0.98,4.99,-3.78,0.98,4.82
1,28,28,10.92,1.00,5.45,1.00,4.10,1.00,-0.48,1.00,0.00,52.18,-4.67,1.00,5.85,1.00,0.88,0.88,-1.77,0.98,2.64,-1.77,0.98,2.65,-1.76,0.98,2.64,-1.75,0.98,2.63
1,29,29,12.51,1.00,4.13,1.00,4.40,1.00,-0.53,1.00,0.00,49.66,27.18,1.00,7.32,1.00,0.82,0.84,-2.70,0.96,3.51,-2.56,0.96,3.40,-2.58,0.98,3.40,-2.56,0.98,3.40
1,30,30,12.63,1.00,7.24,1.00,5.07,1.00,0.28,1.00,0.00,47.95,19.36,1.00,11.46,1.00,0.97,0.98,-3.31,0.98,4.28,-3.28,0.98,4.26,-3.31,0.98,4.28,-3.25,0.98,4.24
1,31,31,12.05,1.00,5.80,1.00,1.91,1.00,0.63,1.00,0.00,46.92,24.13,1.00,6.97,1.00,0.91,0.94,-3.77,0.98,4.68,-3.75,0.98,4.68,-3.76,0.98,4.67,-3.67,0.98,4.61
2,1,32,9.92,1.00,5.04,1.00,1.96,1.00,0.67,1.00,0.00,46.46,21.17,1.00,8.43,1.00,0.85,0.88,-4.15,0.98,4.99,-4.13,0.98,5.01,-4.16,0.98,5.01,-4.11,0.98,5.00
2,2,33,8.32,1.00,4.47,1.00,2.10,1.00,0.47,1.00,0.00,46.07,19.40,1.00,6.63,1.00,0.77,0.81,-3.88,0.98,4.65,-3.81,0.98,4.62,-3.89,0.98,4.66,-3.78,0.98,4.59
2,3,34,9.25,1.00,6.20,1.00,3.18,1.00,0.77,1.00,0.00,45.60,26.08,1.00,8.68,1.00,0.86,0.86,-3.27,0.98,4.12,-3.25,0.98,4.11,-3.45,0.98,4.31,-3.23,0.98,4.08
2,4,35,11.49,0.92,7.25,1.00,3.07,0.92,1.13,0.92,0.00,43.72,16.18,1.00,11.66,0.92,0.90,0.89,-4.46,0.85,5.36,-4.48,0.85,5.37,-4.47,0.90,5.36,-4.40,0.90,5.30
2,5,36,9.38,1.00,3.47,1.00,0.50,1.00,0.70,1.00,11.03,46.18,-13.22,1.00,8.34,1.00,0.74,0.77,-2.04,0.98,2.78,-2.03,0.98,2.79,-1.86,0.98,2.60,-1.91,0.98,2.68
2,6,37,14.26,0.83,4.82,1.00,1.29,0.83,0.71,0.83,0.00,48.69,42.35,1.00,9.81,0.83,0.87,0.88,-3.83,0.77,4.71,-3.83,0.77,4.70,-3.87,0.81,4.74,-3.77,0.81,4.64
2,7,38,4.18,0.58,4.19,0.69,0.58,0.58,0.73,0.58,2.86,-9999.00,-19.03,0.69,2.69,0.58,0.90,0.91,-1.28,0.56,2.18,-1.24,0.56,2.15,-1.53,0.58,2.43,-1.31,0.58,2.22
2,8,39,3.33,0.00,3.19,0.79,0.13,0.00,0.27,0.00,7.35,-9999.00,-26.74,0.60,0.86,0.00,0.85,0.86,-1.57,0.00,2.42,-1.58,0.00,2.44,-0.62,0.00,1.46,-0.75,0.00,1.61
2,9,40,6.47,0.25,1.00,1.00,0.04,0.25,-0.49,0.25,1.63,-9999.00,13.99,1.00,1.70,0.25,0.68,0.71,-0.96,0.21,1.65,-0.94,0.21,1.65,-0.44,0.25,1.12,-0.88,0.25,1.59
2,10,41,7.23,0.46,0.13,1.00,0.04,0.46,-0.86,0.46,4.29,-9999.00,16.01,1.00,1.69,0.46,0.79,0.79,-0.95,0.42,1.74,-0.95,0.42,1.74,-0.37,0.46,1.16,-0.82,0.46,1.61
2,11,42,11.31,0.65,-0.04,1.00,0.24,0.65,-0.99,0.65,10.62,-9999.00,49.38,1.00,4.26,0.65,0.95,0.95,-1.69,0.60,2.64,-1.63,0.60,2.58,-1.25,0.63,2.20,-1.38,0.63,2.33
2,12,43,7.25,0.56,1.88,1.00,0.83,0.56,-1.17,0.56,4.90,-9999.00,18.95,1.00,3.77,0.56,1.18,1.14,-1.26,0.50,2.45,-1.17,0.50,2.32,-0.78,0.56,1.97,-0.81,0.56,1.95
2,13,44,8.40,0.27,3.61,1.00,2.58,0.27,-1.25,0.27,4.49,-9999.00,-2.34,1.00,6.67,0.27,1.36,1.28,-1.85,0.17,3.22,-1.68,0.17,2.96,-2.99,0.27,4.36,-1.66,0.27,2.94
2,14,45,16.24,0.65,3.81,1.00,5.46,0.65,-1.33,0.65,16.95,-9999.00,46.67,1.00,14.19,0.65,1.85,1.78,-3.37,0.60,5.22,-3.29,0.58,5.06,-3.23,0.63,5.09,-2.92,0.63,4.70
2,15,46,12.74,1.00,3.32,1.00,3.68,1.00,-1.36,1.00,0.00,51.71,49.32,1.00,6.92,1.00,2.11,2.06,-4.23,0.96,6.34,-3.96,0.96,6.02,-4.32,0.98,6.43,-3.87,0.98,5.93
2,16,47,8.20,0.83,-3.06,1.00,0.94,0.83,-1.27,0.83,0.00,51.73,32.08,1.00,1.38,0.83,1.41,1.52,0.50,0.77,0.91,0.62,0.77,0.90,2.04,0.83,-0.63,1.90,0.83,-0.38
2,17,48,12.59,0.00,-7.18,1.00,1.83,0.00,-1.32,0.00,0.00,-9999.00,-2.38,1.00,1.55,0.00,0.70,0.88,0.27,0.00,0.43,0.45,0.00,0.43,4.03,0.00,-3.32,1.95,0.00,-1.07
2,18,49,16.23,0.65,-1.35,1.00,4.51,0.65,-1.39,0.65,0.00,-9999.00,59.25,1.00,3.19,0.65,0.97,1.14,-0.66,0.60,1.63,-0.68,0.60,1.82,0.47,0.63,0.50,0.22,0.63,0.92
2,19,50,15.68,1.00,4.30,1.00,5.83,1.00,-1.47,1.00,0.00,49.67,62.84,1.00,3.73,1.00,1.28,1.45,-1.88,0.98,3.17,-1.81,0.98,3.26,-1.68,0.98,2.97,-1.74,0.98,3.19
2,20,51,15.09,1.00,5.71,1.00,6.68,1.00,-1.52,1.00,0.00,49.24,60.80,1.00,5.03,1.00,1.29,1.48,-3.13,0.94,4.42,-3.03,0.98,4.51,-2.81,0.98,4.10,-2.77,0.98,4.25
2,21,52,5.57,0.98,5.17,1.00,1.46,0.98,-1.58,0.98,1.84,50.98,14.06,1.00,3.93,0.98,1.04,1.17,-2.73,0.98,3.77,-2.61,0.98,3.78,-2.40,0.98,3.44,-2.23,0.98,3.40
2,22,53,6.44,0.35,6.86,0.92,1.07,0.35,-1.63,0.35,1.23,-9999.00,23.16,0.90,3.58,0.33,0.78,0.81,-3.34,0.31,4.12,-3.34,0.21,4.15,-2.82,0.35,3.60,-2.61,0.35,3.42
2,23,54,14.33,0.60,9.19,1.00,1.89,0.60,-1.76,0.60,0.00,-9999.00,30.44,1.00,10.51,0.60,0.77,0.77,-4.60,0.56,5.37,-4.78,0.56,5.55,-4.80,0.58,5.56,-4.56,0.58,5.33
2,24,55,16.86,0.88,8.77,1.00,6.45,0.88,-1.84,0.88,0.20,53.61,36.94,1.00,12.35,0.88,0.77,0.77,-3.50,0.81,4.27,-3.67,0.79,4.44,-3.64,0.85,4.42,-3.60,0.85,4.37
2,25,56,16.09,1.00,11.18,1.00,9.96,1.00,-1.93,1.00,0.00,54.00,48.67,1.00,15.92,1.00,0.89,0.88,-3.41,0.98,4.30,-3.44,0.96,4.32,-3.62,0.98,4.51,-3.38,0.98,4.26
2,26,57,12.53,1.00,10.57,1.00,7.36,1.00,-1.96,1.00,0.00,54.41,30.83,1.00,12.93,1.00,0.80,0.79,-5.26,0.94,6.07,-5.14,0.94,5.93,-5.43,0.98,6.23,-4.95,0.98,5.75
2,27,58,15.27,1.00,7.78,1.00,3.85,1.00,-1.92,1.00,0.00,54.49,66.31,1.00,9.53,1.00,0.68,0.69,-6.21,0.98,6.89,-6.14,0.98,6.84,-6.22,0.98,6.90,-6.18,0.98,6.87
2,28,59,7.53,1.00,6.94,1.00,0.49,1.00,-1.88,1.00,0.00,54.58,22.36,1.00,4.98,1.00,0.64,0.65,-4.29,0.98,4.93,-3.72,0.98,4.37,-4.40,0.98,5.03,-3.64,0.98,4.28
2,29,60,10.78,0.90,7.65,1.00,1.22,0.90,-1.86,0.90,0.00,54.72,38.43,1.00,8.09,0.90,0.64,0.64,-4.59,0.83,5.23,-4.30,0.83,4.94,-4.32,0.88,4.97,-4.13,0.88,4.78
3,1,61,6.39,0.38,7.11,1.00,2.07,0.38,-1.31,0.38,0.41,-9999.00,-14.86,1.00,4.77,0.38,0.63,0.64,-3.17,0.31,3.80,-3.09,0.31,3.73,-2.67,0.38,3.30,-2.60,0.38,3.24
3,2,62,17.50,0.67,10.60,1.00,7.01,0.67,-0.19,0.67,0.00,-9999.00,49.46,1.00,16.71,0.67,0.86,0.86,-4.87,0.63,5.74,-4.92,0.63,5.79,-4.79,0.65,5.65,-4.75,0.65,5.61
3,3,63,17.07,1.00,15.80,1.00,14.87,1.00,1.12,1.00,0.00,50.34,44.49,1.00,20.59,1.00,1.38,1.37,-3.19,0.98,4.57,-3.16,0.98,4.52,-3.16,0.98,4.53,-3.15,0.98,4.51
3,4,64,16.87,1.00,11.34,1.00,8.48,1.00,1.88,1.00,0.00,48.56,58.91,1.00,19.83,1.00,1.51,1.57,-4.77,0.98,6.28,-4.71,0.98,6.28,-4.76,0.98,6.27,-4.70,0.98,6.27
3,5,65,7.91,0.98,8.32,1.00,3.10,0.98,1.76,0.98,0.00,47.85,-7.38,1.00,8.49,0.98,1.91,1.99,-3.57,0.94,5.48,-3.29,0.94,5.28,-2.88,0.98,4.79,-3.16,0.98,5.15
3,6,66,8.33,0.50,8.67,0.88,1.64,0.50,1.86,0.50,20.63,-9999.00,-59.84,0.88,22.02,0.50,1.94,2.01,-2.74,0.42,4.67,-2.63,0.42,4.64,-3.04,0.50,4.98,-3.42,0.50,5.44
3,7,67,14.11,0.65,3.96,1.00,1.45,0.65,1.07,0.65,3.27,-9999.00,46.78,1.00,19.69,0.65,1.51,1.67,-3.83,0.56,5.34,-3.64,0.58,5.31,-2.16,0.63,3.67,-2.48,0.63,4.15
3,8,68,10.94,0.83,3.89,0.98,0.62,0.83,0.56,0.83,8.99,52.62,3.53,0.98,19.44,0.81,1.50,1.67,-2.54,0.71,4.04,-2.31,0.73,3.98,-1.72,0.83,3.22,-1.86,0.83,3.53
3,9,69,14.29,0.67,6.98,1.00,1.08,0.67,0.13,0.67,6.54,-9999.00,36.02,1.00,24.89,0.67,1.77,1.89,-3.98,0.52,5.75,-3.85,0.54,5.73,-4.60,0.65,6.37,-3.98,0.65,5.87
3,10,70,16.42,0.88,5.50,1.00,2.93,0.88,0.33,0.88,0.20,51.25,58.62,1.00,19.38,0.88,1.63,1.78,-5.84,0.54,7.47,-5.76,0.54,7.54,-4.13,0.85,5.76,-3.47,0.85,5.25
3,11,71,3.70,0.71,5.78,1.00,0.44,0.71,0.69,0.71,19.61,-9999.00,-20.62,0.94,5.56,0.69,1.65,1.80,-0.50,0.56,2.15,-0.30,0.56,2.09,-0.64,0.71,2.30,0.12,0.71,1.68
3,12,72,19.67,0.67,7.99,1.00,2.59,0.67,0.94,0.67,0.00,-9999.00,42.55,1.00,26.61,0.67,1.84,1.95,-6.01,0.00,7.85,-5.83,0.00,7.79,-5.74,0.65,7.59,-4.40,0.65,6.35
3,13,73,20.20,1.00,9.92,1.00,4.90,1.00,1.74,1.00,0.00,49.89,52.73,1.00,19.24,1.00,2.01,2.09,-5.08,0.00,7.09,-5.00,0.00,7.09,-6.43,0.98,8.44,-5.12,0.98,7.21
3,14,74,20.68,1.00,9.81,1.00,7.82,1.00,1.98,1.00,0.00,48.46,65.47,1.00,18.59,1.00,2.00,2.08,-6.66,0.00,8.65,-6.58,0.00,8.66,-5.80,0.98,7.80,-4.72,0.98,6.80
3,15,75,20.42,1.00,10.58,1.00,6.48,1.00,2.21,1.00,0.00,47.65,75.93,1.00,11.60,1.00,2.06,2.14,-5.03,0.00,7.09,-4.98,0.00,7.12,-5.51,0.98,7.57,-4.43,0.98,6.57
3,16,76,17.41,1.00,11.88,1.00,9.75,1.00,2.76,1.00,0.00,46.76,51.85,1.00,18.72,1.00,2.17,2.23,-5.43,0.00,7.60,-5.41,0.00,7.64,-3.69,0.98,5.86,-3.21,0.98,5.44
3,17,77,12.83,1.00,7.34,1.00,2.15,1.00,2.72,1.00,0.00,43.95,67.43,1.00,8.28,1.00,1.76,1.90,-4.61,0.00,6.37,-4.31,0.00,6.21,-2.40,0.98,4.16,-1.98,0.98,3.88
3,18,78,17.31,1.00,7.67,1.00,2.25,1.00,2.43,1.00,0.00,41.14,62.44,1.00,15.22,1.00,1.78,1.92,-6.18,0.00,7.96,-6.11,0.00,8.03,-4.14,0.98,5.93,-4.00,0.98,5.92
3,19,79,6.43,0.85,7.75,1.00,0.76,0.85,2.60,0.85,0.00,40.32,19.73,1.00,3.89,0.85,1.78,1.93,-3.69,0.00,5.48,-3.28,0.00,5.21,-1.88,0.85,3.67,-2.55,0.85,4.48
3,20,80,15.13,0.65,6.82,1.00,1.69,0.65,2.45,0.65,0.00,-9999.00,78.24,1.00,17.10,0.65,1.70,1.86,-5.80,0.00,7.50,-5.77,0.00,7.63,-3.95,0.63,5.65,-4.73,0.63,6.59
3,21,81,16.47,1.00,3.35,1.00,0.97,1.00,1.77,1.00,3.06,38.76,74.40,1.00,18.73,1.00,1.40,1.61,-3.27,0.00,4.68,-3.63,0.00,5.24,-3.15,0.98,4.56,-4.12,0.98,5.73
3,22,82,13.62,0.81,5.98,0.96,1.99,0.81,1.46,0.81,4.49,38.12,16.13,0.92,17.08,0.81,1.62,1.80,-4.16,0.00,5.78,-3.97,0.00,5.76,-3.38,0.81,5.00,-4.13,0.81,5.93
3,23,83,20.55,0.69,8.79,1.00,3.55,0.69,2.01,0.69,3.88,-9999.00,66.29,0.98,28.48,0.67,1.86,1.99,-6.20,0.00,8.06,-6.14,0.00,8.13,-4.32,0.67,6.18,-5.12,0.67,7.12
3,24,84,9.92,0.46,2.74,0.92,1.43,0.46,1.79,0.46,16.75,-9999.00,-14.38,0.90,11.99,0.44,1.35,1.56,-2.52,0.00,3.87,-2.91,0.00,4.48,-1.39,0.46,2.73,-1.21,0.46,2.77
3,25,85,7.12,0.33,2.84,0.96,0.08,0.33,0.78,0.33,34.31,-9999.00,-38.97,0.96,6.76,0.33,1.35,1.57,-2.07,0.00,3.42,-2.04,0.00,3.61,-0.35,0.33,1.70,0.07,0.33,1.50
3,26,86,9.76,0.50,6.24,0.96,0.07,0.50,0.06,0.50,0.61,-9999.00,-0.87,0.96,12.21,0.50,1.62,1.81,-3.04,0.00,4.66,-2.93,0.00,4.74,-2.24,0.50,3.86,-1.69,0.50,3.50
3,27,87,13.25,0.69,5.77,1.00,0.79,0.69,-0.25,0.69,8.99,-9999.00,29.35,1.00,13.48,0.69,1.58,1.77,-3.07,0.00,4.65,-3.10,0.00,4.88,-3.33,0.67,4.91,-2.65,0.67,4.43
3,28,88,7.71,0.48,6.47,1.00,0.30,0.48,0.23,0.48,27.17,-9999.00,-17.84,0.94,6.22,0.46,1.63,1.82,-1.99,0.00,3.62,-1.95,0.00,3.78,-0.73,0.48,2.36,-0.84,0.48,2.66
3,29,89,20.94,0.67,8.54,1.00,2.74,0.67,1.12,0.67,0.00,-9999.00,49.74,1.00,20.98,0.67,1.80,1.97,-6.99,0.00,8.79,-6.94,0.00,8.91,-4.60,0.65,6.41,-5.51,0.65,7.48
3,30,90,20.55,1.00,8.13,1.00,2.35,1.00,1.63,1.00,0.00,48.24,64.49,1.00,16.74,1.00,1.76,1.94,-6.56,0.00,8.32,-6.53,0.00,8.46,-5.19,0.98,6.96,-5.41,0.98,7.35
3,31,91,20.30,1.00,9.45,1.00,5.58,1.00,1.89,1.00,0.00,46.49,81.73,1.00,23.57,1.00,1.87,2.03,-6.60,0.00,8.48,-6.57,0.00,8.60,-5.85,0.98,7.72,-5.57,0.98,7.60
4,1,92,19.79,1.00,7.47,1.00,2.04,1.00,2.27,1.00,0.00,45.37,105.73,1.00,13.51,1.00,1.70,1.89,-6.18,0.00,7.88,-6.13,0.00,8.02,-6.01,0.98,7.71,-5.69,0.98,7.58
4,2,93,21.55,1.00,7.89,1.00,3.73,1.00,2.38,1.00,0.00,44.94,85.51,1.00,23.92,1.00,1.73,1.92,-6.49,0.00,8.22,-6.49,0.00,8.41,-5.79,0.98,7.52,-5.13,0.98,7.05
4,3,94,6.25,1.00,4.13,1.00,0.54,1.00,1.86,1.00,10.62,47.13,-0.96,1.00,6.74,1.00,1.41,1.65,-0.31,0.00,1.73,-0.54,0.00,2.19,-0.52,0.98,1.93,-0.12,0.98,1.76
4,4,95,8.51,0.65,3.78,1.00,0.47,0.65,1.47,0.65,7.76,-9999.00,33.73,1.00,8.70,0.65,1.38,1.62,-1.30,0.06,2.69,-1.47,0.06,3.09,-0.98,0.65,2.36,-0.54,0.65,2.16
4,5,96,13.07,0.17,7.16,0.65,1.34,0.17,0.99,0.17,16.14,-9999.00,38.62,0.63,14.83,0.15,1.65,1.86,-4.87,0.00,6.52,-4.83,0.00,6.69,-3.29,0.17,4.94,-3.46,0.17,5.32
4,6,97,20.96,0.69,7.84,1.00,2.68,0.69,0.81,0.69,0.82,-9999.00,128.29,1.00,26.09,0.69,1.71,1.91,-6.68,0.08,8.38,-6.67,0.08,8.58,-5.43,0.67,7.14,-5.90,0.67,7.81
4,7,98,23.16,1.00,12.04,1.00,10.58,1.00,1.55,1.00,0.00,48.88,67.03,1.00,35.20,1.00,2.06,2.20,-5.86,0.65,7.91,-5.82,0.65,8.02,-6.29,0.98,8.35,-6.19,0.98,8.39
4,8,99,3.64,0.88,13.03,1.00,8.07,0.88,2.84,0.88,0.61,46.82,-29.72,1.00,7.45,0.88,2.13,2.27,-0.04,0.75,2.17,-0.01,0.75,2.28,-1.01,0.88,3.14,-0.54,0.88,2.81
4,9,100,22.31,0.69,11.85,1.00,7.08,0.69,3.55,0.69,0.00,-9999.00,98.17,1.00,28.90,0.69,2.02,2.18,-7.64,0.60,9.66,-7.65,0.63,9.83,-6.90,0.67,8.92,-6.56,0.67,8.75
4,10,101,19.67,1.00,15.77,1.00,7.12,1.00,4.65,1.00,0.00,44.69,62.92,1.00,35.36,1.00,2.28,2.32,-5.56,0.98,7.83,-5.50,0.98,7.82,-5.54,0.98,7.82,-5.50,0.98,7.81
4,11,102,13.33,1.00,18.19,1.00,12.52,1.00,5.61,1.00,0.00,42.01,5.14,1.00,29.66,1.00,2.35,2.30,-5.56,0.98,7.91,-5.52,0.98,7.82,-5.51,0.98,7.86,-5.67,0.98,7.96
4,12,103,17.06,1.00,14.32,1.00,6.71,1.00,6.18,1.00,0.00,39.85,74.74,1.00,22.52,1.00,2.11,2.12,-7.57,0.98,9.67,-7.44,0.96,9.56,-7.67,0.98,9.77,-7.55,0.98,9.66
4,13,104,8.33,1.00,9.37,1.00,4.79,1.00,5.07,1.00,0.00,38.85,9.90,1.00,13.57,1.00,1.68,1.78,-4.55,0.98,6.23,-4.51,0.98,6.29,-4.68,0.98,6.35,-4.71,0.98,6.49
4,14,105,23.48,0.85,7.34,1.00,3.74,0.85,4.33,0.85,0.00,37.63,126.98,1.00,7.02,0.85,1.50,1.61,-7.65,0.79,9.15,-7.56,0.79,9.17,-8.14,0.83,9.64,-8.20,0.83,9.81
4,15,106,18.67,1.00,4.63,1.00,0.83,1.00,3.43,1.00,13.48,37.10,67.37,1.00,22.62,1.00,1.28,1.42,-3.42,0.98,4.69,-3.76,0.98,5.18,-3.47,0.98,4.75,-3.66,0.98,5.08
4,16,107,21.45,1.00,6.96,1.00,3.23,1.00,2.78,1.00,3.47,46.05,78.74,1.00,15.77,1.00,1.43,1.55,-7.69,0.98,9.12,-7.66,0.98,9.21,-7.52,0.98,8.95,-7.31,0.98,8.85
4,17,108,13.20,1.00,11.65,1.00,6.02,1.00,3.71,1.00,0.00,45.45,7.25,1.00,6.35,1.00,1.44,1.56,-6.76,0.98,8.21,-6.85,0.98,8.41,-6.86,0.98,8.30,-6.89,0.98,8.45
4,18,109,10.89,1.00,11.86,1.00,4.47,1.00,4.32,1.00,0.00,44.08,32.10,1.00,11.60,1.00,1.27,1.37,-5.56,0.98,6.84,-5.56,0.98,6.93,-5.54,0.98,6.82,-5.53,0.98,6.90
4,19,110,18.15,1.00,17.84,1.00,12.15,1.00,5.51,1.00,0.00,43.92,31.54,1.00,19.91,1.00,1.41,1.43,-6.49,0.98,7.90,-6.48,0.98,7.90,-6.52,0.98,7.93,-6.48,0.98,7.90
4,20,111,22.69,1.00,17.54,1.00,11.04,1.00,6.48,1.00,0.00,40.67,93.71,1.00,0.32,1.00,1.21,1.19,-0.54,0.96,1.75,-0.51,0.96,1.70,-0.47,0.98,1.68,-0.03,0.98,1.22
4,21,112,21.39,1.00,15.29,1.00,10.22,1.00,6.87,1.00,0.00,38.56,84.25,1.00,-0.51,1.00,1.17,1.15,-1.11,0.98,2.28,-1.07,0.98,2.22,-1.16,0.98,2.34,-1.09,0.98,2.24
4,22,113,20.87,1.00,8.81,1.00,2.48,1.00,5.68,1.00,0.00,37.48,155.78,1.00,-0.63,1.00,0.82,0.86,0.21,0.98,0.60,0.22,0.98,0.64,0.39,0.98,0.43,0.98,0.98,-0.12
4,23,114,14.19,1.00,7.95,1.00,0.99,1.00,5.11,1.00,0.00,36.46,87.00,1.00,-0.15,1.00,0.77,0.84,-5.57,0.98,6.34,-5.59,0.98,6.43,-5.55,0.98,6.32,-5.57,0.98,6.40
4,24,115,18.57,1.00,9.99,1.00,2.52,1.00,5.20,1.00,0.00,35.39,84.25,1.00,1.21,1.00,0.96,0.99,-7.54,0.98,8.50,-7.42,0.98,8.41,-7.48,0.98,8.45,-7.46,0.98,8.45
4,25,116,24.73,1.00,8.93,1.00,3.52,1.00,5.20,1.00,0.00,34.34,115.09,1.00,4.45,1.00,1.16,1.18,-8.07,0.98,9.23,-8.06,0.98,9.25,-8.01,0.98,9.17,-7.97,0.98,9.16
4,26,117,6.67,1.00,5.91,1.00,1.02,1.00,4.31,1.00,10.42,34.03,-20.65,1.00,3.45,1.00,1.27,1.35,-0.79,0.98,2.06,-0.86,0.98,2.21,-0.91,0.98,2.18,-0.88,0.98,2.23
4,27,118,12.98,1.00,6.14,1.00,1.34,1.00,3.80,1.00,1.23,34.31,17.32,1.00,5.13,1.00,1.41,1.50,-4.31,0.98,5.72,-4.29,0.98,5.79,-4.22,0.98,5.62,-4.20,0.98,5.70
4,28,119,15.49,0.94,8.22,1.00,4.09,0.94,3.87,0.94,0.00,33.81,48.75,1.00,8.49,0.94,1.56,1.62,-6.36,0.88,7.92,-6.31,0.88,7.94,-6.35,0.92,7.92,-6.42,0.92,8.04
4,29,120,19.62,1.00,9.65,1.00,7.07,1.00,4.20,1.00,0.00,33.16,73.93,1.00,10.20,1.00,1.66,1.70,-9.44,0.94,11.10,-9.42,0.94,11.12,-9.68,0.98,11.34,-9.70,0.98,11.40
4,30,121,23.80,1.00,11.98,1.00,6.25,1.00,4.95,1.00,0.00,32.45,124.09,1.00,9.24,1.00,2.02,1.98,-7.69,0.98,9.72,-7.76,0.98,9.75,-7.81,0.98,9.83,-7.89,0.98,9.87
5,1,122,23.94,1.00,16.36,1.00,10.95,1.00,6.15,1.00,0.00,31.69,107.56,1.00,16.94,1.00,2.41,2.32,-7.78,0.98,10.19,-7.81,0.98,10.13,-7.86,0.98,10.27,-7.89,0.98,10.21
5,2,123,25.22,1.00,15.49,1.00,10.78,1.00,6.83,1.00,0.00,31.02,108.42,1.00,10.03,1.00,2.25,2.16,-6.18,0.98,8.43,-6.22,0.98,8.38,-6.20,0.98,8.45,-6.24,0.98,8.41
5,3,124,23.80,1.00,12.19,1.00,5.67,1.00,6.75,1.00,0.00,30.42,65.33,1.00,7.31,1.00,2.13,2.10,-6.31,0.98,8.44,-6.31,0.98,8.41,-6.30,0.98,8.43,-6.30,0.98,8.40
5,4,125,25.24,1.00,10.89,1.00,6.03,1.00,6.36,1.00,0.00,29.77,71.77,1.00,5.68,1.00,2.04,2.03,-6.52,0.98,8.57,-6.52,0.98,8.55,-6.54,0.98,8.58,-6.53,0.98,8.56
5,5,126,25.16,1.00,11.80,1.00,7.83,1.00,6.22,1.00,0.00,29.04,115.60,1.00,4.77,1.00,2.06,2.04,-7.27,0.98,9.33,-7.25,0.98,9.29,-7.43,0.98,9.49,-7.32,0.98,9.36
5,6,127,10.14,1.00,9.24,1.00,1.59,1.00,6.01,1.00,1.84,28.53,33.61,1.00,6.92,1.00,1.84,1.89,-3.97,0.98,5.81,-3.94,0.98,5.82,-4.15,0.98,6.00,-4.04,0.98,5.93
5,7,128,10.74,1.00,8.01,1.00,1.20,1.00,5.41,1.00,0.00,28.24,28.94,1.00,1.50,1.00,1.55,1.59,-4.79,0.98,6.34,-4.76,0.98,6.35,-4.63,0.98,6.18,-4.57,0.98,6.16
5,8,129,27.22,1.00,10.61,1.00,4.61,1.00,5.62,1.00,0.00,27.67,104.86,1.00,2.68,1.00,1.57,1.58,-8.17,0.98,9.74,-8.12,0.98,9.70,-8.21,0.98,9.78,-8.11,0.98,9.70
5,9,130,18.78,1.00,12.00,1.00,4.72,1.00,6.00,1.00,0.00,27.05,55.27,1.00,5.30,1.00,1.49,1.49,-6.62,0.98,8.11,-6.60,0.98,8.08,-6.80,0.98,8.30,-6.68,0.98,8.17
5,10,131,18.12,1.00,11.02,1.00,5.01,1.00,6.05,1.00,0.00,26.55,66.01,1.00,2.34,1.00,1.34,1.37,-6.63,0.98,7.97,-6.59,0.98,7.95,-7.00,0.98,8.34,-6.73,0.98,8.09
5,11,132,10.35,1.00,10.44,1.00,1.95,1.00,5.88,1.00,1.02,26.16,28.61,1.00,0.14,1.00,1.24,1.37,-4.98,0.98,6.22,-4.96,0.98,6.33,-4.91,0.98,6.15,-4.80,0.98,6.17
5,12,133,7.56,0.92,10.44,1.00,0.09,0.92,5.94,0.92,6.13,26.09,16.25,1.00,2.68,0.92,1.39,1.63,-2.57,0.90,3.96,-2.58,0.90,4.21,-2.05,0.92,3.44,-2.06,0.92,3.69
5,13,134,13.46,0.69,11.09,1.00,1.23,0.69,6.04,0.69,0.82,-9999.00,34.60,1.00,6.30,0.69,1.67,1.93,-6.14,0.65,7.81,-6.20,0.65,8.13,-4.92,0.67,6.59,-5.01,0.67,6.94
5,14,135,14.79,0.88,11.22,1.00,0.80,0.88,6.26,0.88,1.43,25.87,56.05,1.00,11.69,0.88,1.93,2.21,-6.25,0.81,8.18,-6.23,0.81,8.44,-5.96,0.85,7.88,-5.97,0.85,8.18
5,15,136,19.38,0.85,13.32,1.00,3.72,0.85,6.79,0.85,0.00,25.63,87.96,1.00,16.33,0.85,2.38,2.65,-7.56,0.79,9.94,-7.48,0.79,10.13,-7.72,0.83,10.10,-7.63,0.83,10.28
5,16,137,25.64,1.00,16.61,1.00,10.10,1.00,7.46,1.00,0.00,25.28,110.67,1.00,21.00,1.00,2.97,3.22,-8.03,0.92,11.00,-7.88,0.98,11.10,-7.69,0.98,10.66,-7.54,0.98,10.76
5,17,138,23.03,1.00,20.07,1.00,15.83,1.00,8.58,1.00,0.00,24.83,45.43,1.00,13.22,1.00,3.61,3.66,-4.24,0.98,7.86,-4.36,0.98,8.02,-4.75,0.98,8.36,-4.74,0.98,8.40
5,18,139,25.88,1.00,19.51,1.00,12.87,1.00,9.16,1.00,0.00,24.40,112.20,1.00,27.27,1.00,4.16,4.19,-7.16,0.98,11.31,-6.79,0.90,10.98,-6.69,0.98,10.84,-6.74,0.98,10.94
5,19,140,16.62,1.00,17.07,1.00,7.50,1.00,9.27,1.00,0.61,24.05,39.27,1.00,18.62,1.00,3.69,3.74,-4.44,0.98,8.13,-4.74,0.92,8.48,-4.53,0.98,8.22,-4.87,0.98,8.61
5,20,141,22.58,1.00,12.98,1.00,3.57,1.00,8.63,1.00,0.82,23.81,105.78,1.00,20.42,1.00,3.23,3.31,-8.49,0.98,11.72,-8.48,0.98,11.79,-8.50,0.98,11.73,-8.50,0.98,11.82
5,21,142,18.51,1.00,11.43,1.00,2.04,1.00,7.85,1.00,0.00,23.50,96.90,1.00,11.38,1.00,2.83,2.91,-10.56,0.98,13.39,-10.56,0.98,13.46,-10.56,0.98,13.39,-10.56,0.98,13.47
5,22,143,21.87,1.00,11.78,1.00,3.13,1.00,7.90,1.00,0.20,23.21,110.39,1.00,15.27,1.00,2.50,2.65,-7.29,0.98,9.79,-7.28,0.98,9.93,-7.39,0.98,9.89,-7.37,0.98,10.02
5,23,144,27.96,1.00,13.39,1.00,7.15,1.00,7.90,1.00,0.00,22.85,124.20,1.00,18.49,1.00,2.27,2.37,-9.52,0.98,11.79,-9.52,0.98,11.89,-9.67,0.98,11.94,-9.50,0.98,11.87
5,24,145,24.16,1.00,16.32,1.00,9.17,1.00,8.42,1.00,0.00,22.46,89.29,1.00,16.41,1.00,2.38,2.52,-6.83,0.98,9.21,-7.05,0.98,9.57,-6.92,0.98,9.30,-6.74,0.98,9.26
5,25,146,26.88,1.00,19.57,1.00,12.98,1.00,9.34,1.00,0.00,22.09,109.28,1.00,19.42,1.00,2.56,2.64,-7.32,0.98,9.88,-7.24,0.98,9.87,-7.15,0.98,9.71,-6.85,0.98,9.48
5,26,147,27.26,1.00,22.89,1.00,16.87,1.00,10.54,1.00,0.00,21.74,93.94,1.00,23.48,1.00,2.58,2.59,-5.77,0.98,8.35,-5.67,0.98,8.27,-5.90,0.98,8.48,-5.66,0.98,8.26
5,27,148,27.75,1.00,23.26,1.00,18.63,1.00,11.30,1.00,0.00,21.43,93.55,1.00,22.60,1.00,2.44,2.50,-5.13,0.98,7.58,-5.09,0.98,7.59,-5.13,0.98,7.57,-5.13,0.98,7.64
5,28,149,26.74,1.00,23.03,1.00,16.26,1.00,11.68,1.00,0.00,21.14,87.26,1.00,41.41,1.00,2.48,2.58,-6.81,0.98,9.29,-6.76,0.98,9.34,-6.67,0.98,9.15,-6.63,0.98,9.21
5,29,150,14.76,1.00,21.32,1.00,17.32,1.00,11.34,1.00,0.00,20.93,-2.99,1.00,27.92,1.00,2.58,2.67,-5.20,0.96,7.78,-5.14,0.96,7.81,-4.97,0.98,7.55,-4.88,0.98,7.55
5,30,151,28.89,1.00,16.42,1.00,8.16,1.00,10.92,1.00,0.00,20.75,145.78,1.00,42.25,1.00,2.31,2.47,-10.16,0.96,12.47,-10.03,0.96,12.50,-10.16,0.98,12.47,-9.99,0.98,12.46
5,31,152,26.76,1.00,17.28,1.00,7.77,1.00,10.71,1.00,0.00,20.57,110.74,1.00,40.57,1.00,2.46,2.61,-9.54,0.98,12.01,-9.39,0.98,12.00,-9.29,0.98,11.76,-9.00,0.98,11.61
6,1,153,26.51,1.00,18.93,1.00,9.29,1.00,10.98,1.00,0.00,20.40,90.81,1.00,35.86,1.00,2.70,2.76,-8.24,0.98,10.94,-8.41,0.98,11.17,-8.23,0.98,10.93,-8.20,0.98,10.96
6,2,154,17.51,1.00,19.04,1.00,9.56,1.00,11.01,1.00,0.00,20.27,24.23,1.00,30.55,1.00,2.71,2.74,-7.74,0.98,10.46,-7.72,0.98,10.46,-7.78,0.98,10.49,-7.75,0.98,10.49
6,3,155,22.52,1.00,16.88,1.00,3.33,1.00,10.96,1.00,0.00,20.18,85.52,1.00,26.41,1.00,2.53,2.54,-8.15,0.98,10.69,-8.04,0.98,10.59,-7.73,0.98,10.27,-7.78,0.98,10.32
6,4,156,17.83,1.00,14.85,1.00,1.90,1.00,10.53,1.00,0.20,20.15,85.11,1.00,23.10,1.00,2.51,2.53,-8.90,0.98,11.41,-8.98,0.98,11.51,-8.74,0.98,11.25,-8.70,0.98,11.23
6,5,157,24.50,1.00,13.69,1.00,3.23,1.00,10.07,1.00,0.00,20.09,119.04,1.00,34.56,1.00,2.47,2.46,-13.21,0.98,15.68,-13.20,0.98,15.66,-13.20,0.98,15.67,-13.19,0.98,15.65
6,6,158,21.08,1.00,12.54,1.00,2.29,1.00,9.61,1.00,2.04,20.07,69.48,1.00,34.11,1.00,2.20,2.20,-8.88,0.98,11.08,-8.87,0.98,11.07,-8.88,0.98,11.08,-8.88,0.98,11.07
6,7,159,11.23,1.00,11.46,1.00,0.10,1.00,9.02,1.00,7.97,20.61,2.91,1.00,17.16,1.00,1.93,1.99,-5.30,0.98,7.23,-5.42,0.98,7.41,-5.30,0.98,7.23,-5.37,0.98,7.37
6,8,160,22.23,1.00,13.70,1.00,2.69,1.00,9.05,1.00,0.00,20.90,101.42,1.00,33.42,1.00,2.12,2.17,-10.34,0.98,12.45,-10.28,0.98,12.45,-10.22,0.98,12.34,-10.13,0.98,12.30
6,9,161,27.73,1.00,14.77,1.00,5.29,1.00,9.48,1.00,0.00,20.49,111.23,1.00,36.83,1.00,2.26,2.30,-9.83,0.98,12.09,-9.90,0.98,12.20,-9.93,0.98,12.18,-9.82,0.98,12.12
6,10,162,24.70,1.00,16.15,1.00,4.98,1.00,9.91,1.00,0.00,20.23,83.14,1.00,24.96,1.00,2.45,2.47,-8.37,0.98,10.82,-8.36,0.98,10.83,-8.20,0.98,10.66,-8.17,0.98,10.64
6,11,163,21.34,1.00,18.04,1.00,7.05,1.00,10.32,1.00,0.00,20.11,80.64,1.00,31.40,1.00,2.64,2.62,-8.65,0.96,11.29,-8.64,0.96,11.26,-8.27,0.98,10.91,-8.44,0.98,11.06
6,12,164,26.25,1.00,17.92,1.00,11.22,1.00,10.41,1.00,1.84,20.05,115.92,1.00,39.48,1.00,2.66,2.65,-9.41,0.98,12.06,-9.34,0.98,11.99,-9.39,0.98,12.05,-9.29,0.98,11.95
6,13,165,16.57,1.00,13.65,1.00,0.56,1.00,10.18,1.00,2.25,20.08,58.88,1.00,22.34,1.00,2.31,2.41,-7.58,0.98,9.89,-7.56,0.98,9.97,-7.57,0.98,9.88,-7.55,0.98,9.96
6,14,166,27.76,1.00,14.16,1.00,3.05,1.00,9.92,1.00,0.00,20.01,148.84,1.00,32.58,1.00,2.54,2.63,-12.00,0.98,14.54,-11.99,0.98,14.62,-11.96,0.98,14.50,-11.97,0.98,14.59
6,15,167,30.14,1.00,14.50,1.00,8.25,1.00,9.83,1.00,0.00,19.95,150.59,1.00,41.61,1.00,2.71,2.80,-9.51,0.98,12.22,-9.38,0.94,12.18,-9.70,0.98,12.40,-9.62,0.98,12.42
6,16,168,28.92,1.00,19.51,1.00,16.75,1.00,10.00,1.00,0.00,19.85,112.73,1.00,41.53,1.00,3.42,3.35,-6.67,0.98,10.09,-6.40,0.98,9.75,-6.86,0.98,10.28,-6.85,0.98,10.21
6,17,169,19.60,1.00,23.71,1.00,18.66,1.00,11.22,1.00,0.00,19.75,34.35,1.00,39.44,1.00,3.97,3.81,-6.73,0.98,10.69,-6.72,0.98,10.53,-6.85,0.98,10.82,-6.93,0.98,10.73
6,18,170,26.27,1.00,24.26,1.00,23.30,1.00,12.12,1.00,0.00,19.66,73.48,1.00,45.53,1.00,3.93,3.81,-5.56,0.98,9.49,-5.55,0.98,9.36,-5.68,0.98,9.61,-5.68,0.98,9.50
6,19,171,28.73,1.00,18.81,1.00,3.97,1.00,12.30,1.00,0.00,19.64,113.12,1.00,24.21,1.00,3.23,3.26,-8.88,0.98,12.11,-8.92,0.98,12.18,-8.89,0.98,12.12,-8.93,0.98,12.19
6,20,172,28.83,1.00,19.72,1.00,7.35,1.00,12.38,1.00,0.00,19.60,86.35,1.00,28.23,1.00,3.23,3.22,-6.56,0.98,9.78,-6.55,0.98,9.78,-6.48,0.98,9.71,-6.46,0.98,9.68
6,21,173,29.33,1.00,20.19,1.00,11.43,1.00,12.42,1.00,0.00,19.54,70.68,1.00,26.83,1.00,2.99,2.96,-6.13,0.98,9.13,-6.07,0.98,9.03,-6.21,0.98,9.21,-6.14,0.98,9.09
6,22,174,28.82,1.00,21.58,1.00,13.90,1.00,12.63,1.00,0.00,19.47,89.74,1.00,29.54,1.00,3.09,3.07,-6.55,0.98,9.63,-6.59,0.98,9.66,-6.58,0.98,9.67,-6.60,0.98,9.66
6,23,175,29.19,1.00,23.43,1.00,17.78,1.00,13.14,1.00,0.00,19.39,95.27,1.00,33.63,1.00,2.90,2.88,-4.98,0.98,7.88,-4.98,0.98,7.86,-5.05,0.98,7.95,-5.08,0.98,7.96
6,24,176,29.33,1.00,24.06,1.00,20.09,1.00,13.49,1.00,0.00,19.33,89.15,1.00,25.83,1.00,2.62,2.60,-4.52,0.98,7.15,-4.56,0.98,7.16,-4.50,0.98,7.13,-4.64,0.98,7.24
6,25,177,28.53,1.00,24.42,1.00,20.31,1.00,13.81,1.00,0.00,19.26,89.45,1.00,26.57,0.98,2.41,2.32,-5.47,0.98,7.87,-5.52,0.98,7.84,-5.12,0.98,7.53,-5.15,0.98,7.47
6,26,178,21.36,1.00,24.71,1.00,17.57,1.00,13.95,1.00,0.00,19.21,60.07,1.00,26.27,0.88,2.46,2.36,-5.12,0.98,7.58,-5.31,0.98,7.67,-4.68,0.98,7.14,-4.97,0.98,7.33
6,27,179,14.39,1.00,23.44,1.00,13.27,1.00,13.84,1.00,0.20,19.19,25.04,1.00,19.79,0.88,2.41,2.40,-4.24,0.98,6.65,-4.27,0.98,6.68,-4.15,0.98,6.56,-4.25,0.98,6.66
6,28,180,25.24,1.00,22.67,1.00,11.32,1.00,13.88,1.00,0.00,19.13,84.20,1.00,27.89,0.90,2.40,2.47,-6.91,0.94,9.31,-6.85,0.94,9.32,-6.80,0.98,9.20,-6.76,0.98,9.22
6,29,181,27.56,1.00,22.69,1.00,11.94,1.00,14.08,1.00,0.00,19.08,90.62,1.00,30.18,0.83,2.42,2.56,-6.76,0.96,9.19,-6.76,0.96,9.32,-6.53,0.98,8.95,-6.48,0.98,9.04
6,30,182,21.44,1.00,23.30,1.00,10.02,1.00,14.20,1.00,0.00,19.04,84.80,1.00,25.39,0.65,2.41,2.58,-6.55,0.98,8.96,-6.45,0.98,9.03,-6.27,0.98,8.68,-6.21,0.98,8.79
7,1,183,24.20,1.00,22.73,1.00,9.91,1.00,14.29,1.00,0.00,19.00,78.63,1.00,30.89,0.10,2.35,2.47,-6.30,0.96,8.65,-6.20,0.96,8.67,-6.10,0.98,8.45,-6.09,0.98,8.56
7,2,184,23.85,1.00,22.88,1.00,10.90,1.00,14.26,1.00,0.00,18.96,73.24,1.00,27.69,0.00,2.35,2.41,-6.10,0.96,8.45,-6.02,0.96,8.43,-6.08,0.98,8.43,-6.08,0.98,8.49
7,3,185,26.38,1.00,23.99,1.00,15.10,1.00,14.59,1.00,0.00,18.90,125.30,1.00,30.31,0.00,2.49,2.49,-6.67,0.98,9.16,-6.39,0.98,8.88,-6.57,0.98,9.06,-6.27,0.98,8.76
7,4,186,25.21,1.00,24.25,1.00,20.80,1.00,14.55,1.00,0.00,18.85,104.93,1.00,25.61,0.00,2.43,2.44,-5.51,0.98,7.94,-5.50,0.98,7.94,-5.67,0.98,8.11,-5.64,0.98,8.08
7,5,187,27.34,1.00,23.64,1.00,17.46,1.00,14.71,1.00,0.00,18.80,152.06,1.00,32.82,0.00,2.50,2.45,-7.62,0.98,10.12,-7.59,0.98,10.03,-7.61,0.98,10.11,-7.56,0.98,10.01
7,6,188,24.61,1.00,23.69,1.00,9.29,1.00,15.01,1.00,0.00,18.76,128.45,1.00,29.21,0.00,2.96,2.99,-8.29,0.96,11.24,-7.55,0.96,10.53,-8.08,0.98,11.04,-7.56,0.98,10.55
7,7,189,25.34,1.00,27.34,1.00,26.47,1.00,15.38,1.00,0.00,18.70,94.17,1.00,28.96,0.00,3.47,3.39,-4.78,0.98,8.25,-4.89,0.98,8.28,-4.73,0.98,8.21,-4.73,0.98,8.12
7,8,190,24.65,1.00,25.58,1.00,22.01,1.00,15.66,1.00,0.00,18.66,88.85,1.00,24.99,0.00,3.84,3.81,-5.97,0.98,9.81,-5.97,0.98,9.78,-5.97,0.98,9.81,-5.98,0.98,9.79
7,9,191,26.60,1.00,22.46,1.00,16.84,1.00,15.14,1.00,0.00,18.63,133.45,1.00,26.76,0.00,3.03,3.08,-7.20,0.94,10.24,-7.07,0.88,10.15,-7.28,0.98,10.32,-7.04,0.98,10.12
7,10,192,26.39,1.00,22.05,1.00,13.65,1.00,14.94,1.00,0.00,18.58,112.34,1.00,27.48,0.00,2.25,2.18,-6.89,0.96,9.14,-6.57,0.92,8.75,-6.96,0.98,9.21,-6.42,0.98,8.60
7,11,193,25.27,1.00,22.21,1.00,14.22,1.00,14.95,1.00,0.00,18.53,106.00,1.00,25.40,0.00,2.08,2.03,-7.50,0.94,9.58,-7.31,0.88,9.35,-6.43,0.98,8.51,-6.06,0.98,8.09
7,12,194,24.57,1.00,23.03,1.00,14.40,1.00,15.06,1.00,0.00,18.48,102.31,1.00,28.18,0.00,2.24,2.28,-6.47,0.83,8.71,-6.42,0.83,8.71,-6.01,0.98,8.25,-5.55,0.98,7.83
7,13,195,24.49,1.00,26.47,1.00,23.86,1.00,15.57,1.00,0.00,18.41,101.35,1.00,30.18,0.00,2.58,2.69,-5.02,0.88,7.61,-5.15,0.88,7.84,-4.32,0.98,6.90,-4.16,0.98,6.84
7,14,196,23.33,1.00,25.74,1.00,20.20,1.00,16.16,1.00,0.00,18.36,99.21,1.00,31.38,0.00,2.64,2.87,-5.66,0.73,8.30,-5.59,0.73,8.46,-4.47,0.98,7.12,-4.20,0.98,7.07
7,15,197,25.72,1.00,19.51,1.00,13.00,1.00,15.30,1.00,0.00,18.37,102.44,1.00,29.71,0.00,2.29,2.68,-6.25,0.48,8.54,-6.11,0.40,8.79,-6.29,0.98,8.58,-6.13,0.98,8.81
7,16,198,26.18,1.00,17.27,1.00,9.12,1.00,14.35,1.00,0.00,18.33,79.96,1.00,25.37,0.31,2.21,2.72,-7.05,0.29,9.25,-6.76,0.15,9.47,-7.38,0.98,9.59,-7.47,0.98,10.19
7,17,199,24.95,1.00,20.33,1.00,14.08,1.00,14.35,1.00,0.00,18.25,124.04,1.00,26.36,0.90,2.54,3.14,-5.50,0.44,8.05,-5.22,0.27,8.36,-5.84,0.98,8.39,-5.70,0.98,8.84
7,18,200,22.89,1.00,22.43,1.00,17.39,1.00,14.73,1.00,0.00,18.18,106.59,1.00,23.04,0.98,2.82,3.50,-4.52,0.06,7.34,-4.40,0.02,7.90,-4.84,0.98,7.65,-4.69,0.98,8.20
7,19,201,20.55,1.00,21.20,1.00,9.58,1.00,14.82,1.00,0.00,18.16,88.56,1.00,21.18,0.98,2.81,3.61,-5.35,0.46,8.16,-5.29,0.44,8.89,-5.93,0.98,8.74,-5.54,0.98,9.14
7,20,202,15.76,1.00,21.87,1.00,11.28,1.00,14.77,1.00,0.00,18.13,56.67,1.00,18.06,0.98,2.97,3.87,-4.49,0.71,7.46,-4.25,0.60,8.12,-4.82,0.98,7.80,-4.34,0.98,8.22
7,21,203,23.63,1.00,25.27,1.00,23.48,1.00,15.20,1.00,0.00,18.06,104.70,1.00,25.37,0.98,3.40,4.40,-4.35,0.19,7.75,-4.24,0.17,8.64,-3.66,0.98,7.06,-3.78,0.98,8.18
7,22,204,20.74,1.00,21.16,1.00,12.29,1.00,15.31,1.00,0.00,18.05,122.52,1.00,21.80,0.98,3.11,4.21,-3.97,0.65,7.08,-3.79,0.63,8.00,-4.79,0.98,7.90,-4.51,0.98,8.71
7,23,205,20.40,1.00,15.29,1.00,5.81,1.00,13.84,1.00,0.00,18.09,107.74,1.00,20.25,1.00,2.62,3.79,-5.02,0.98,7.64,-4.94,0.98,8.73,-5.04,0.98,7.66,-5.08,0.98,8.87
7,24,206,17.25,1.00,16.01,1.00,5.80,1.00,13.07,1.00,0.00,18.03,86.21,1.00,18.07,1.00,1.77,2.47,-5.75,0.98,7.52,-5.63,0.98,8.10,-5.90,0.98,7.67,-5.87,0.98,8.34
7,25,207,23.95,1.00,18.94,1.00,10.16,1.00,13.30,1.00,0.00,17.94,156.76,1.00,24.08,0.98,1.43,1.59,-6.40,0.98,7.83,-6.30,0.98,7.89,-6.40,0.98,7.83,-6.31,0.98,7.90
7,26,208,23.55,1.00,21.72,1.00,14.44,1.00,13.95,1.00,0.00,17.89,114.73,1.00,26.56,0.98,1.70,1.77,-3.98,0.98,5.68,-3.86,0.98,5.63,-3.86,0.98,5.56,-3.85,0.98,5.62
7,27,209,19.22,1.00,21.65,1.00,9.17,1.00,14.38,1.00,0.00,17.87,98.96,1.00,19.87,0.98,1.75,1.80,-4.86,0.98,6.61,-4.82,0.98,6.62,-4.74,0.98,6.50,-4.67,0.98,6.47
7,28,210,19.50,1.00,20.17,1.00,6.58,1.00,14.27,1.00,0.00,17.86,76.41,1.00,19.99,0.98,2.11,2.12,-4.08,0.98,6.19,-4.12,0.98,6.24,-4.24,0.98,6.35,-4.08,0.98,6.19
7,29,211,23.20,1.00,21.54,1.00,11.91,1.00,14.36,1.00,0.00,17.82,116.03,1.00,24.55,0.98,2.13,2.32,-3.80,0.98,5.93,-3.73,0.98,6.05,-3.86,0.98,5.99,-3.78,0.98,6.10
7,30,212,21.08,1.00,22.48,1.00,14.17,1.00,14.60,1.00,0.00,17.78,102.05,1.00,22.82,0.81,2.18,2.36,-3.54,0.98,5.72,-3.33,0.98,5.68,-3.52,0.98,5.69,-3.33,0.98,5.68
7,31,213,23.09,1.00,22.88,1.00,17.36,1.00,14.64,1.00,0.00,17.75,121.80,1.00,23.42,0.71,2.19,2.36,-3.67,0.98,5.86,-3.55,0.98,5.91,-3.55,0.98,5.75,-3.46,0.98,5.82
8,1,214,21.62,1.00,23.87,1.00,18.47,1.00,14.95,1.00,0.00,17.71,113.99,1.00,20.58,0.19,2.25,2.39,-3.28,0.98,5.53,-3.11,0.98,5.51,-3.08,0.98,5.33,-2.84,0.98,5.24
8,2,215,16.70,1.00,23.81,1.00,13.92,1.00,15.16,1.00,0.00,17.68,85.01,1.00,18.24,0.00,2.23,2.37,-3.06,0.98,5.29,-3.02,0.98,5.40,-2.62,0.98,4.85,-2.54,0.98,4.91
8,3,216,21.26,1.00,24.03,1.00,16.47,1.00,15.28,1.00,0.00,17.66,112.63,1.00,20.81,0.00,2.23,2.37,-3.36,0.81,5.59,-3.21,0.98,5.58,-2.50,0.98,4.73,-2.68,0.98,5.05
8,4,217,21.77,1.00,25.42,1.00,19.82,1.00,15.62,1.00,0.00,17.62,151.04,1.00,19.23,0.00,2.31,2.42,-3.20,0.60,5.51,-2.89,0.92,5.31,-1.95,0.98,4.25,-2.29,0.98,4.71
8,5,218,21.21,1.00,25.68,1.00,22.38,1.00,15.87,1.00,0.00,17.59,136.33,1.00,18.92,0.00,2.31,2.41,-3.13,0.79,5.44,-2.54,0.56,4.95,-1.31,0.98,3.62,-1.87,0.98,4.28
8,6,219,13.95,1.00,25.59,1.00,18.07,1.00,16.01,1.00,0.00,17.57,55.46,1.00,18.25,0.00,2.30,2.39,-2.42,0.46,4.71,-2.19,0.42,4.58,-1.69,0.98,3.98,-1.62,0.98,4.01
8,7,220,20.49,1.00,25.86,1.00,18.55,1.00,16.23,1.00,0.00,17.54,133.14,1.00,19.12,0.00,2.30,2.38,-2.74,0.33,5.04,-2.56,0.33,4.95,-1.78,0.98,4.08,-1.93,0.98,4.31
8,8,221,19.80,1.00,27.30,1.00,25.36,1.00,16.52,1.00,0.00,17.50,118.55,1.00,23.10,0.00,2.38,2.44,-2.64,0.21,5.02,-2.45,0.21,4.88,-0.57,0.98,2.95,-1.31,0.98,3.75
8,9,222,20.20,1.00,24.93,1.00,20.04,1.00,16.51,1.00,0.00,17.49,162.83,1.00,22.69,0.00,2.22,2.30,-3.77,0.00,5.99,-3.63,0.00,5.93,-0.98,0.98,3.20,-1.74,0.98,4.04
8,10,223,21.67,1.00,19.91,1.00,6.96,1.00,15.74,1.00,0.00,17.50,132.10,1.00,24.50,0.00,1.89,2.04,-4.13,0.00,6.03,-4.20,0.00,6.24,-3.60,0.98,5.50,-4.06,0.98,6.10
8,11,224,20.86,1.00,20.62,1.00,13.59,1.00,15.09,1.00,0.00,17.46,131.41,1.00,20.02,0.00,1.93,2.05,-3.98,0.00,5.91,-3.97,0.00,6.02,-2.46,0.98,4.38,-3.08,0.98,5.13
8,12,225,20.39,1.00,22.75,1.00,15.70,1.00,15.14,1.00,0.00,17.39,116.34,1.00,18.22,0.00,2.05,2.14,-3.52,0.00,5.57,-3.52,0.00,5.66,-2.29,0.98,4.33,-2.84,0.98,4.98
8,13,226,20.18,1.00,24.49,1.00,18.28,1.00,15.42,1.00,0.00,17.35,133.61,1.00,18.06,0.00,2.14,2.21,-3.15,0.00,5.29,-3.11,0.00,5.32,-1.51,0.98,3.65,-1.93,0.98,4.14
8,14,227,20.40,1.00,27.69,1.00,27.52,1.00,15.98,1.00,0.00,17.30,110.40,1.00,20.70,0.00,2.32,2.34,-3.35,0.00,5.68,-3.52,0.00,5.86,-0.10,0.98,2.42,-0.88,0.98,3.22
8,15,228,19.65,1.00,29.03,1.00,31.12,1.00,16.61,1.00,0.00,17.27,115.33,1.00,17.30,0.00,2.39,2.38,-3.15,0.00,5.54,-3.09,0.00,5.47,0.87,0.98,1.52,-0.46,0.98,2.84
8,16,229,20.77,1.00,20.93,1.00,11.55,1.00,15.99,1.00,0.00,17.32,136.62,1.00,20.99,0.00,1.89,1.99,-3.42,0.00,5.31,-3.45,0.00,5.43,-2.59,0.98,4.49,-2.92,0.98,4.91
8,17,230,20.20,1.00,18.87,1.00,9.07,1.00,14.82,1.00,0.00,17.30,160.87,1.00,22.77,0.00,1.76,1.87,-3.42,0.00,5.18,-3.49,0.00,5.36,-3.02,0.98,4.78,-3.56,0.98,5.43
8,18,231,20.19,1.00,19.88,1.00,9.58,1.00,14.50,1.00,0.00,17.25,135.51,1.00,22.09,0.00,1.81,1.90,-3.48,0.00,5.29,-3.51,0.00,5.41,-2.98,0.98,4.79,-3.40,0.98,5.30
8,19,232,19.38,1.00,21.16,1.00,14.89,1.00,14.38,1.00,0.00,17.20,92.57,1.00,18.17,0.00,1.87,1.95,-3.29,0.00,5.17,-3.23,0.00,5.17,-2.02,0.98,3.89,-2.58,0.98,4.53
8,20,233,19.83,1.00,23.04,1.00,17.35,1.00,14.64,1.00,0.00,17.15,102.58,1.00,16.59,0.00,1.97,2.01,-2.77,0.00,4.74,-2.76,0.00,4.78,-1.83,0.98,3.80,-2.25,0.98,4.26
8,21,234,19.49,1.00,24.02,1.00,20.81,1.00,14.89,1.00,0.00,17.13,108.55,1.00,17.38,0.00,2.02,2.04,-2.13,0.00,4.15,-2.15,0.00,4.19,-1.17,0.98,3.18,-1.76,0.98,3.80
8,22,235,19.84,1.00,24.60,1.00,22.25,1.00,15.06,1.00,0.00,17.10,117.86,1.00,17.73,0.00,2.04,2.05,-2.49,0.00,4.53,-2.55,0.00,4.60,-0.80,0.98,2.84,-1.45,0.98,3.49
8,23,236,19.65,1.00,25.04,1.00,23.78,1.00,15.27,1.00,0.00,17.08,141.32,1.00,16.51,0.00,2.05,2.05,-1.78,0.00,3.83,-1.75,0.00,3.80,-0.99,0.98,3.04,-1.48,0.98,3.53
8,24,237,19.60,1.00,24.55,1.00,20.63,1.00,15.39,1.00,0.00,17.06,130.74,1.00,17.32,0.00,2.01,2.01,-1.98,0.00,3.99,-1.95,0.00,3.96,-0.96,0.98,2.97,-1.54,0.98,3.55
8,25,238,19.92,1.00,22.36,1.00,14.25,1.00,15.21,1.00,0.00,17.07,137.50,1.00,16.78,0.00,1.87,1.90,-2.44,0.00,4.31,-2.41,0.00,4.31,-1.49,0.98,3.36,-1.88,0.98,3.77
8,26,239,15.67,1.00,20.22,1.00,7.08,1.00,14.76,1.00,1.43,17.07,77.87,1.00,21.14,0.00,1.74,1.79,-3.82,0.00,5.56,-3.87,0.00,5.65,-3.51,0.98,5.25,-2.98,0.98,4.76
8,27,240,10.55,1.00,18.80,1.00,3.35,1.00,14.08,1.00,18.79,24.61,31.99,1.00,20.27,0.00,1.65,1.71,-2.27,0.00,3.93,-2.31,0.00,4.02,-1.81,0.98,3.47,-1.52,0.98,3.23
8,28,241,12.66,1.00,18.87,1.00,6.43,1.00,13.54,1.00,0.00,32.43,38.62,1.00,23.94,0.00,1.65,1.69,-3.47,0.00,5.12,-3.49,0.00,5.18,-2.40,0.98,4.04,-3.72,0.98,5.42
8,29,242,11.88,0.77,19.21,1.00,5.51,0.77,13.40,0.77,0.00,26.36,52.83,1.00,20.50,0.00,1.65,1.69,-3.44,0.00,5.10,-3.44,0.00,5.14,-2.49,0.77,4.14,-3.50,0.77,5.19
8,30,243,18.70,0.69,20.36,1.00,9.29,0.69,13.22,0.69,0.00,-9999.00,74.24,1.00,23.61,0.00,1.71,1.73,-4.09,0.00,5.80,-4.09,0.00,5.82,-3.01,0.67,4.72,-3.96,0.67,5.69
8,31,244,18.20,1.00,19.73,1.00,7.95,1.00,13.20,1.00,0.00,20.49,83.92,1.00,29.27,0.00,1.66,1.68,-3.58,0.00,5.24,-3.57,0.00,5.26,-3.09,0.98,4.75,-3.89,0.98,5.57
9,1,245,15.20,1.00,21.00,1.00,5.31,1.00,13.56,1.00,0.00,19.25,76.86,1.00,23.38,0.00,1.72,1.72,-3.60,0.00,5.32,-3.46,0.00,5.18,-3.16,0.98,4.88,-3.76,0.98,5.48
9,2,246,16.12,0.94,21.29,1.00,11.52,0.94,13.54,0.94,0.00,18.66,84.53,1.00,22.06,0.19,1.73,1.71,-3.51,0.19,5.24,-3.53,0.19,5.25,-2.66,0.92,4.38,-3.26,0.92,4.98
9,3,247,12.78,0.96,19.88,1.00,6.03,0.96,13.33,0.96,4.49,19.02,55.58,1.00,26.28,0.29,1.64,1.64,-3.26,0.21,4.90,-3.27,0.21,4.91,-3.06,0.94,4.70,-3.39,0.94,5.03
9,4,248,17.70,0.77,21.91,1.00,14.12,0.77,13.39,0.77,0.00,19.08,98.98,1.00,18.63,0.65,1.74,1.70,-2.54,0.65,4.28,-2.54,0.63,4.24,-3.71,0.75,5.45,-4.28,0.75,5.98
9,5,249,18.84,0.94,24.58,1.00,23.78,0.94,13.39,0.94,0.00,18.41,92.66,1.00,15.94,0.77,1.87,1.79,-2.02,0.79,3.88,-1.98,0.75,3.77,-1.32,0.92,3.18,-2.87,0.92,4.66
9,6,250,17.67,1.00,26.88,1.00,25.32,1.00,14.14,1.00,0.00,18.11,87.54,1.00,17.19,0.92,1.98,1.86,-1.71,0.92,3.69,-1.66,0.92,3.52,-1.32,0.98,3.29,-2.67,0.98,4.53
9,7,251,15.62,1.00,27.45,1.00,26.28,1.00,14.67,1.00,0.00,17.94,69.29,1.00,17.62,0.96,1.99,1.86,-2.05,0.96,4.05,-1.94,0.96,3.80,-1.25,0.98,3.24,-2.20,0.98,4.06
9,8,252,18.38,1.00,26.85,1.00,25.24,1.00,14.94,1.00,0.00,17.83,110.51,1.00,15.80,0.98,1.95,1.82,-1.74,0.98,3.69,-1.70,0.98,3.52,-1.26,0.98,3.21,-1.91,0.98,3.73
9,9,253,19.31,1.00,21.43,1.00,11.98,1.00,14.51,1.00,0.00,17.78,98.14,1.00,19.24,1.00,1.66,1.60,-2.98,0.98,4.63,-2.99,0.98,4.59,-3.54,0.98,5.20,-3.32,0.98,4.92
9,10,254,19.90,0.90,21.84,1.00,20.36,0.90,13.79,0.90,0.00,17.68,79.72,1.00,16.20,0.90,1.37,1.39,-2.56,0.83,3.93,-2.52,0.83,3.91,-2.24,0.88,3.61,-2.21,0.88,3.60
9,11,255,18.83,0.92,24.32,1.00,25.60,0.92,13.84,0.92,0.00,17.56,86.88,1.00,17.34,0.92,1.40,1.40,-2.29,0.85,3.69,-2.12,0.85,3.52,-2.11,0.90,3.51,-1.96,0.90,3.36
9,12,256,17.48,1.00,26.09,1.00,26.54,1.00,14.50,1.00,0.00,17.47,100.99,1.00,17.38,1.00,1.61,1.57,-1.72,0.98,3.33,-1.66,0.98,3.23,-1.75,0.98,3.36,-1.70,0.98,3.27
9,13,257,12.29,1.00,21.28,1.00,10.71,1.00,14.40,1.00,4.49,17.57,34.68,1.00,17.94,1.00,1.47,1.48,-3.21,0.98,4.68,-3.22,0.98,4.70,-3.37,0.98,4.84,-3.35,0.98,4.83
9,14,258,9.68,0.48,15.32,1.00,5.19,0.48,13.28,0.48,40.24,-9999.00,-25.80,1.00,18.96,0.48,1.25,1.31,-2.50,0.42,3.74,-2.47,0.42,3.79,-2.39,0.48,3.63,-3.05,0.48,4.37
9,15,259,15.91,0.67,14.00,1.00,3.59,0.67,12.06,0.67,5.51,-9999.00,36.72,1.00,31.44,0.67,1.41,1.46,-5.88,0.63,7.28,-5.83,0.63,7.29,-5.83,0.65,7.23,-5.84,0.65,7.30
9,16,260,8.38,0.69,13.95,1.00,2.24,0.69,11.69,0.69,5.92,-9999.00,-6.78,1.00,16.99,0.69,1.58,1.61,-2.78,0.63,4.36,-2.73,0.63,4.35,-2.32,0.69,3.90,-2.36,0.69,3.98
9,17,261,13.15,0.65,10.87,1.00,3.55,0.65,10.86,0.65,4.90,-9999.00,20.34,1.00,14.78,0.65,1.45,1.51,-5.89,0.60,7.34,-5.88,0.60,7.39,-5.63,0.65,7.08,-5.83,0.65,7.34
9,18,262,19.76,0.69,12.78,1.00,7.47,0.69,10.26,0.69,0.00,-9999.00,63.44,1.00,29.99,0.69,1.65,1.64,-5.70,0.63,7.35,-5.71,0.63,7.36,-5.88,0.67,7.53,-5.84,0.67,7.48
9,19,263,8.29,0.67,12.88,0.98,3.56,0.67,10.39,0.67,7.97,-9999.00,21.15,0.98,13.19,0.67,1.81,1.65,-5.06,0.60,6.87,-5.08,0.60,6.73,-4.91,0.67,6.73,-4.55,0.67,6.20
9,20,264,9.94,0.50,9.18,0.77,2.60,0.50,9.62,0.50,4.09,-9999.00,3.86,0.77,9.37,0.50,1.61,1.44,-3.83,0.46,5.43,-3.81,0.46,5.25,-3.27,0.50,4.87,-3.39,0.50,4.83
9,21,265,11.55,0.58,8.80,1.00,3.70,0.58,9.29,0.58,0.41,-9999.00,17.46,1.00,11.53,0.58,1.59,1.40,-5.17,0.54,6.76,-5.15,0.54,6.55,-4.92,0.58,6.51,-4.93,0.58,6.33
9,22,266,10.56,0.60,10.41,1.00,3.36,0.60,9.36,0.60,0.20,-9999.00,41.12,1.00,14.22,0.60,1.71,1.47,-4.79,0.56,6.50,-4.75,0.56,6.22,-4.66,0.60,6.37,-4.36,0.60,5.83
9,23,267,9.80,0.50,11.24,1.00,2.55,0.50,9.27,0.50,5.51,-9999.00,38.56,1.00,12.03,0.50,1.76,1.54,-4.31,0.46,6.07,-4.17,0.46,5.71,-4.37,0.50,6.13,-3.93,0.50,5.47
9,24,268,11.21,0.35,12.31,0.79,2.07,0.35,8.95,0.35,22.26,-9999.00,16.58,0.77,13.78,0.33,1.93,1.72,-5.25,0.31,7.19,-4.95,0.31,6.68,-4.37,0.35,6.31,-4.47,0.35,6.19
9,25,269,9.96,0.44,11.17,0.63,1.59,0.44,8.78,0.44,0.41,-9999.00,19.55,0.60,12.97,0.42,2.03,1.86,-4.93,0.40,6.96,-4.85,0.40,6.71,-4.43,0.44,6.45,-4.45,0.44,6.31
9,26,270,12.78,0.63,10.64,1.00,2.14,0.63,8.58,0.63,0.20,-9999.00,41.73,1.00,16.65,0.63,2.24,2.08,-5.85,0.58,8.09,-5.84,0.58,7.92,-5.29,0.63,7.53,-5.26,0.63,7.34
9,27,271,16.66,0.67,10.04,1.00,1.64,0.67,7.94,0.67,2.86,-9999.00,48.90,1.00,15.47,0.67,2.24,2.19,-6.02,0.63,8.26,-6.01,0.63,8.20,-5.40,0.65,7.63,-5.38,0.65,7.57
9,28,272,13.69,0.79,9.43,1.00,1.00,0.79,7.78,0.79,0.00,39.80,45.01,1.00,15.25,0.79,2.04,2.09,-4.24,0.73,6.28,-4.11,0.73,6.20,-4.15,0.77,6.18,-3.92,0.77,6.01
9,29,273,6.09,0.44,10.48,1.00,1.08,0.44,7.81,0.44,0.20,-9999.00,11.17,1.00,9.33,0.44,2.05,2.12,-1.63,0.38,3.68,-1.37,0.38,3.49,-1.83,0.44,3.88,-1.02,0.44,3.14
9,30,274,14.28,0.69,12.79,1.00,4.05,0.69,7.88,0.69,0.20,-9999.00,35.60,1.00,17.89,0.69,2.30,2.37,-5.78,0.65,8.08,-5.71,0.65,8.07,-5.74,0.67,8.04,-5.56,0.67,7.93
10,1,275,15.26,0.79,15.56,1.00,3.23,0.79,8.40,0.79,0.00,33.78,43.72,1.00,14.51,0.79,2.47,2.49,-5.96,0.71,8.43,-6.04,0.71,8.52,-5.56,0.77,8.03,-5.44,0.77,7.93
10,2,276,11.75,0.83,15.84,1.00,1.35,0.83,9.05,0.83,1.23,32.22,19.10,1.00,13.71,0.83,2.37,2.42,-4.90,0.79,7.27,-4.90,0.79,7.31,-4.71,0.83,7.08,-4.74,0.83,7.15
10,3,277,9.34,0.56,14.26,1.00,1.46,0.56,8.95,0.56,0.00,-9999.00,10.92,1.00,10.38,0.56,1.98,1.98,-3.36,0.52,5.34,-3.32,0.52,5.30,-2.94,0.56,4.93,-2.97,0.56,4.95
10,4,278,9.00,0.38,11.44,1.00,1.59,0.38,8.16,0.38,15.93,-9999.00,-43.95,0.90,11.12,0.38,1.63,1.65,-1.89,0.31,3.52,-1.72,0.31,3.37,-0.93,0.38,2.56,-0.98,0.38,2.63
10,5,279,17.54,0.69,8.32,1.00,4.32,0.69,7.10,0.69,0.00,-9999.00,26.62,1.00,13.70,0.60,1.39,1.45,-5.50,0.63,6.89,-5.16,0.63,6.61,-5.60,0.67,6.98,-5.56,0.67,7.01
10,6,280,17.65,0.81,10.50,1.00,2.89,0.81,7.10,0.81,0.00,39.19,73.44,1.00,14.39,0.81,1.50,1.53,-5.96,0.75,7.46,-5.77,0.75,7.30,-5.82,0.79,7.32,-5.73,0.79,7.26
10,7,281,12.57,0.94,12.14,1.00,1.94,0.94,7.47,0.94,0.00,37.02,46.00,1.00,10.41,0.94,1.58,1.59,-4.46,0.88,6.04,-4.43,0.88,6.02,-3.86,0.92,5.44,-3.96,0.92,5.55
10,8,282,13.74,0.79,13.47,1.00,2.09,0.79,7.84,0.79,0.00,34.98,54.46,1.00,10.75,0.79,1.63,1.62,-5.39,0.73,7.02,-5.38,0.73,7.01,-4.86,0.77,6.49,-5.01,0.77,6.64
10,9,283,12.52,0.88,13.56,1.00,2.71,0.88,8.00,0.88,0.00,33.25,31.48,1.00,10.86,0.88,1.57,1.57,-4.18,0.81,5.75,-4.13,0.81,5.70,-3.83,0.85,5.40,-3.86,0.85,5.43
10,10,284,16.75,0.77,13.20,1.00,2.88,0.77,8.06,0.77,0.20,31.63,36.91,1.00,9.89,0.77,1.45,1.46,-4.60,0.71,6.05,-4.59,0.71,6.04,-4.30,0.75,5.75,-4.36,0.75,5.82
10,11,285,15.71,0.96,12.89,1.00,3.13,0.96,8.06,0.96,0.00,30.51,29.94,1.00,9.78,0.96,1.37,1.37,-4.12,0.90,5.49,-4.11,0.90,5.48,-3.72,0.94,5.09,-3.80,0.94,5.17
10,12,286,15.48,1.00,12.71,1.00,4.64,1.00,7.92,1.00,0.00,29.29,32.52,1.00,13.05,1.00,1.30,1.32,-4.99,0.98,6.29,-4.98,0.98,6.31,-4.98,0.98,6.29,-4.98,0.98,6.30
10,13,287,15.53,1.00,13.45,1.00,5.92,1.00,7.86,1.00,0.00,27.95,27.83,1.00,11.86,1.00,1.21,1.24,-4.57,0.98,5.78,-4.52,0.98,5.77,-4.68,0.98,5.89,-4.62,0.98,5.87
10,14,288,14.86,1.00,14.20,1.00,5.31,1.00,8.01,1.00,0.00,26.68,40.79,1.00,11.35,1.00,1.12,1.19,-4.91,0.98,6.03,-4.91,0.98,6.10,-5.15,0.98,6.27,-5.13,0.98,6.32
10,15,289,15.20,1.00,14.84,1.00,4.09,1.00,8.30,1.00,0.00,25.67,38.47,1.00,10.91,1.00,1.14,1.25,-4.21,0.98,5.35,-4.22,0.98,5.48,-4.38,0.98,5.53,-4.26,0.98,5.51
10,16,290,14.49,1.00,18.35,1.00,11.38,1.00,8.79,1.00,0.00,24.64,22.39,1.00,13.03,0.85,1.18,1.21,-5.05,0.92,6.24,-5.01,0.90,6.22,-5.19,0.98,6.37,-4.99,0.98,6.20
10,17,291,10.09,1.00,16.45,1.00,6.86,1.00,9.14,1.00,0.00,23.72,2.73,1.00,2.62,1.00,1.07,1.14,-4.70,0.98,5.77,-4.71,0.98,5.85,-4.64,0.98,5.71,-4.52,0.98,5.66
10,18,292,8.66,0.79,14.91,1.00,3.56,0.79,9.09,0.79,0.00,23.04,23.32,1.00,6.93,0.79,1.09,1.14,-3.53,0.73,4.62,-3.55,0.73,4.69,-3.42,0.79,4.51,-3.32,0.79,4.46
10,19,293,11.18,0.67,14.03,1.00,1.78,0.67,8.92,0.67,0.00,-9999.00,38.17,1.00,6.56,0.67,1.14,1.16,-5.03,0.60,6.17,-5.10,0.60,6.26,-4.88,0.65,6.02,-4.81,0.65,5.97
10,20,294,14.74,0.77,14.58,1.00,1.90,0.77,8.82,0.77,0.00,22.19,49.24,1.00,8.31,0.77,1.25,1.23,-5.48,0.71,6.73,-5.59,0.71,6.82,-4.94,0.75,6.19,-4.93,0.75,6.15
10,21,295,11.41,1.00,14.36,1.00,1.72,1.00,8.85,1.00,0.00,21.85,35.04,1.00,8.24,1.00,1.33,1.27,-4.33,0.92,5.65,-4.37,0.92,5.64,-3.81,0.98,5.13,-3.77,0.98,5.04
10,22,296,10.44,0.81,15.05,1.00,2.78,0.81,8.85,0.81,0.00,21.38,33.72,1.00,8.92,0.81,1.45,1.34,-4.10,0.75,5.55,-4.03,0.75,5.37,-3.75,0.79,5.20,-3.73,0.79,5.08
10,23,297,8.31,0.67,14.78,1.00,2.18,0.67,8.83,0.67,0.00,-9999.00,23.25,1.00,5.94,0.67,1.52,1.38,-3.29,0.60,4.81,-3.44,0.60,4.82,-2.86,0.67,4.38,-3.16,0.67,4.54
10,24,298,11.05,0.69,14.00,1.00,1.07,0.69,8.86,0.69,0.00,-9999.00,40.08,1.00,7.03,0.69,1.56,1.40,-4.88,0.65,6.44,-4.87,0.65,6.27,-4.17,0.67,5.73,-4.29,0.67,5.69
10,25,299,10.16,0.69,12.97,0.88,0.88,0.69,8.74,0.69,0.00,-9999.00,26.58,0.85,11.58,0.67,1.58,1.40,-4.80,0.58,6.38,-4.62,0.58,6.01,-4.10,0.63,5.68,-4.24,0.63,5.64
10,26,300,10.45,0.94,11.82,1.00,0.96,0.94,8.57,0.94,0.20,20.37,32.38,1.00,24.94,0.94,1.66,1.18,-4.67,0.88,6.34,-4.75,0.88,5.93,-4.10,0.92,5.76,-4.40,0.92,5.59
10,27,301,12.45,0.83,12.41,1.00,2.09,0.83,8.43,0.83,0.00,20.16,34.97,1.00,32.12,0.83,1.66,1.51,-5.87,0.77,7.52,-5.65,0.77,7.16,-5.51,0.81,7.16,-5.45,0.81,6.96
10,28,302,10.69,0.92,15.26,1.00,4.79,0.92,8.58,0.92,1.02,19.82,-11.78,1.00,47.85,0.92,2.31,2.19,-5.08,0.85,7.39,-4.73,0.85,6.92,-4.61,0.90,6.92,-4.30,0.90,6.49
10,29,303,11.14,0.85,16.72,1.00,5.05,0.85,9.11,0.85,0.61,19.52,-26.21,1.00,38.60,0.85,2.60,2.53,-4.24,0.79,6.83,-4.18,0.79,6.70,-3.38,0.83,5.98,-3.54,0.83,6.07
10,30,304,8.10,0.71,15.28,1.00,4.83,0.71,9.18,0.71,3.88,-9999.00,-53.07,1.00,31.11,0.71,2.43,2.43,-3.80,0.65,6.23,-3.73,0.65,6.16,-3.09,0.71,5.52,-3.23,0.71,5.66
10,31,305,11.76,0.67,17.03,1.00,12.56,0.67,9.13,0.67,0.00,-9999.00,-24.68,1.00,50.38,0.67,2.68,2.64,-4.87,0.63,7.55,-4.92,0.63,7.56,-4.71,0.65,7.39,-4.79,0.65,7.43
11,1,306,13.73,0.85,16.44,1.00,8.05,0.85,9.39,0.85,0.00,18.99,32.80,1.00,30.35,0.85,2.62,2.59,-3.98,0.79,6.59,-4.14,0.79,6.73,-3.49,0.83,6.11,-3.56,0.83,6.15
11,2,307,14.34,0.96,16.59,1.00,12.08,0.96,8.91,0.96,0.00,18.87,17.34,1.00,36.60,0.94,2.56,2.53,-3.93,0.90,6.49,-4.24,0.90,6.77,-3.82,0.94,6.38,-4.21,0.94,6.74
11,3,308,8.62,1.00,18.68,1.00,12.11,1.00,9.38,1.00,0.00,18.71,-0.32,1.00,30.92,1.00,2.43,2.36,-3.17,0.98,5.60,-3.07,0.98,5.43,-3.49,0.98,5.92,-3.20,0.98,5.56
11,4,309,4.70,0.71,19.82,1.00,10.17,0.71,9.88,0.71,0.00,-9999.00,-27.24,1.00,24.03,0.69,2.49,2.35,-0.55,0.69,3.04,-0.62,0.69,2.97,-0.61,0.71,3.09,-0.99,0.71,3.34
11,5,310,10.61,0.67,17.44,1.00,8.65,0.67,9.86,0.67,3.88,-9999.00,-21.57,1.00,38.57,0.67,2.43,2.32,-3.82,0.63,6.25,-3.91,0.63,6.23,-2.92,0.65,5.34,-3.06,0.65,5.38
11,6,311,7.20,0.63,13.53,1.00,3.80,0.63,9.59,0.63,2.45,-9999.00,-11.08,1.00,30.63,0.63,2.18,2.12,-3.66,0.56,5.85,-3.87,0.56,5.99,-3.19,0.63,5.37,-3.47,0.63,5.58
11,7,312,7.03,0.23,10.81,1.00,1.69,0.23,8.54,0.23,2.25,-9999.00,-12.06,1.00,20.45,0.23,2.09,2.03,-3.08,0.19,5.17,-3.48,0.19,5.51,-2.27,0.23,4.36,-2.69,0.23,4.72
11,8,313,13.69,0.67,10.48,1.00,2.05,0.67,7.69,0.67,0.00,-9999.00,42.44,1.00,24.97,0.67,2.15,2.07,-5.10,0.63,7.25,-5.29,0.63,7.36,-4.86,0.65,7.01,-4.92,0.65,6.98
11,9,314,11.53,0.81,10.32,1.00,1.76,0.81,7.46,0.81,0.00,18.44,37.49,1.00,20.26,0.81,2.14,2.06,-4.08,0.73,6.22,-4.18,0.73,6.24,-3.94,0.79,6.08,-4.06,0.79,6.11
11,10,315,9.64,1.00,8.66,1.00,1.08,1.00,7.16,1.00,0.20,18.44,24.34,1.00,17.76,0.98,1.98,1.94,-3.14,0.98,5.12,-3.32,0.98,5.26,-3.46,0.98,5.44,-3.80,0.98,5.75
11,11,316,10.98,1.00,8.57,1.00,1.42,1.00,6.79,1.00,0.00,18.42,38.50,1.00,20.73,0.96,1.97,1.94,-3.99,0.96,5.96,-4.36,0.94,6.29,-4.46,0.96,6.43,-4.91,0.96,6.85
11,12,317,9.68,0.96,8.90,1.00,2.22,0.96,6.58,0.96,0.00,18.37,13.87,1.00,18.72,0.90,2.00,1.96,-3.46,0.90,5.47,-3.88,0.90,5.84,-3.82,0.94,5.82,-4.07,0.94,6.03
11,13,318,6.75,0.52,11.01,1.00,3.00,0.52,6.59,0.52,0.20,-9999.00,-16.71,1.00,18.89,0.46,2.20,2.11,-3.39,0.42,5.59,-3.99,0.38,6.09,-2.29,0.52,4.49,-2.80,0.52,4.90
11,14,319,7.25,0.48,11.25,1.00,2.75,0.48,6.65,0.48,0.00,-9999.00,11.69,1.00,13.84,0.42,2.22,2.12,-2.64,0.27,4.87,-2.93,0.25,5.05,-2.46,0.48,4.69,-2.97,0.48,5.09
11,15,320,8.99,0.00,10.42,1.00,2.27,0.00,6.28,0.00,6.74,-9999.00,-31.76,1.00,20.55,0.00,2.15,2.06,-4.81,0.00,6.96,-5.23,0.00,7.30,-3.22,0.00,5.36,-3.55,0.00,5.62
11,16,321,10.68,0.67,8.01,1.00,2.04,0.67,5.98,0.67,0.00,-9999.00,29.56,1.00,18.47,0.58,1.92,1.90,-4.25,0.23,6.17,-4.61,0.21,6.50,-3.14,0.65,5.06,-3.08,0.65,4.97
11,17,322,7.12,0.17,7.08,0.79,1.19,0.17,5.94,0.17,16.34,-9999.00,-10.67,0.79,16.35,0.10,1.83,1.83,-4.28,0.00,6.12,-4.76,0.00,6.59,-0.94,0.17,2.77,-1.34,0.17,3.17
11,18,323,7.28,0.19,4.90,0.69,1.73,0.19,4.72,0.19,7.76,-9999.00,0.17,0.58,17.00,0.00,1.64,1.68,-3.73,0.00,5.37,-4.12,0.00,5.80,0.06,0.19,1.58,-0.67,0.19,2.35
11,19,324,12.08,0.67,4.78,0.88,3.13,0.67,4.42,0.67,0.00,-9999.00,29.93,0.94,22.73,0.00,1.63,1.67,-5.00,0.00,6.62,-5.37,0.00,7.04,-2.49,0.65,4.12,-2.62,0.65,4.29
11,20,325,7.11,0.63,7.07,0.63,2.32,0.63,4.70,0.63,0.00,-9999.00,1.81,1.00,13.69,0.00,1.84,1.83,-2.67,0.00,4.51,-3.16,0.00,4.99,-0.38,0.63,2.22,-0.90,0.63,2.73
11,21,326,8.20,0.42,7.10,0.42,1.77,0.42,4.94,0.42,4.29,-9999.00,-33.98,0.81,16.91,0.00,1.84,1.83,-3.99,0.00,5.83,-4.76,0.00,6.59,-0.90,0.42,2.73,-1.59,0.42,3.42
11,22,327,7.85,0.00,6.87,0.00,1.74,0.00,4.89,0.00,26.55,-9999.00,-33.54,0.19,20.55,0.00,1.82,1.82,-4.81,0.00,6.63,-5.23,0.00,7.05,-0.35,0.00,2.17,0.54,0.00,1.27
11,23,328,5.41,0.00,7.04,0.00,2.04,0.00,4.31,0.00,7.54,-9999.00,-34.08,0.65,20.05,0.00,1.83,1.83,-4.62,0.00,6.45,-5.07,0.00,6.90,0.35,0.00,1.48,1.20,0.00,0.63
11,24,329,5.58,0.25,7.17,0.25,2.31,0.25,4.10,0.25,-9999.00,-9999.00,-67.65,0.52,12.15,0.00,1.84,1.84,-2.80,0.00,4.64,-3.16,0.00,5.00,-2.46,0.00,4.30,-2.49,0.00,4.33
11,25,330,9.53,0.54,8.88,0.54,3.26,0.54,4.38,0.54,7.42,-9999.00,-33.89,0.69,18.60,0.00,-9999.00,-9999.00,-9999.00,-9999.00,-9999.00,-9999.00,-9999.00,-9999.00,-9999.00,-9999.00,-9999.00,-9999.00,-9999.00,-9999.00
11,26,331,7.51,0.52,7.40,0.52,1.78,0.52,4.47,0.52,2.04,-9999.00,-4.28,0.98,13.05,0.00,-9999.00,-9999.00,-9999.00,-9999.00,-9999.00,-9999.00,-9999.00,-9999.00,-9999.00,-9999.00,-9999.00,-9999.00,-9999.00,-9999.00
11,27,332,5.92,0.15,7.40,0.15,2.01,0.15,4.39,0.15,0.41,-9999.00,-35.53,0.10,16.24,0.00,-9999.00,-9999.00,-9999.00,-9999.00,-9999.00,-9999.00,-9999.00,-9999.00,-9999.00,-9999.00,-9999.00,-9999.00,-9999.00,-9999.00
11,28,333,6.06,0.33,9.41,0.33,3.43,0.33,4.36,0.33,57.19,-9999.00,-59.76,0.71,11.66,0.00,-9999.00,-9999.00,-9999.00,-9999.00,-9999.00,-9999.00,-9999.00,-9999.00,-9999.00,-9999.00,-9999.00,-9999.00,-9999.00,-9999.00
11,29,334,5.92,0.21,9.18,0.21,3.90,0.21,4.41,0.21,-9999.00,-9999.00,-46.82,0.54,12.95,0.00,-9999.00,-9999.00,-9999.00,-9999.00,-9999.00,-9999.00,-9999.00,-9999.00,-9999.00,-9999.00,-9999.00,-9999.00,-9999.00,-9999.00
11,30,335,10.66,0.63,9.96,0.67,6.35,0.63,4.37,0.63,0.00,-9999.00,-29.03,0.81,20.48,0.00,-9999.00,-9999.00,-9999.00,-9999.00,-9999.00,-9999.00,-9999.00,-9999.00,-9999.00,-9999.00,-9999.00,-9999.00,-9999.00,-9999.00
12,1,336,9.06,0.67,9.27,1.00,2.43,0.67,4.54,0.67,0.20,-9999.00,-28.68,1.00,17.49,0.00,-9999.00,-9999.00,-9999.00,-9999.00,-9999.00,-9999.00,-9999.00,-9999.00,-9999.00,-9999.00,-9999.00,-9999.00,-9999.00,-9999.00
12,2,337,10.44,0.73,9.24,1.00,6.17,0.73,4.38,0.73,0.00,45.87,-26.21,1.00,20.21,0.00,-9999.00,-9999.00,-9999.00,-9999.00,-9999.00,-9999.00,-9999.00,-9999.00,-9999.00,-9999.00,-9999.00,-9999.00,-9999.00,-9999.00
12,3,338,8.93,0.19,8.55,0.58,5.80,0.19,4.31,0.19,53.72,-9999.00,-5.63,1.00,21.05,0.00,-9999.00,-9999.00,-9999.00,-9999.00,-9999.00,-9999.00,-9999.00,-9999.00,-9999.00,-9999.00,-9999.00,-9999.00,-9999.00,-9999.00
12,4,339,6.22,0.15,8.05,0.40,2.51,0.15,3.89,0.15,29.00,-9999.00,-21.68,0.98,14.98,0.00,-9999.00,-9999.00,-9999.00,-9999.00,-9999.00,-9999.00,-9999.00,-9999.00,-9999.00,-9999.00,-9999.00,-9999.00,-9999.00,-9999.00
12,5,340,9.14,0.54,8.12,0.96,2.47,0.54,3.80,0.54,0.61,-9999.00,-20.23,0.63,17.83,0.00,-9999.00,-9999.00,-9999.00,-9999.00,-9999.00,-9999.00,-9999.00,-9999.00,-9999.00,-9999.00,-9999.00,-9999.00,-9999.00,-9999.00
12,6,341,7.64,0.00,6.93,1.00,1.89,0.00,3.59,0.00,2.66,-9999.00,-49.21,1.00,20.55,0.00,-9999.00,-9999.00,-9999.00,-9999.00,-9999.00,-9999.00,-9999.00,-9999.00,-9999.00,-9999.00,-9999.00,-9999.00,-9999.00,-9999.00
12,7,342,6.29,0.42,4.96,1.00,1.49,0.42,3.11,0.42,0.82,-9999.00,-35.70,1.00,11.55,0.00,-9999.00,-9999.00,-9999.00,-9999.00,-9999.00,-9999.00,-9999.00,-9999.00,-9999.00,-9999.00,-9999.00,-9999.00,-9999.00,-9999.00
12,8,343,10.49,0.67,1.94,1.00,2.25,0.67,2.70,0.67,0.00,-9999.00,-2.12,1.00,19.29,0.00,-9999.00,-9999.00,-9999.00,-9999.00,-9999.00,-9999.00,-9999.00,-9999.00,-9999.00,-9999.00,-9999.00,-9999.00,-9999.00,-9999.00
12,9,344,10.24,0.73,1.94,1.00,2.17,0.73,2.31,0.73,0.00,46.78,33.99,1.00,23.39,0.00,-9999.00,-9999.00,-9999.00,-9999.00,-9999.00,-9999.00,-9999.00,-9999.00,-9999.00,-9999.00,-9999.00,-9999.00,-9999.00,-9999.00
12,10,345,7.10,0.27,6.26,1.00,1.77,0.27,2.45,0.27,21.45,-9999.00,-45.76,1.00,18.60,0.00,-9999.00,-9999.00,-9999.00,-9999.00,-9999.00,-9999.00,-9999.00,-9999.00,-9999.00,-9999.00,-9999.00,-9999.00,-9999.00,-9999.00
12,11,346,4.45,0.21,9.43,1.00,1.25,0.21,2.74,0.21,29.82,-9999.00,-104.49,0.88,10.82,0.00,-9999.00,-9999.00,-9999.00,-9999.00,-9999.00,-9999.00,-9999.00,-9999.00,-9999.00,-9999.00,-9999.00,-9999.00,-9999.00,-9999.00
12,12,347,4.85,0.25,4.15,0.96,1.25,0.25,2.65,0.25,40.24,-9999.00,-15.51,0.85,10.79,0.00,-9999.00,-9999.00,-9999.00,-9999.00,-9999.00,-9999.00,-9999.00,-9999.00,-9999.00,-9999.00,-9999.00,-9999.00,-9999.00,-9999.00
12,13,348,4.79,0.00,5.08,0.06,1.30,0.00,2.76,0.00,-9999.00,-9999.00,-9.15,0.00,20.55,0.00,-9999.00,-9999.00,-9999.00,-9999.00,-9999.00,-9999.00,-9999.00,-9999.00,-9999.00,-9999.00,-9999.00,-9999.00,-9999.00,-9999.00
12,14,349,4.86,0.00,6.13,0.67,1.38,0.00,2.76,0.00,1.69,-9999.00,-13.89,0.60,20.05,0.00,-9999.00,-9999.00,-9999.00,-9999.00,-9999.00,-9999.00,-9999.00,-9999.00,-9999.00,-9999.00,-9999.00,-9999.00,-9999.00,-9999.00
12,15,350,4.94,0.00,6.07,0.08,1.31,0.00,2.70,0.00,-9999.00,-9999.00,-6.99,0.08,20.25,0.00,-9999.00,-9999.00,-9999.00,-9999.00,-9999.00,-9999.00,-9999.00,-9999.00,-9999.00,-9999.00,-9999.00,-9999.00,-9999.00,-9999.00
12,16,351,5.76,0.00,6.04,0.00,1.50,0.00,2.57,0.00,-9999.00,-9999.00,-18.13,0.00,23.12,0.00,-9999.00,-9999.00,-9999.00,-9999.00,-9999.00,-9999.00,-9999.00,-9999.00,-9999.00,-9999.00,-9999.00,-9999.00,-9999.00,-9999.00
12,17,352,4.61,0.00,6.35,0.00,1.40,0.00,2.80,0.00,-9999.00,-9999.00,-24.93,0.00,20.33,0.00,-9999.00,-9999.00,-9999.00,-9999.00,-9999.00,-9999.00,-9999.00,-9999.00,-9999.00,-9999.00,-9999.00,-9999.00,-9999.00,-9999.00
12,18,353,4.70,0.00,5.75,0.00,1.36,0.00,2.76,0.00,-9999.00,-9999.00,-29.98,0.00,20.85,0.00,-9999.00,-9999.00,-9999.00,-9999.00,-9999.00,-9999.00,-9999.00,-9999.00,-9999.00,-9999.00,-9999.00,-9999.00,-9999.00,-9999.00
12,19,354,4.82,0.00,5.42,0.00,1.34,0.00,2.60,0.00,-9999.00,-9999.00,-6.54,0.00,22.75,0.00,-9999.00,-9999.00,-9999.00,-9999.00,-9999.00,-9999.00,-9999.00,-9999.00,-9999.00,-9999.00,-9999.00,-9999.00,-9999.00,-9999.00
12,20,355,4.56,0.00,6.21,0.00,1.31,0.00,2.76,0.00,-9999.00,-9999.00,-21.46,0.00,20.55,0.00,-9999.00,-9999.00,-9999.00,-9999.00,-9999.00,-9999.00,-9999.00,-9999.00,-9999.00,-9999.00,-9999.00,-9999.00,-9999.00,-9999.00
12,21,356,4.67,0.00,6.57,0.00,1.39,0.00,2.79,0.00,-9999.00,-9999.00,-31.09,0.00,20.05,0.00,-9999.00,-9999.00,-9999.00,-9999.00,-9999.00,-9999.00,-9999.00,-9999.00,-9999.00,-9999.00,-9999.00,-9999.00,-9999.00,-9999.00
12,22,357,4.94,0.00,5.01,0.00,1.31,0.00,2.70,0.00,-9999.00,-9999.00,-3.56,0.00,20.25,0.00,-9999.00,-9999.00,-9999.00,-9999.00,-9999.00,-9999.00,-9999.00,-9999.00,-9999.00,-9999.00,-9999.00,-9999.00,-9999.00,-9999.00
12,23,358,5.76,0.00,6.10,0.00,1.50,0.00,2.57,0.00,-9999.00,-9999.00,-18.13,0.00,23.12,0.00,-9999.00,-9999.00,-9999.00,-9999.00,-9999.00,-9999.00,-9999.00,-9999.00,-9999.00,-9999.00,-9999.00,-9999.00,-9999.00,-9999.00
12,24,359,4.61,0.00,6.35,0.00,1.40,0.00,2.80,0.00,-9999.00,-9999.00,-24.93,0.00,20.33,0.00,-9999.00,-9999.00,-9999.00,-9999.00,-9999.00,-9999.00,-9999.00,-9999.00,-9999.00,-9999.00,-9999.00,-9999.00,-9999.00,-9999.00
12,25,360,4.70,0.00,5.75,0.00,1.36,0.00,2.76,0.00,-9999.00,-9999.00,-29.98,0.00,20.85,0.00,-9999.00,-9999.00,-9999.00,-9999.00,-9999.00,-9999.00,-9999.00,-9999.00,-9999.00,-9999.00,-9999.00,-9999.00,-9999.00,-9999.00
12,26,361,4.82,0.00,5.42,0.00,1.34,0.00,2.60,0.00,-9999.00,-9999.00,-6.54,0.00,22.75,0.00,-9999.00,-9999.00,-9999.00,-9999.00,-9999.00,-9999.00,-9999.00,-9999.00,-9999.00,-9999.00,-9999.00,-9999.00,-9999.00,-9999.00
12,27,362,4.56,0.00,6.21,0.00,1.31,0.00,2.76,0.00,-9999.00,-9999.00,-21.46,0.00,20.55,0.00,-9999.00,-9999.00,-9999.00,-9999.00,-9999.00,-9999.00,-9999.00,-9999.00,-9999.00,-9999.00,-9999.00,-9999.00,-9999.00,-9999.00
12,28,363,4.67,0.00,6.57,0.00,1.39,0.00,2.79,0.00,-9999.00,-9999.00,-31.09,0.00,20.05,0.00,-9999.00,-9999.00,-9999.00,-9999.00,-9999.00,-9999.00,-9999.00,-9999.00,-9999.00,-9999.00,-9999.00,-9999.00,-9999.00,-9999.00
12,29,364,4.94,0.00,5.01,0.00,1.31,0.00,2.70,0.00,-9999.00,-9999.00,-3.56,0.00,20.25,0.00,-9999.00,-9999.00,-9999.00,-9999.00,-9999.00,-9999.00,-9999.00,-9999.00,-9999.00,-9999.00,-9999.00,-9999.00,-9999.00,-9999.00
12,30,365,5.76,0.00,6.10,0.00,1.50,0.00,2.57,0.00,-9999.00,-9999.00,-18.13,0.00,23.12,0.00,-9999.00,-9999.00,-9999.00,-9999.00,-9999.00,-9999.00,-9999.00,-9999.00,-9999.00,-9999.00,-9999.00,-9999.00,-9999.00,-9999.00
12,31,366,4.61,0.00,6.35,0.00,1.40,0.00,2.80,0.00,-9999.00,-9999.00,-24.93,0.00,20.33,0.00,-9999.00,-9999.00,-9999.00,-9999.00,-9999.00,-9999.00,-9999.00,-9999.00,-9999.00,-9999.00,-9999.00,-9999.00,-9999.00,-9999.00
